300
400
112 111
292 291
13 12
70 71
211 210
144 143
19 18
295 294
166 165
352 351
116 117
324 323
362 363
3 4
76 77
283 282
61 60
377 376
154 155
118 117
145 144
330 331
59 58
135 134
365 364
193 194
28 29
277 276
105 106
214 215
353 354
97 98
274 275
290 289
27 398
115 116
343 342
328 327
202 203
282 281
67 68
228 229
379 378
81 80
261 260
177 178
108 107
2 1
330 329
271 272
184 183
167 166
165 164
45 44
173 393
203 204
50 51
106 107
150 151
320 319
389 388
391 206
143 142
238 239
54 55
356 355
9 10
34 35
169 170
387 386
26 27
313 312
197 198
32 33
84 83
213 214
248 249
360 359
256 257
288 289
24 25
123 124
346 347
21 20
128 127
45 46
121 122
132 133
333 334
3 2
240 239
265 266
377 378
220 219
158 159
7 6
227 226
195 194
156 157
180 181
267 266
234 233
181 182
333 332
341 340
252 253
397 231
339 340
224 225
114 115
94 93
49 50
63 62
128 129
191 192
69 68
265 264
126 125
357 356
244 245
182 394
161 160
75 76
339 338
153 152
367 366
202 201
336 335
299 298
311 310
303 302
127 126
307 306
205 206
189 188
52 51
369 370
285 284
245 246
172 171
119 120
206 207
182 183
155 156
48 47
14 13
101 100
237 238
242 241
149 148
235 234
173 174
268 267
33 34
211 212
163 162
157 158
179 180
223 222
79 80
86 87
137 136
147 146
358 357
357 399
30 29
278 277
42 43
39 38
16 15
23 24
30 31
35 36
186 187
251 252
38 37
321 322
269 270
196 197
384 383
65 66
236 237
347 348
243 244
218 219
337 336
122 123
96 95
279 280
273 274
209 208
124 125
152 151
296 295
98 99
210 209
72 71
85 86
187 188
7 8
225 226
11 10
62 61
176 177
163 164
129 130
130 131
88 89
139 138
291 290
262 263
27 28
242 243
281 280
247 246
140 139
74 73
46 47
360 361
328 329
395 268
374 375
306 305
84 85
161 162
199 200
104 105
368 369
77 78
75 74
169 168
293 292
217 216
220 221
120 121
258 257
199 198
186 185
223 224
175 176
366 365
216 215
114 113
208 207
264 263
48 49
349 348
113 112
150 149
309 310
341 342
101 102
132 131
325 324
314 313
293 294
36 37
307 308
59 60
355 354
43 44
92 93
320 321
332 331
273 272
9 8
136 135
316 317
254 255
375 376
386 385
96 97
371 372
15 14
184 185
137 138
314 315
309 308
240 241
260 259
322 323
58 57
229 230
148 147
319 318
259 258
103 104
119 118
69 70
236 235
53 52
108 109
351 350
349 350
344 345
90 89
91 90
367 368
110 111
190 191
335 334
4 5
88 396
268 269
271 270
248 247
154 153
174 175
276 275
25 26
16 17
392 66
285 286
361 362
372 373
83 82
66 67
300 301
134 133
100 99
304 305
141 140
40 41
56 57
22 21
56 55
316 315
262 261
286 287
382 383
358 359
249 250
363 364
63 64
205 204
221 222
296 297
390 389
12 11
343 344
230 231
73 72
370 371
379 380
39 40
79 78
337 338
218 217
299 300
91 92
103 102
170 171
31 32
298 297
284 283
64 65
54 53
42 41
232 233
304 303
20 19
385 384
195 196
352 353
256 255
193 192
201 200
81 82
302 301
142 141
325 326
288 287
190 189
388 387
345 346
167 168
6 5
228 227
317 318
160 159
326 327
88 87
400 76
110 109
232 231
311 312
95 94
173 172
382 381
250 251
179 178
18 17
381 380
279 278
22 23
374 373
254 253
212 213
145 146
400
88 87
109 110
85 86
63 61
215 217
270 269
138 137
295 297
277 279
196 195
187 185
164 163
323 321
291 293
386 385
246 245
274 273
249 251
169 170
1 3
257 258
193 191
207 209
350 349
245 247
188 187
139 140
62 61
126 125
324 323
116 115
95 97
36 35
29 27
167 165
183 181
33 35
137 139
5 7
51 52
382 381
103 101
353 351
251 252
228 227
77 75
151 153
13 11
195 193
337 338
190 189
100 99
22 21
154 153
15 16
363 364
237 239
29 31
115 113
113 111
184 183
135 137
374 373
295 296
15 13
6 5
115 117
173 171
351 349
113 114
85 83
298 297
106 105
73 71
319 317
280 279
119 121
185 183
287 289
266 265
239 241
20 19
211 212
201 199
191 192
123 125
311 309
40 39
352 351
375 373
227 229
125 127
250 249
219 220
248 247
21 19
55 53
227 225
299 301
89 90
143 141
143 145
45 43
391 393
380 379
339 337
383 381
66 65
17 19
372 371
377 379
365 367
55 57
237 238
109 111
345 343
271 273
71 69
311 313
299 297
51 53
347 348
37 39
253 254
41 43
203 201
67 65
329 327
141 142
172 171
319 321
26 25
136 135
371 369
263 261
85 87
161 163
222 221
257 255
65 63
143 144
14 13
326 325
60 59
129 127
165 163
213 214
149 151
5 3
301 303
135 133
233 231
9 11
366 365
12 11
124 123
185 186
201 202
355 356
379 381
243 244
243 245
286 285
179 177
49 50
316 315
3 4
7 8
223 224
42 41
256 255
103 105
207 205
205 203
276 275
93 94
139 141
89 87
47 48
268 267
82 81
91 93
131 129
175 176
392 391
223 225
177 175
73 74
223 221
340 339
389 391
91 89
281 282
69 70
155 157
293 295
197 195
321 322
369 370
133 131
71 72
257 259
288 287
198 197
377 375
334 333
373 371
175 173
57 58
363 365
174 173
149 150
117 118
281 283
169 171
182 181
15 17
189 187
315 313
18 17
119 120
31 32
145 146
39 41
179 181
216 215
275 277
337 335
396 395
95 93
155 156
9 7
300 299
349 347
9 10
375 376
303 304
29 30
123 121
130 129
213 215
307 309
347 345
263 265
329 331
302 301
208 207
98 97
253 255
343 341
289 290
251 253
104 103
320 319
27 25
149 147
75 76
346 345
37 38
162 161
325 327
265 267
132 131
400 399
249 247
37 35
84 83
45 46
213 211
34 33
240 239
51 49
2 1
335 336
23 21
359 360
237 235
314 313
96 95
312 311
383 385
287 285
271 269
232 231
97 99
197 199
105 107
159 161
189 191
107 109
377 378
341 342
217 218
384 383
331 333
262 261
353 354
242 241
68 67
259 260
157 158
393 394
358 357
233 235
43 44
83 81
45 47
362 361
151 152
281 279
367 368
55 56
145 147
147 148
128 127
308 307
309 310
344 343
264 263
357 359
101 99
64 63
211 209
112 111
209 210
119 117
133 134
330 329
333 335
323 325
369 367
108 107
387 388
77 78
33 31
230 229
341 339
166 165
27 28
92 91
23 24
200 199
180 179
101 102
357 355
305 307
278 277
355 353
398 397
363 361
203 204
53 54
385 387
219 217
206 205
178 177
57 59
219 221
283 284
121 122
303 305
243 241
389 387
73 75
49 47
67 69
272 271
317 315
79 77
153 155
289 291
194 193
236 235
259 261
389 390
225 226
79 80
269 267
168 167
159 160
167 169
328 327
157 159
318 317
393 395
359 361
293 294
79 81
233 234
59 61
275 273
395 397
332 331
397 399
23 25
291 292
306 305
229 231
285 283
400
120 17
273 149
31 100
91 312
236 46
141 40
295 385
346 262
2 15
109 59
299 319
264 56
286 150
97 274
79 83
45 22
4 170
16 10
7 93
97 237
78 321
54 22
143 54
163 208
198 311
70 30
287 2
179 51
40 285
107 41
203 56
12 119
283 309
5 278
166 378
123 118
112 97
126 353
115 232
304 296
41 212
148 177
48 220
153 134
225 162
50 266
199 393
318 68
136 122
95 130
119 211
259 34
377 173
57 41
243 5
240 45
324 132
27 342
18 202
135 129
48 233
185 387
222 216
24 134
23 191
300 78
9 11
101 53
32 118
23 238
2 27
30 61
386 125
90 117
42 24
121 289
73 45
48 40
368 68
119 292
256 172
91 3
187 323
322 361
369 336
303 64
9 8
158 283
39 60
182 127
337 256
63 391
149 31
62 37
28 128
53 14
83 97
3 10
91 103
113 201
137 125
236 336
225 239
18 25
298 277
339 266
143 175
92 214
75 263
397 62
151 197
314 89
85 46
46 58
210 188
3 12
22 194
13 110
2 106
50 124
113 270
151 80
89 276
122 106
115 335
133 301
82 81
382 303
22 17
388 59
299 139
69 209
65 102
236 257
161 183
245 72
71 59
145 352
350 251
61 144
2 1
242 209
400 355
19 108
52 167
365 305
3 125
2 6
392 71
59 78
97 261
51 19
15 36
5 354
131 35
194 265
5 8
132 329
376 308
366 81
204 157
193 50
87 35
187 53
163 142
260 39
136 196
74 223
126 111
328 38
17 56
4 3
147 23
22 176
364 107
41 24
351 257
116 219
142 59
18 98
10 340
310 297
15 32
188 322
174 39
325 305
38 25
115 50
18 12
238 269
344 90
18 33
341 70
19 21
11 132
124 189
154 235
226 234
84 60
228 130
74 213
34 21
111 166
86 48
154 66
110 277
50 65
20 35
125 362
206 25
291 166
35 88
350 359
37 17
199 156
13 7
17 345
122 205
16 80
343 293
135 280
275 98
150 138
55 165
127 356
44 8
10 17
35 254
82 294
90 56
308 242
2 5
316 38
1 63
55 21
358 367
4 164
379 260
94 22
24 178
40 188
150 192
18 20
11 173
333 39
396 308
69 56
184 77
156 87
66 65
21 383
182 198
327 234
76 46
149 267
26 5
315 172
30 148
398 375
332 225
109 395
152 160
50 40
152 39
38 39
182 331
99 48
131 139
375 362
266 338
214 373
249 82
94 96
30 12
157 7
258 44
60 195
7 23
153 190
18 250
389 346
27 216
152 180
10 28
127 326
45 72
255 108
3 2
72 253
1 92
229 372
125 145
334 19
172 160
105 79
129 67
370 360
349 206
109 293
63 246
159 61
157 221
317 95
54 200
248 53
68 218
19 5
24 81
72 77
27 68
51 138
226 68
78 399
165 185
265 295
63 127
272 302
296 291
114 58
28 207
270 374
290 111
169 27
306 109
30 162
132 357
226 394
355 101
229 26
96 217
244 110
262 2
186 177
91 168
272 140
22 52
1 40
14 24
61 247
163 380
33 89
53 104
36 313
43 23
191 268
117 227
49 43
9 47
281 204
181 22
59 39
381 359
52 161
44 67
2 7
29 11
94 215
284 36
71 307
35 113
158 76
60 74
330 134
28 31
54 155
28 75
390 142
241 218
24 384
95 69
46 30
297 254
34 121
320 18
231 271
188 252
348 93
360 172
79 33
14 3
151 231
86 140
45 64
347 183
11 116
133 1
13 230
260 371
323 358
240 251
165 279
305 18
232 282
146 39
18 111
171 149
288 101
224 190
118 363
400
285 286
276 275
162 163
251 250
332 333
365 364
36 35
90 91
252 251
208 207
38 39
111 110
295 296
103 104
100 101
23 22
67 66
237 236
113 112
82 81
224 223
73 74
140 141
331 330
143 144
176 175
260 393
338 339
112 111
154 155
237 238
367 366
11 12
185 184
178 177
363 362
138 139
180 179
142 143
188 189
209 208
309 310
155 156
67 68
90 89
162 161
225 224
351 350
313 312
61 60
315 316
264 263
19 18
326 325
212 213
195 196
307 306
25 26
297 400
171 170
227 226
39 40
37 36
332 331
42 41
200 199
34 33
345 346
13 12
83 82
282 281
248 384
176 177
85 86
336 335
279 280
392 367
9 8
362 361
144 145
41 40
45 46
121 120
2 387
215 216
246 247
210 209
232 233
335 334
222 375
307 308
196 197
96 95
262 261
126 127
65 64
273 272
326 327
374 225
27 28
242 243
15 16
327 328
275 274
358 357
105 106
184 183
101 102
137 138
69 68
133 132
119 118
189 190
79 78
215 214
20 19
131 132
195 194
182 183
278 277
258 259
3 2
296 297
6 7
343 342
84 83
24 25
340 341
346 347
234 233
93 92
239 240
304 305
87 88
151 152
198 199
141 142
222 223
146 145
221 220
152 153
15 14
369 368
325 324
383 300
352 353
17 377
261 260
93 94
129 130
14 13
192 191
87 86
47 48
123 124
116 115
206 207
289 288
300 301
355 356
140 139
353 354
66 65
117 118
9 10
57 58
53 52
342 341
48 49
164 386
340 339
114 113
280 281
337 338
166 167
32 31
334 333
128 129
186 185
278 279
287 288
42 43
11 10
228 229
97 96
181 182
156 157
270 269
241 240
367 368
70 71
128 127
4 3
391 28
204 203
50 51
287 286
191 190
276 277
28 29
389 204
76 75
232 231
72 71
299 300
265 266
355 354
168 169
263 262
292 291
220 219
257 258
72 73
126 125
98 97
6 5
108 107
57 56
35 399
295 294
305 306
397 200
366 365
69 70
198 390
337 336
360 361
115 114
122 123
324 323
164 163
352 351
360 359
137 136
50 49
394 55
283 284
249 248
35 34
268 269
55 54
297 298
256 257
245 244
158 159
192 193
2 1
247 248
53 54
99 98
20 21
134 133
164 165
149 148
231 381
289 290
291 290
221 222
234 235
44 45
388 64
238 239
371 257
122 121
167 168
26 27
55 56
321 320
301 302
78 77
267 266
205 204
293 294
380 155
256 255
17 16
181 180
147 146
120 119
330 329
198 197
135 136
323 322
116 117
43 44
92 91
22 21
100 99
173 174
385 206
267 268
321 322
171 172
172 173
308 309
303 302
231 230
226 225
174 175
255 254
312 311
201 202
311 310
124 125
299 298
357 356
228 227
314 313
52 51
211 210
62 61
217 216
373 217
84 85
316 317
245 246
319 320
62 63
58 59
178 179
95 94
188 187
103 102
149 150
59 60
4 5
348 347
319 318
213 214
235 236
315 314
31 30
203 202
160 159
109 110
64 63
148 147
363 364
285 284
89 88
271 272
108 109
24 23
211 212
100 372
229 230
170 169
264 265
158 157
344 345
253 252
8 7
76 77
344 343
242 241
150 151
259 260
18 17
37 38
348 349
303 304
193 194
249 250
46 47
74 75
166 165
153 154
376 213
201 200
130 131
253 254
358 359
314 379
218 219
242 398
329 328
80 79
271 270
318 317
81 80
382 45
206 205
33 32
282 283
217 218
180 378
187 186
370 369
293 292
243 244
273 274
134 135
105 104
107 106
295 396
395 82
160 161
29 30
350 349
1
5
1 2
5 2
2 4
3 1
2
1 2
2
1 2
1
2
2 1
3
1 3
2 1
2
2 1
2
1 2
7
7 5
2 1
4 3
5 3
6 5
1 3
3
1 2
3 2
3
1 2
1 3
7
4 2
6 3
5 2
3 1
2 1
7 3
2
1 2
8
4 5
2 1
6 7
3 4
2 3
8 7
5 6
4
4 3
1 2
3 2
6
3 4
6 5
3 2
2 1
4 5
5
2 1
3 4
5 2
3 1
3
1 2
3 1
3
1 2
1 3
3
3 1
1 2
2
2 1
3
2 1
1 3
1
3
2 1
2 3
1
5
3 1
5 4
2 1
1 4
5
3 1
1 2
5 1
1 4
4
2 3
1 2
4 3
2
2 1
5
2 1
4 3
3 5
3 1
5
3 1
5 2
1 2
4 2
3
2 1
1 3
4
4 2
3 1
2 1
4
3 1
4 2
1 2
3
1 3
2 1
3
1 3
2 1
3
3 1
2 1
1
1
5
3 4
5 4
2 3
1 2
3
2 1
3 1
3
3 1
1 2
1
5
3 4
2 1
4 5
3 2
3
2 1
3 1
5
2 1
2 5
4 3
3 2
3
2 1
3 1
3
3 1
1 2
2
2 1
2
2 1
3
1 2
3 2
1
2
2 1
3
1 3
2 1
7
2 1
6 1
3 1
1 4
7 1
5 1
3
3 1
1 2
3
2 1
1 3
2
2 1
3
1 3
2 1
1
1
5
1 2
5 4
1 3
1 4
6
5 2
2 4
3 6
2 1
1 3
3
1 3
1 2
5
1 3
2 5
1 2
2 4
4
4 2
1 2
3 1
3
3 2
1 2
4
1 3
4 2
2 1
3
3 1
1 2
6
2 1
1 3
2 5
3 6
4 2
2
2 1
3
1 2
3 2
4
1 3
2 4
1 2
8
1 3
2 4
2 5
3 6
1 2
8 4
3 7
2
1 2
6
1 2
6 3
3 1
5 2
4 2
5
5 4
4 3
2 1
3 2
2
1 2
3
2 1
3 2
5
4 5
2 3
2 1
3 4
2
2 1
2
1 2
3
1 2
1 3
5
2 4
5 4
1 2
3 1
4
4 1
2 1
1 3
3
3 1
2 1
4
4 3
2 1
3 1
4
2 3
4 2
2 1
10
1 3
6 3
5 10
4 9
3 7
2 1
5 2
4 8
4 2
3
3 1
2 1
2
1 2
2
1 2
2
2 1
2
2 1
2
1 2
5
3 5
3 1
2 1
3 4
2
2 1
2
1 2
5
3 4
3 1
3 5
2 1
4
4 1
3 1
2 1
1
3
1 3
1 2
4
4 2
2 3
2 1
3
1 3
1 2
3
1 3
1 2
3
3 1
2 1
4
1 2
4 3
1 3
2
1 2
1
2
1 2
3
1 2
3 1
3
1 3
1 2
3
1 3
1 2
3
1 3
2 1
6
1 2
3 5
1 3
3 4
5 6
6
3 1
5 3
2 4
2 1
6 2
7
7 5
3 5
1 3
1 2
5 6
3 4
5
2 1
3 4
5 3
3 1
3
2 3
1 2
5
3 1
2 1
5 3
3 4
4
4 1
3 1
1 2
2
1 2
5
1 3
2 5
4 2
1 2
4
3 1
2 1
1 4
4
2 3
2 4
2 1
4
1 3
4 1
2 1
1
4
4 3
2 1
3 1
2
1 2
3
1 2
1 3
3
1 2
3 1
3
2 1
3 1
2
1 2
3
3 1
1 2
2
2 1
1
5
1 3
1 2
4 1
1 5
6
6 5
3 5
2 1
4 3
3 1
4
4 3
1 2
3 2
4
2 3
2 1
3 4
3
1 2
1 3
5
5 2
1 3
4 2
1 2
2
1 2
3
3 2
2 1
3
1 2
3 2
5
1 2
1 4
1 3
1 5
5
1 3
5 2
4 2
2 1
2
1 2
2
2 1
3
1 2
1 3
7
1 3
2 5
6 3
2 1
4 2
3 7
1
7
2 1
1 6
1 3
5 1
1 7
4 1
3
1 3
2 1
3
1 3
1 2
2
2 1
3
1 2
2 3
4
2 1
2 3
4 3
3
1 2
1 3
2
1 2
3
2 3
1 2
3
2 1
3 1
3
1 2
3 2
3
1 2
1 3
2
2 1
2
1 2
3
2 1
3 2
4
1 3
1 2
1 4
4
3 1
1 4
2 1
4
2 1
3 4
2 3
3
3 1
2 1
4
1 2
3 4
3 1
6
3 1
1 5
2 1
6 1
1 4
3
2 1
1 3
4
3 1
1 2
4 1
4
3 4
3 1
2 1
4
2 1
4 3
2 3
5
3 1
2 1
3 4
5 3
3
1 2
1 3
4
1 2
4 1
3 1
1
3
2 1
2 3
6
5 6
3 4
1 2
5 4
2 3
3
3 1
1 2
2
2 1
2
1 2
7
6 3
1 2
4 2
3 2
5 4
4 7
5
3 1
5 4
2 1
3 4
3
3 1
2 1
4
2 1
2 3
3 4
5
1 2
3 5
4 3
3 1
1
4
4 1
1 2
1 3
3
2 3
2 1
3
1 3
2 1
3
1 2
3 1
6
4 5
6 5
2 1
3 4
2 3
8
6 1
7 1
1 3
1 5
1 4
8 1
1 2
3
2 1
3 1
1
5
1 2
1 4
1 3
5 1
6
1 4
3 1
1 6
1 2
5 1
5
1 4
1 5
3 1
1 2
7
1 3
2 1
7 1
1 6
4 1
1 5
3
3 1
1 2
3
3 2
2 1
3
1 3
2 1
4
4 3
1 2
3 2
1
3
3 2
1 2
4
2 1
2 3
4 3
1
3
2 1
2 3
2
2 1
5
2 1
2 4
3 1
5 2
2
1 2
4
2 1
3 1
2 4
3
1 3
1 2
4
1 2
3 1
4 1
5
5 2
1 3
2 4
1 2
5
3 4
4 5
3 2
1 2
4
4 1
1 2
1 3
2
1 2
2
2 1
4
1 2
4 3
3 1
5
1 2
3 4
3 2
5 4
4
2 1
1 4
3 1
5
1 3
4 2
1 2
5 2
4
4 1
2 3
2 1
2
2 1
6
1 6
1 2
4 1
1 3
1 5
5
1 4
5 1
1 2
3 1
1
3
1 3
1 2
6
6 5
4 3
5 3
2 1
1 3
3
1 2
1 3
2
1 2
6
2 4
5 3
1 2
3 2
6 4
3
2 1
1 3
1
3
2 3
1 2
1
2
2 1
3
3 1
1 2
3
1 3
1 2
1
1
2
2 1
4
2 1
3 1
2 4
3
1 3
1 2
5
2 1
4 1
3 1
1 5
5
5 4
3 2
2 1
3 4
1
3
3 2
1 2
5
1 2
5 1
1 3
4 1
5
2 3
3 5
1 2
1 4
1
5
1 2
4 3
1 3
5 3
1
3
2 1
3 1
3
1 2
3 1
9
2 5
4 3
5 8
4 7
6 4
2 3
1 2
2 9
3
2 3
1 2
5
2 3
2 1
3 5
4 2
3
2 3
2 1
2
1 2
2
1 2
1
7
3 2
4 3
6 7
5 6
4 5
2 1
1
2
1 2
2
1 2
1
2
2 1
2
2 1
3
3 1
2 1
2
2 1
3
1 2
2 3
3
2 1
1 3
4
1 3
2 4
2 1
3
2 1
3 2
6
3 2
4 5
2 1
5 6
3 4
2
1 2
4
1 2
3 1
4 1
3
3 1
2 1
2
2 1
2
1 2
1
6
3 1
6 5
2 1
4 3
5 3
3
1 3
2 1
7
3 6
2 1
1 3
2 4
2 5
7 3
4
1 2
4 1
3 2
3
2 1
3 1
1200
883 881
1105 1106
991 989
393 395
133 134
1059 1057
597 599
1179 1180
803 804
1156 1155
909 910
215 216
357 355
835 837
415 413
1065 1067
261 263
63 65
705 703
693 695
255 256
169 171
234 233
469 470
746 745
193 191
133 131
209 210
713 711
1081 1082
443 441
217 219
242 241
887 889
1077 1079
795 793
310 309
840 839
1127 1125
1099 1101
661 662
23 21
43 45
435 433
388 387
751 753
59 57
832 831
207 209
1025 1027
483 481
855 856
801 802
381 383
305 306
920 919
1056 1055
1092 1091
537 538
551 553
365 363
627 625
28 27
635 637
803 801
49 47
841 839
1035 1036
811 812
139 140
967 969
213 215
735 733
502 501
449 447
55 56
973 971
1123 1124
335 333
153 151
304 303
509 507
776 775
151 149
816 815
765 763
262 261
1012 1011
117 118
1172 1171
839 837
307 305
1175 1176
977 978
365 367
913 911
9 10
178 177
1042 1041
371 373
1141 1142
409 410
29 27
372 371
194 193
215 217
947 948
249 251
70 69
950 949
749 747
671 673
803 805
399 401
696 695
323 324
993 991
619 621
126 125
511 509
1021 1019
675 677
521 523
1081 1079
340 339
941 943
251 253
801 799
947 949
719 720
1140 1139
495 497
561 562
541 543
629 627
487 485
1134 1133
594 593
501 499
1059 1060
932 931
1157 1158
697 698
48 47
677 679
181 179
729 727
63 61
1125 1126
785 787
629 630
374 373
974 973
1097 1098
1154 1153
13 14
203 201
336 335
774 773
616 615
379 377
643 645
866 865
962 961
1125 1123
221 222
659 661
1135 1137
829 830
928 927
789 790
454 453
524 523
435 437
391 392
894 893
521 519
1003 1004
929 930
672 671
93 94
245 246
38 37
958 957
129 127
317 318
924 923
823 825
831 829
1071 1073
846 845
413 411
988 987
847 849
687 689
653 655
573 574
3 1
287 289
19 21
631 632
933 934
908 907
1121 1122
651 653
89 90
1035 1033
475 473
983 984
143 145
748 747
719 721
931 933
901 903
1117 1119
1084 1083
713 714
78 77
278 277
1153 1151
11 13
519 520
439 441
732 731
833 834
211 209
569 567
898 897
891 893
882 881
64 63
1167 1168
1001 999
462 461
355 356
1138 1137
376 375
201 202
697 699
142 141
267 268
303 301
103 101
459 461
1107 1105
970 969
95 96
737 735
865 863
378 377
451 449
81 79
587 588
198 197
877 878
457 458
1005 1006
163 161
248 247
995 997
727 728
1089 1087
548 547
117 115
171 172
731 729
627 628
827 825
975 973
1087 1088
755 757
237 235
183 184
845 843
509 510
658 657
1020 1019
437 438
1065 1063
1049 1051
199 197
971 972
1184 1183
700 699
180 179
1041 1039
735 736
351 352
223 224
492 491
683 685
1173 1174
709 711
738 737
942 941
315 317
764 763
780 779
1104 1103
669 671
447 445
635 633
823 824
264 263
1018 1017
601 602
788 787
203 204
1069 1070
79 80
547 549
956 955
1051 1052
185 183
669 667
109 107
1023 1025
1110 1109
110 109
327 328
533 534
953 954
205 207
912 911
869 867
875 873
1068 1067
397 398
959 960
5 3
508 507
12 11
1147 1148
130 129
751 749
1015 1013
1190 1189
317 319
617 615
981 979
451 452
914 913
611 612
321 322
1015 1017
768 767
641 639
155 156
639 640
425 423
407 408
663 661
542 541
647 649
211 212
99 101
1100 1099
593 591
1072 1071
575 573
81 83
721 722
35 33
421 419
453 451
761 763
1161 1163
963 964
857 858
1097 1099
826 825
237 239
206 205
691 689
359 360
1137 1139
122 121
136 135
221 223
670 669
855 857
84 83
999 1000
272 271
688 687
289 290
331 332
1141 1139
743 745
15 13
269 271
439 440
884 883
578 577
835 833
577 579
1193 1191
145 147
97 99
250 249
363 364
132 131
922 921
439 437
943 944
739 737
957 955
610 609
50 49
67 68
32 31
274 273
1147 1145
762 761
536 535
553 555
273 275
622 621
105 103
477 478
1107 1108
1085 1087
535 537
794 793
917 915
733 734
155 153
1169 1167
59 60
778 777
649 651
15 16
683 684
1021 1023
1143 1141
281 282
1121 1119
269 267
545 547
831 833
1031 1029
926 925
1159 1160
401 403
695 697
879 877
127 128
55 57
277 279
93 95
41 43
1115 1116
1077 1078
843 841
693 691
667 665
54 53
925 927
567 568
302 301
586 585
615 613
1114 1113
854 853
61 59
311 312
799 797
517 518
139 137
1111 1109
741 739
663 665
67 69
2 1
493 495
236 235
1155 1157
503 501
22 21
527 529
463 461
313 314
173 174
1044 1043
1019 1017
285 283
617 619
807 808
773 771
647 645
829 827
263 265
237 238
849 850
92 91
7 5
1093 1095
379 380
1057 1055
421 423
35 36
503 505
353 355
949 951
169 167
46 45
366 365
1008 1007
123 125
507 505
1085 1083
1199 1197
618 617
660 659
813 815
1145 1146
549 551
819 821
953 955
595 593
370 369
228 227
41 39
466 465
606 605
1049 1050
251 252
657 655
402 401
871 872
170 169
589 587
7 8
455 457
446 445
1037 1038
359 357
643 641
1009 1007
241 239
845 847
334 333
753 755
863 861
199 200
257 259
113 111
240 239
149 150
412 411
609 611
423 424
1047 1049
867 868
987 985
493 491
349 350
1029 1030
253 254
233 231
1181 1183
847 848
775 777
103 104
513 514
159 161
1089 1090
467 465
299 297
1169 1170
475 476
546 545
472 471
5 6
887 888
1055 1053
399 400
581 579
583 584
533 535
269 270
756 755
679 681
225 226
399 397
415 417
597 595
91 89
147 148
482 481
11 9
87 88
71 69
747 745
459 460
817 815
836 835
205 203
589 590
685 687
807 805
933 935
811 809
673 675
281 283
680 679
642 641
1081 1083
613 614
511 512
160 159
943 945
111 109
876 875
497 498
811 813
656 655
1112 1111
157 155
375 373
531 529
469 471
405 403
257 258
841 842
241 243
581 583
1039 1037
247 245
15 17
175 176
1149 1151
971 969
608 607
917 918
692 691
793 791
131 129
1095 1096
273 271
965 963
572 571
951 953
903 904
105 107
167 168
99 100
1095 1097
479 481
77 79
450 449
792 791
885 886
552 551
9 7
275 276
82 81
496 495
725 727
73 75
795 796
341 343
1189 1191
506 505
431 429
217 218
807 809
443 444
772 771
83 85
1101 1102
485 483
30 29
773 775
494 493
569 571
859 861
869 871
1129 1131
419 420
525 526
1033 1031
818 817
713 715
689 690
37 35
1152 1151
196 195
199 201
293 291
397 395
389 391
916 915
1128 1127
1155 1153
23 24
939 937
65 67
659 657
298 297
883 885
998 997
795 797
665 666
994 993
806 805
919 921
1105 1103
162 161
1107 1109
91 93
1064 1063
191 189
361 359
275 277
171 173
693 694
419 417
345 343
1094 1093
725 726
213 211
315 313
563 561
635 636
255 253
348 347
991 992
1198 1197
31 33
459 457
1123 1121
1189 1187
598 597
42 41
325 327
543 545
152 151
717 719
379 381
1003 1001
589 591
1022 1021
484 483
1135 1133
784 783
864 863
571 573
909 911
227 229
905 903
283 284
432 431
565 567
149 147
403 404
230 229
541 539
717 718
905 907
587 585
533 531
345 347
354 353
1045 1046
634 633
1150 1149
145 146
500 499
1080 1079
33 34
157 159
121 119
425 426
1047 1045
333 331
1194 1193
25 27
1173 1171
315 316
952 951
17 18
395 396
107 108
45 47
19 20
51 52
623 625
596 595
357 358
319 321
435 436
931 929
939 940
724 723
985 983
897 899
418 417
1175 1177
97 95
1059 1061
1067 1069
639 637
387 389
73 74
561 559
859 857
1163 1165
946 945
557 558
51 53
489 490
975 977
165 167
870 869
961 963
193 195
338 337
327 329
522 521
231 232
609 607
1147 1149
941 939
192 191
674 673
287 285
186 185
759 761
852 851
777 779
966 965
1058 1057
1023 1024
791 789
1195 1197
702 701
181 182
851 853
351 353
233 235
889 890
320 319
443 445
343 344
575 576
307 309
814 813
851 849
135 133
175 177
428 427
1185 1186
119 120
390 389
281 279
39 40
177 179
891 889
141 143
740 739
565 563
877 875
707 709
280 279
295 297
715 717
757 759
1005 1007
207 208
683 681
515 516
749 750
293 295
1073 1075
1166 1165
367 368
1040 1039
243 245
646 645
1185 1187
557 559
1161 1159
349 351
919 917
299 300
89 87
725 723
1047 1048
703 704
433 431
678 677
1177 1178
915 913
638 637
701 699
544 543
53 55
1035 1037
871 873
827 828
1164 1163
259 261
1091 1089
1130 1129
464 463
1117 1118
249 247
643 644
861 862
3 4
667 668
213 214
605 603
885 887
1026 1025
62 61
929 927
65 66
577 575
1177 1179
429 430
497 499
219 220
1054 1053
711 712
633 631
467 469
995 996
406 405
759 760
265 266
173 175
1159 1157
114 113
164 163
413 414
1185 1183
1009 1011
309 311
87 85
938 937
113 115
323 325
707 708
29 31
570 569
1011 1013
1167 1165
1015 1016
288 287
190 189
785 786
303 305
1062 1061
789 787
1113 1115
330 329
766 765
853 855
485 486
599 601
405 407
409 407
387 385
515 517
375 377
58 57
1014 1013
448 447
539 537
342 341
629 631
1162 1161
769 767
603 604
166 165
49 51
621 623
393 394
475 477
511 513
479 480
17 19
139 141
1063 1061
474 473
559 560
311 313
1010 1009
285 286
730 729
1045 1043
765 767
751 752
899 901
945 947
981 982
995 993
873 874
937 935
1131 1133
197 195
528 527
44 43
1195 1196
809 810
651 652
987 989
291 292
879 881
341 339
1143 1144
409 411
1181 1179
1069 1071
959 961
158 157
859 860
817 819
503 504
531 532
582 581
716 715
758 757
902 901
515 513
479 477
1115 1117
187 189
1113 1111
744 743
347 349
591 592
491 489
554 553
1193 1195
519 517
331 329
362 361
895 893
39 37
899 900
1119 1120
295 296
723 721
879 880
675 676
623 624
838 837
741 742
117 119
244 243
935 936
346 345
1033 1034
1103 1101
415 416
75 77
707 705
975 976
986 985
896 895
905 906
425 427
369 371
442 441
769 771
682 681
865 867
386 385
977 979
923 925
607 605
843 844
123 124
468 467
422 421
1003 1005
138 137
1181 1182
367 369
523 525
434 433
653 654
291 289
555 557
121 123
981 983
23 25
550 549
255 257
1175 1173
685 686
260 259
580 579
529 530
85 86
525 527
187 185
566 565
72 71
583 585
785 783
1028 1027
647 648
154 153
895 897
488 487
613 611
102 101
823 821
455 453
183 181
999 997
1091 1093
294 293
384 383
115 116
473 471
1129 1127
188 187
820 819
1131 1132
1073 1074
125 127
143 144
1075 1076
73 71
979 980
1001 1002
487 489
923 921
957 959
556 555
381 382
335 337
325 326
223 225
891 892
26 25
907 909
600 599
709 710
339 337
1135 1136
753 754
463 465
106 105
163 165
743 741
779 781
427 429
308 307
782 781
965 967
1192 1191
1086 1085
1041 1043
321 323
703 701
967 968
731 733
539 540
135 137
1077 1075
664 663
1171 1169
822 821
1053 1051
1029 1027
75 76
227 225
1199 1200
267 265
798 797
1032 1031
770 769
221 219
361 363
97 98
706 705
990 989
229 231
563 564
391 393
619 620
385 383
783 781
299 301
455 456
601 603
1145 1143
111 112
625 626
1188 1187
649 650
1066 1065
799 800
1200
296 297
75 76
141 140
863 864
413 412
711 710
395 396
522 521
1144 1145
835 836
1132 1133
399 398
1148 1147
43 42
518 519
394 393
389 388
643 644
803 802
64 63
1112 1113
1059 1058
765 764
172 171
663 662
340 339
1064 1063
883 882
1198 944
94 93
888 887
616 615
862 863
569 568
113 114
702 703
268 267
1002 1003
399 400
266 267
505 504
480 479
406 405
83 82
391 390
368 369
897 896
1184 752
421 420
317 316
738 739
385 384
932 933
318 317
706 705
1 2
516 515
410 409
168 169
708 707
1074 1073
496 497
1048 1047
682 683
134 133
949 948
1089 1088
327 326
833 834
1124 1125
1144 1143
573 574
978 1199
639 638
477 478
368 367
1191 1023
161 160
576 577
961 960
447 446
1035 1036
874 873
1175 810
425 426
52 51
670 1192
714 715
1011 1012
127 126
894 895
908 909
783 784
939 938
481 482
147 148
1078 1077
194 195
1063 1062
43 44
676 677
403 402
900 899
675 676
1117 1116
1166 1167
546 547
832 833
841 842
135 136
95 96
22 21
929 928
943 944
1155 1156
861 862
187 186
958 957
1071 1070
37 38
108 107
1045 1044
749 748
672 673
276 275
195 196
320 321
975 974
582 583
635 636
292 293
11 10
570 571
1109 1110
288 289
774 775
1007 1006
341 340
1038 1037
730 729
820 821
764 763
189 1173
149 150
74 75
1182 118
311 310
13 14
885 886
99 100
1114 1113
216 217
424 425
488 489
914 915
89 90
405 404
175 174
262 263
365 366
124 125
37 36
286 287
934 933
807 808
325 324
762 763
473 474
505 506
196 197
771 772
1046 1045
586 587
806 807
123 122
902 903
383 384
804 803
158 157
996 995
231 232
1174 419
8 7
640 639
879 878
677 678
659 660
656 655
646 647
655 654
435 434
598 597
817 816
916 917
981 980
1013 1014
46 45
531 532
770 771
1107 1108
473 472
989 988
375 376
1119 1118
855 854
1152 1153
1023 1024
1120 1121
446 445
242 243
40 41
274 275
780 779
978 979
237 236
460 459
486 485
48 49
778 779
751 752
97 96
936 937
838 839
312 311
540 539
61 62
1123 1122
1002 1001
867 866
145 146
547 548
464 465
815 816
954 955
719 720
300 301
165 164
80 79
1088 1087
225 224
268 269
709 708
726 725
976 975
613 614
1032 1031
1040 1039
585 584
917 918
411 412
110 111
351 352
1082 1081
533 534
92 91
254 255
454 453
190 189
151 152
121 122
669 670
206 207
684 683
1162 1161
367 366
447 448
594 593
545 544
909 910
432 431
47 48
866 865
423 422
697 698
878 877
824 823
800 801
561 562
546 545
868 1193
353 352
501 502
943 942
1185 994
868 867
650 649
912 911
733 734
1016 1015
968 969
1015 1014
64 65
264 263
36 35
880 881
679 678
476 477
325 326
618 619
625 624
1126 1125
32 31
544 543
849 848
377 378
204 205
1041 1040
907 906
742 741
78 77
110 109
672 671
427 426
714 713
11 12
142 141
220 219
264 265
152 153
305 304
986 987
483 484
401 402
626 627
922 923
1121 1122
417 416
1115 1114
35 34
967 968
557 556
871 870
609 610
188 189
374 375
242 241
531 530
210 211
55 54
846 845
620 619
163 162
124 123
1068 1067
1186 1045
246 245
1165 1164
234 235
852 853
483 482
791 1178
629 628
548 549
850 851
346 345
651 652
865 864
707 706
566 567
363 364
1025 1026
274 273
888 889
738 737
756 757
345 344
102 101
534 535
832 831
244 243
858 859
1168 1167
3 2
218 219
319 318
1024 1025
728 729
595 594
87 88
421 422
727 726
966 967
466 467
1081 1080
830 829
780 781
38 39
278 279
511 512
348 347
603 602
1075 1074
1143 1142
588 589
149 148
842 843
95 94
950 949
162 161
996 1179
437 436
470 471
154 153
1082 1083
608 609
993 992
1020 1019
936 935
725 724
981 982
69 70
600 601
310 309
617 618
235 236
217 218
1161 1160
180 179
407 406
953 952
278 277
159 158
746 745
692 693
1069 1070
789 790
450 449
955 956
294 295
53 54
730 731
566 565
249 248
350 351
979 980
183 184
746 747
844 845
973 972
608 607
891 892
253 254
673 674
947 948
1009 1008
28 27
429 428
246 247
578 577
171 170
199 200
89 88
1098 1097
623 624
872 873
1000 999
292 291
337 336
376 377
250 249
1108 1109
750 751
876 875
695 696
820 819
557 558
439 440
1106 1105
692 691
1110 1111
1137 1136
341 342
890 889
233 234
28 29
190 191
612 613
280 281
588 587
279 280
1049 1048
874 875
528 529
463 462
286 285
625 626
901 900
346 347
1065 1066
591 590
670 671
666 665
215 216
904 905
260 261
495 496
778 777
786 785
1102 1103
299 298
468 469
128 129
408 407
689 688
226 225
1158 1159
687 688
983 984
18 17
749 750
192 191
133 132
966 965
1076 1075
138 139
494 493
118 119
898 899
1095 1096
372 371
400 401
894 893
947 946
612 611
497 498
701 702
604 603
19 20
140 139
760 761
201 200
312 313
193 194
728 727
522 523
238 239
846 847
1150 1149
97 98
334 335
794 795
836 837
390 389
86 87
953 954
886 887
314 313
1136 1135
904 903
251 252
940 939
792 791
359 358
536 535
414 413
1071 1072
1056 1055
748 747
41 42
481 480
696 1195
369 370
1079 1080
660 661
663 664
792 793
230 229
343 342
529 530
818 819
80 81
154 155
475 476
1151 1152
79 78
1149 1148
441 440
590 589
767 768
969 970
994 993
982 983
39 40
245 244
825 824
1103 1104
1197 1167
1043 1042
1142 1141
1054 1053
999 998
564 563
681 682
1027 1028
575 576
1131 1130
642 641
825 826
380 379
93 92
143 144
381 380
1061 1062
856 855
892 893
1036 1037
361 360
1154 1153
303 302
918 919
1017 1018
387 386
709 710
908 907
568 567
372 373
1129 1130
973 974
853 854
761 762
166 165
81 82
650 651
1146 1147
1021 1020
185 184
789 788
642 643
91 90
841 840
1012 1013
963 964
667 666
71 70
826 827
1073 1072
860 861
506 507
736 735
722 723
897 898
937 938
652 653
852 851
690 691
465 466
58 59
214 213
834 835
526 525
573 572
604 605
715 716
182 183
941 940
142 143
177 176
103 102
357 356
1100 1099
513 514
718 719
1100 1101
111 112
985 986
657 656
44 45
415 416
335 336
269 270
338 337
607 606
227 226
61 60
126 125
71 72
73 74
1196 1002
284 283
302 301
821 822
120 119
104 105
732 731
796 797
179 178
848 847
956 957
485 484
382 381
8 9
22 23
115 114
379 378
976 977
282 283
1039 1038
68 67
997 996
109 108
669 668
632 633
356 355
701 700
631 632
757 758
972 971
176 175
13 12
288 287
559 560
130 129
170 169
198 197
168 167
856 857
137 136
85 84
1091 1092
516 517
1094 1095
304 303
920 919
1126 1127
627 628
1041 1042
1135 1134
491 492
57 56
721 722
1128 1129
978 977
271 270
870 869
428 427
57 58
258 259
291 290
644 645
252 253
315 314
882 1172
868 869
631 630
781 782
570 569
360 359
163 164
988 987
915 916
1027 1026
370 371
549 550
739 740
602 601
17 16
1132 1131
684 685
539 538
31 30
332 331
997 998
1140 1139
101 100
392 393
159 160
414 415
182 181
991 992
177 1188
420 419
932 931
1145 1146
257 258
104 103
1169 1168
744 745
1097 1096
463 464
1093 1092
49 50
1023 1022
134 135
299 300
202 203
1163 1162
3 4
329 330
1057 1058
130 131
635 634
442 443
752 753
113 112
876 877
880 879
24 25
228 227
172 173
50 51
363 362
237 238
945 946
720 721
641 640
930 931
357 358
744 743
646 645
591 592
433 432
1032 1033
1078 1079
759 760
138 137
1034 1033
812 813
257 256
614 615
785 784
349 350
732 733
146 147
1031 1030
323 322
452 451
776 777
653 654
561 560
499 498
593 592
209 210
1180 463
921 922
53 52
1093 1094
166 167
737 736
261 262
934 935
550 551
319 320
1124 1123
649 648
837 838
1085 1086
712 711
662 661
471 472
203 204
293 294
277 276
989 990
510 509
454 455
827 828
211 212
386 385
630 629
925 926
1141 1140
765 766
309 308
883 884
26 25
517 518
334 333
323 324
494 495
456 455
240 239
178 177
448 449
1101 1102
431 430
586 585
755 754
525 524
828 829
1137 1138
348 349
1044 1190
574 575
459 458
439 438
272 271
1189 691
667 668
453 452
1057 1056
1029 1030
333 332
1154 1155
1104 1105
790 791
321 322
128 127
229 228
1176 910
115 116
527 526
698 699
373 374
223 224
398 397
230 231
555 554
1120 1119
443 444
717 718
156 157
461 462
680 681
106 107
1150 1151
32 33
72 73
923 924
951 952
687 686
327 328
695 694
1166 1165
963 962
890 891
1052 1051
553 554
579 578
355 354
60 59
120 121
563 562
542 541
1018 1019
542 543
1069 1068
468 467
536 537
958 959
99 98
5 4
800 799
551 552
315 316
187 188
233 232
490 491
185 186
740 741
700 699
555 556
118 117
365 364
1064 1065
209 208
703 704
474 475
27 26
633 634
581 582
585 1194
1181 463
456 457
56 55
19 18
1159 1160
382 383
637 636
388 387
260 259
1051 1050
1000 1001
1107 1106
1009 1010
1091 1090
565 564
392 391
66 67
857 858
929 930
353 354
925 924
509 508
507 508
1177 1147
339 338
822 823
813 814
1084 1083
787 786
86 85
394 395
693 694
193 192
295 296
881 882
772 773
206 205
181 180
1098 1099
487 486
799 798
796 795
1117 1118
942 941
328 329
478 479
1067 1066
458 457
528 527
712 713
831 830
34 33
247 248
723 724
1076 1077
1158 1157
806 805
1170 1169
1011 1010
755 756
696 697
65 66
1164 1163
596 597
429 430
798 797
770 769
220 221
331 330
793 794
521 520
306 305
1035 1034
801 802
960 959
76 77
783 782
156 155
222 223
47 46
13 1171
444 445
1134 1133
1049 1050
343 344
964 965
809 810
510 511
213 212
307 306
541 540
620 621
221 222
849 850
580 579
1055 1054
500 501
951 950
911 910
489 490
664 665
1053 1052
599 600
15 16
1089 1090
811 810
21 20
6 7
1008 1007
24 23
970 971
860 859
944 945
502 503
769 768
434 433
500 499
450 451
418 417
759 758
787 788
1112 1111
272 273
674 675
984 985
920 921
408 409
581 580
173 174
905 906
437 438
901 902
512 513
116 117
10 9
611 610
281 282
912 913
68 69
927 928
552 553
436 435
308 307
397 396
598 599
572 571
871 872
690 689
1187 71
1043 1044
1017 1016
817 818
753 754
461 460
298 297
1005 1006
255 256
514 515
14 15
814 815
537 538
808 809
520 519
199 198
84 83
524 523
595 596
685 686
284 285
606 605
215 214
1004 1003
1060 1061
106 105
895 896
63 62
914 913
659 658
658 657
442 441
1021 1022
201 202
994 995
424 423
775 776
1183 41
487 488
962 961
208 207
1127 1128
469 470
804 805
1085 1084
621 622
767 766
504 503
774 773
144 145
403 404
926 927
558 559
811 812
617 616
251 250
1119 1200
361 362
734 735
493 492
1046 1047
1086 1087
6 5
1139 1138
717 716
622 623
991 990
742 743
266 265
241 240
151 150
131 132
647 648
679 680
844 843
637 638
289 290
419 418
1156 1157
583 584
1004 1005
533 532
30 29
884 885
1059 1060
411 410
1028 1029
839 840
704 705
1116 1115
