10000 300 600
0 9999 128 23
1 9998 128 34
0 9996 29 128
1 9995 29 20
0 9996 56 128
1 9995 56 79
0 9996 97 128
1 9995 97 270
0 9996 293 128
1 9995 293 273
0 9993 133 56
1 9992 133 60
0 9993 114 97
1 9992 114 41
0 9993 151 97
1 9992 151 227
0 9993 166 56
1 9992 166 90
0 9993 243 29
1 9992 243 136
0 9993 195 56
1 9992 195 110
0 9993 138 29
1 9992 138 12
0 9993 277 56
1 9992 277 186
0 9990 22 166
1 9989 22 183
0 9990 224 166
1 9989 224 185
0 9990 14 277
1 9989 14 157
0 9987 226 224
1 9986 226 130
0 9987 203 22
1 9986 203 117
0 9987 262 22
1 9986 262 267
0 9987 252 14
1 9986 252 120
0 9987 253 224
1 9986 253 70
0 9987 227 22
1 9986 227 210
0 9984 115 253
1 9983 115 76
0 9984 234 203
1 9983 234 118
0 9984 299 262
1 9983 299 132
0 9984 237 226
1 9983 237 238
0 9984 53 226
1 9983 53 276
0 9984 31 253
1 9983 31 216
0 9984 160 227
1 9983 160 203
0 9984 229 252
1 9983 229 221
0 9984 37 252
1 9983 37 266
0 9984 107 253
1 9983 107 9
0 9981 159 237
1 9980 159 205
0 9981 197 115
1 9980 197 258
0 9981 296 37
1 9980 296 1
0 9981 135 107
1 9980 135 187
0 9981 81 107
1 9980 81 149
0 9981 106 107
1 9980 106 282
0 9981 76 53
1 9980 76 225
0 9981 129 160
1 9980 129 133
0 9978 274 76
1 9977 274 161
0 9978 260 129
1 9977 260 272
0 9978 177 129
1 9977 177 145
0 9978 280 81
1 9977 280 262
0 9978 181 197
1 9977 181 174
0 9978 43 106
1 9977 43 221
0 9978 122 197
1 9977 122 90
0 9978 153 106
1 9977 153 299
0 9978 3 76
1 9977 3 46
0 9975 11 122
1 9974 11 79
0 9975 57 122
1 9974 57 171
0 9975 220 280
1 9974 220 193
0 9975 193 177
1 9974 193 212
0 9975 137 274
1 9974 137 263
0 9975 59 3
1 9974 59 296
0 9975 191 181
1 9974 191 79
0 9975 77 280
1 9974 77 123
0 9975 69 177
1 9974 69 258
0 9972 87 220
1 9971 87 114
0 9972 7 220
1 9971 7 24
0 9972 126 11
1 9971 126 274
0 9972 201 137
1 9971 201 142
0 9972 180 137
1 9971 180 204
0 9972 110 57
1 9971 110 126
0 9972 294 69
1 9971 294 21
0 9969 38 126
1 9968 38 296
0 9969 155 180
1 9968 155 247
0 9966 283 155
1 9965 283 146
0 9966 74 155
1 9965 74 296
0 9963 141 74
1 9962 141 111
0 9963 67 283
1 9962 67 137
0 9963 174 283
1 9962 174 203
0 9963 170 283
1 9962 170 20
0 9963 145 74
1 9962 145 191
0 9963 187 283
1 9962 187 270
0 9960 236 145
1 9959 236 201
0 9960 139 187
1 9959 139 287
0 9960 98 174
1 9959 98 30
0 9960 88 145
1 9959 88 87
0 9960 215 187
1 9959 215 152
0 9960 30 174
1 9959 30 225
0 9960 80 141
1 9959 80 126
0 9957 136 215
1 9956 136 71
0 9957 169 139
1 9956 169 291
0 9957 75 80
1 9956 75 208
0 9957 65 80
1 9956 65 272
0 9957 60 30
1 9956 60 66
0 9954 258 169
1 9953 258 76
0 9954 175 169
1 9953 175 234
0 9954 288 75
1 9953 288 115
0 9954 182 60
1 9953 182 209
0 9954 231 169
1 9953 231 195
0 9954 194 75
1 9953 194 104
0 9954 49 60
1 9953 49 99
0 9954 147 75
1 9953 147 182
0 9951 90 175
1 9950 90 18
0 9951 157 194
1 9950 157 29
0 9951 123 258
1 9950 123 242
0 9948 13 157
1 9947 13 169
0 9948 248 123
1 9947 248 266
0 9948 21 157
1 9947 21 91
0 9948 275 157
1 9947 275 208
0 9948 204 157
1 9947 204 189
0 9948 206 157
1 9947 206 44
0 9948 142 123
1 9947 142 193
0 9948 246 157
1 9947 246 293
0 9948 186 90
1 9947 186 218
0 9945 268 248
1 9944 268 153
0 9942 121 268
1 9941 121 295
0 9942 212 268
1 9941 212 205
0 9942 2 268
1 9941 2 91
0 9942 176 268
1 9941 176 4
0 9942 146 268
1 9941 146 128
0 9939 17 212
1 9938 17 117
0 9939 125 212
1 9938 125 93
0 9939 279 146
1 9938 279 55
0 9939 163 146
1 9938 163 141
0 9939 196 146
1 9938 196 80
0 9939 238 146
1 9938 238 130
0 9936 190 279
1 9935 190 223
0 9936 102 125
1 9935 102 283
0 9936 223 279
1 9935 223 271
0 9936 20 17
1 9935 20 131
0 9936 84 238
1 9935 84 240
0 9936 140 17
1 9935 140 294
0 9936 26 196
1 9935 26 159
0 9936 32 279
1 9935 32 105
0 9936 239 238
1 9935 239 212
0 9933 199 32
1 9932 199 161
0 9933 93 26
1 9932 93 30
0 9933 131 223
1 9932 131 213
0 9933 100 84
1 9932 100 27
0 9933 55 102
1 9932 55 233
0 9933 68 20
1 9932 68 167
0 9933 222 32
1 9932 222 217
0 9930 34 93
1 9929 34 151
0 9930 156 68
1 9929 156 151
0 9930 120 199
1 9929 120 294
0 9930 70 55
1 9929 70 185
0 9930 285 55
1 9929 285 300
0 9930 161 93
1 9929 161 193
0 9927 42 285
1 9926 42 261
0 9927 188 120
1 9926 188 174
0 9927 41 34
1 9926 41 126
0 9924 111 41
1 9923 111 81
0 9921 25 111
1 9920 25 204
0 9921 233 111
1 9920 233 159
0 9921 78 111
1 9920 78 1
0 9921 105 111
1 9920 105 168
0 9921 257 111
1 9920 257 42
0 9921 189 111
1 9920 189 105
0 9921 19 111
1 9920 19 101
0 9921 39 111
1 9920 39 59
0 9921 254 111
1 9920 254 185
0 9918 101 25
1 9917 101 206
0 9915 179 101
1 9914 179 71
0 9915 71 101
1 9914 71 22
0 9915 154 101
1 9914 154 35
0 9915 205 101
1 9914 205 58
0 9915 270 101
1 9914 270 165
0 9915 171 101
1 9914 171 172
0 9912 202 154
1 9911 202 27
0 9912 33 171
1 9911 33 214
0 9912 45 270
1 9911 45 227
0 9912 112 71
1 9911 112 212
0 9912 295 179
1 9911 295 235
0 9912 228 171
1 9911 228 152
0 9912 165 205
1 9911 165 221
0 9909 241 112
1 9908 241 195
0 9909 117 228
1 9908 117 298
0 9906 10 117
1 9905 10 124
0 9906 48 117
1 9905 48 247
0 9903 168 48
1 9902 168 42
0 9903 62 48
1 9902 62 16
0 9903 143 10
1 9902 143 79
0 9900 297 168
1 9899 297 207
0 9897 172 297
1 9896 172 130
0 9897 9 297
1 9896 9 183
0 9897 46 297
1 9896 46 282
0 9897 292 297
1 9896 292 160
0 9897 221 297
1 9896 221 3
0 9897 148 297
1 9896 148 37
0 9897 249 297
1 9896 249 294
0 9897 91 297
1 9896 91 278
0 9897 269 297
1 9896 269 222
0 9894 92 9
1 9893 92 71
0 9894 58 148
1 9893 58 233
0 9894 173 172
1 9893 173 238
0 9891 272 173
1 9890 272 77
0 9891 18 92
1 9890 18 71
0 9891 251 92
1 9890 251 136
0 9891 235 173
1 9890 235 173
0 9891 6 58
1 9890 6 80
0 9891 83 173
1 9890 83 200
0 9888 284 18
1 9887 284 28
0 9888 208 272
1 9887 208 145
0 9888 261 83
1 9887 261 30
0 9888 96 6
1 9887 96 109
0 9888 255 18
1 9887 255 96
0 9888 242 83
1 9887 242 233
0 9888 198 18
1 9887 198 32
0 9885 144 261
1 9884 144 300
0 9885 264 198
1 9884 264 298
0 9885 290 242
1 9884 290 85
0 9885 108 242
1 9884 108 269
0 9882 152 144
1 9881 152 258
0 9882 89 264
1 9881 89 55
0 9882 85 144
1 9881 85 194
0 9882 95 290
1 9881 95 263
0 9882 1 144
1 9881 1 86
0 9882 4 144
1 9881 4 218
0 9882 209 144
1 9881 209 122
0 9882 167 264
1 9881 167 56
0 9882 27 264
1 9881 27 225
0 9882 230 290
1 9881 230 84
0 9879 266 27
1 9878 266 142
0 9879 244 85
1 9878 244 78
0 9879 213 209
1 9878 213 282
0 9879 217 95
1 9878 217 48
0 9879 265 167
1 9878 265 292
0 9879 104 89
1 9878 104 25
0 9879 24 89
1 9878 24 211
0 9879 63 167
1 9878 63 123
0 9876 178 266
1 9875 178 112
0 9873 99 178
1 9872 99 82
0 5622 89 88
1 6785 185 35
0 8491 259 95
1 1028 220 135
1 2562 16 233
1 1188 213 103
1 8811 293 230
1 6705 47 151
1 5212 140 158
0 5558 133 220
1 5011 25 158
1 5827 151 111
0 9535 288 122
1 6961 250 287
1 8664 109 257
0 5764 136 43
1 4240 111 300
0 2773 14 182
0 5508 45 295
1 2728 84 83
0 8878 232 71
0 5878 5 73
1 6933 88 253
1 1953 34 282
0 9943 284 280
1 7633 80 58
0 5750 188 281
1 7690 161 263
0 6428 288 72
0 7910 191 293
1 3346 147 230
0 5051 272 212
1 9540 92 62
1 9533 45 254
0 685 36 266
1 9777 65 51
0 8426 229 208
1 8610 206 90
1 6620 147 213
0 8637 183 89
0 1452 31 266
0 1228 297 187
1 327 208 281
0 8826 241 171
1 8200 282 176
0 4044 5 151
1 4142 134 95
0 6108 273 183
1 5697 234 219
0 1923 182 152
0 4945 181 20
1 3698 187 226
0 5028 259 252
1 2627 58 48
1 7607 134 115
1 6509 112 199
1 7272 68 200
0 4262 27 113
0 926 4 271
1 4715 298 46
0 3937 129 247
0 9062 145 90
1 9288 136 149
0 7746 157 108
0 4006 116 187
0 5276 176 217
0 6322 192 261
0 7106 27 77
0 9643 157 52
0 1868 119 9
1 3009 125 127
1 8280 44 143
0 3877 165 71
1 4312 99 300
1 9447 114 222
0 6901 146 148
0 2443 203 234
1 1283 152 86
0 35 73 248
1 2147 141 159
0 1314 119 218
1 3083 212 277
0 8351 65 74
0 7076 244 170
0 8162 185 124
0 7923 40 148
1 3765 5 189
0 1306 102 113
1 3597 45 57
0 2067 189 41
1 7918 195 135
1 925 190 297
0 4969 11 251
1 6417 260 2
1 9295 271 199
0 442 55 235
0 8616 238 35
1 1752 266 281
0 4128 263 282
0 8384 207 173
1 3123 275 69
0 1029 178 39
0 761 297 7
0 7480 274 99
0 432 155 185
0 5028 246 72
0 8617 69 4
1 6997 69 69
0 2228 133 299
1 6083 132 128
1 3111 274 55
0 9003 42 133
1 6678 81 162
1 8003 233 224
0 2209 101 108
1 5668 83 60
1 3747 260 183
0 5494 24 69
1 5946 220 250
1 3348 294 183
0 8672 196 191
1 629 298 185
1 8900 149 293
1 8645 26 186
1 7118 200 214
1 6132 175 40
0 3504 39 20
1 7835 63 109
0 7271 136 224
0 3038 96 209
1 9258 226 30
1 8740 93 1
0 479 31 166
0 2370 199 63
0 4636 155 94
1 7826 248 207
0 2320 53 198
1 2975 158 75
1 7466 105 93
0 9233 160 124
1 4811 216 54
1 6715 138 96
0 1760 186 46
0 6398 51 52
0 5404 58 254
0 434 299 121
0 3108 11 238
1 5693 296 226
0 7306 226 285
0 9618 203 4
