100 100 200
0 53 1 74
0 46 87 49
1 41 63 97
1 85 55 22
0 96 39 27
1 63 57 66
1 55 11 20
1 48 39 51
0 64 36 14
0 1 64 97
1 15 51 69
1 47 74 9
1 9 90 19
0 73 79 76
0 48 67 91
1 75 95 87
1 44 75 57
0 12 54 36
0 95 90 31
0 54 46 29
0 79 93 46
1 29 36 6
1 10 63 94
1 83 56 51
1 45 65 35
0 90 53 84
1 17 74 80
0 26 81 33
1 47 71 6
1 57 27 66
1 76 53 48
1 52 33 54
1 94 77 57
0 69 61 45
0 33 77 11
1 63 11 4
0 9 16 14
1 92 49 48
1 69 64 57
0 3 1 43
0 4 86 83
1 78 22 34
0 29 45 54
1 25 98 6
1 60 90 35
0 68 19 9
0 43 32 81
1 25 15 45
0 99 13 79
0 83 56 39
1 16 31 91
0 46 90 90
1 27 42 59
0 62 49 97
0 46 94 89
0 59 48 81
1 41 71 52
1 48 48 26
0 77 89 3
0 82 51 46
1 61 77 16
0 24 8 74
1 90 48 11
1 30 13 73
1 86 77 12
1 20 53 39
0 29 99 91
1 55 52 72
1 50 26 73
1 59 8 99
1 57 18 48
0 24 33 42
0 87 84 47
1 68 34 44
0 21 21 88
1 86 23 91
1 93 100 73
1 73 48 98
1 54 16 99
1 4 45 32
1 11 8 90
1 50 57 74
0 77 16 100
0 5 78 6
0 28 46 83
0 6 4 80
0 15 12 96
0 7 47 57
0 31 84 61
0 52 17 63
1 4 76 90
0 75 82 84
1 61 22 7
1 82 6 87
0 28 100 4
0 14 59 3
1 85 91 91
0 55 41 28
1 73 1 12
0 4 75 47
0 95 38 93
1 61 11 43
0 66 81 7
1 90 63 20
1 36 26 25
1 22 21 31
1 51 38 33
1 26 51 78
0 22 4 81
1 31 73 13
0 77 27 77
1 20 16 73
1 55 9 43
1 98 61 58
0 68 38 70
0 55 91 100
1 73 15 5
1 17 69 6
1 99 21 86
0 65 23 51
0 5 65 10
1 17 95 16
0 10 54 4
1 98 18 3
0 57 72 2
0 66 61 58
0 5 45 62
1 9 80 87
1 60 33 29
1 8 4 100
1 78 58 37
1 59 56 43
1 51 27 80
0 84 13 55
0 56 79 52
0 26 42 98
0 26 33 22
1 7 14 5
0 95 100 87
1 28 58 12
0 63 89 31
0 69 95 8
1 92 49 92
1 46 66 5
0 70 42 3
1 93 52 45
1 53 92 57
0 26 83 28
1 5 35 21
1 28 94 21
0 24 26 61
0 5 17 4
0 68 30 11
1 14 53 59
1 21 36 85
1 71 33 91
0 16 74 25
1 82 81 62
0 98 73 24
0 26 45 1
0 70 35 30
0 20 6 75
1 87 80 14
0 25 21 80
1 18 49 69
1 55 27 18
1 59 7 60
0 83 42 23
0 9 14 92
0 64 77 69
1 26 60 32
1 31 94 39
0 1 73 94
1 74 33 71
1 97 96 47
0 86 82 2
1 79 42 11
1 83 84 25
1 5 23 66
0 12 66 45
1 59 55 76
1 63 3 10
0 68 28 54
0 4 55 8
1 88 79 5
0 81 3 86
0 22 29 30
1 84 30 51
0 58 48 64
0 52 77 13
1 80 17 20
0 37 76 21
1 20 93 1
0 92 13 98
0 44 86 63
0 22 11 35
0 78 9 60
1 100 3 80
1 93 55 25
0 35 60 44
