100 100 200
0 51 22 35
1 78 59 44
1 53 76 18
0 70 50 92
0 14 95 5
1 88 59 29
0 14 9 44
0 58 23 14
0 9 95 31
1 93 99 28
1 51 76 95
0 63 53 56
0 99 63 27
1 91 70 41
1 71 60 12
1 17 1 19
0 53 38 45
0 36 70 17
1 2 12 61
1 69 30 14
1 2 30 50
0 62 54 93
1 89 50 67
0 15 65 74
0 71 27 82
0 22 72 15
1 69 35 62
0 48 50 51
1 7 15 23
0 56 11 43
0 20 82 31
1 100 1 34
1 6 77 40
0 43 6 62
1 18 12 69
0 64 54 86
0 70 71 29
1 85 74 49
1 66 60 43
0 31 76 85
0 35 45 65
0 53 84 50
0 28 85 31
0 89 20 46
1 92 51 96
1 72 24 25
0 60 67 33
1 68 90 44
1 74 35 49
0 41 31 19
0 24 44 52
1 45 45 26
0 98 90 73
1 26 73 99
0 65 80 52
1 43 92 42
1 87 54 73
1 98 38 40
1 73 53 75
0 38 72 80
1 90 99 46
1 77 22 29
0 6 22 23
1 15 54 59
1 4 70 87
1 80 18 9
0 84 92 99
1 50 85 19
1 94 97 18
1 60 24 37
0 19 59 57
1 93 69 18
1 45 15 17
1 48 20 73
0 83 72 43
0 31 72 58
1 4 92 67
0 90 92 43
1 29 38 80
1 38 32 21
0 37 46 24
1 54 82 97
1 36 76 34
0 69 76 33
0 40 63 6
0 47 99 71
1 41 10 7
0 96 21 4
1 95 42 77
0 39 43 57
0 45 27 99
0 64 63 42
1 22 88 93
0 61 54 77
0 59 76 29
1 85 73 27
0 2 71 48
1 48 84 40
0 66 60 51
0 49 72 42
0 57 62 22
1 50 87 41
0 7 2 20
1 23 48 74
1 82 13 99
1 29 77 19
0 79 37 27
0 43 58 31
0 16 70 74
0 89 43 55
0 48 43 75
1 12 40 39
1 92 7 36
0 83 91 2
0 23 53 49
1 89 68 96
1 23 35 18
1 97 92 60
1 62 82 39
1 17 18 71
0 23 8 44
1 87 1 99
0 43 10 11
0 33 88 58
0 45 15 8
0 40 39 8
0 43 16 65
0 85 89 57
1 82 92 98
0 88 23 60
0 17 76 67
1 15 78 35
1 56 25 85
0 53 33 92
1 72 61 84
1 25 97 95
0 31 23 29
1 94 20 40
0 23 65 11
0 94 41 60
1 9 19 80
0 65 91 89
0 13 74 93
1 81 78 84
1 95 81 43
1 57 51 24
0 39 92 74
1 71 30 48
0 67 91 5
1 61 59 68
1 35 64 94
1 42 86 78
1 50 90 94
0 3 13 5
1 44 35 24
0 84 90 6
0 94 19 85
1 25 43 74
0 89 57 97
0 50 18 73
1 82 21 65
1 34 9 46
1 76 80 10
1 40 43 98
0 13 63 2
0 14 76 23
1 74 91 80
0 21 18 17
0 92 92 62
1 29 81 40
1 63 90 2
0 59 49 82
1 83 39 18
0 1 49 70
1 85 29 8
0 96 53 33
0 95 75 21
0 31 64 91
1 66 67 96
1 87 92 5
1 22 53 93
1 76 66 42
1 87 78 62
1 58 22 60
0 39 6 9
0 94 100 88
0 73 22 88
1 23 25 61
1 53 76 47
1 55 14 44
0 32 46 56
0 62 76 21
0 39 9 25
0 36 3 39
1 24 82 3
0 27 66 84
0 3 91 52
0 14 47 23
0 35 64 7
1 68 46 11
