1000000 3000 6000
0 1 1 1860
0 1 2 51
0 1 3 61
0 1 4 2721
0 1 5 596
0 1 6 2173
0 1 7 974
0 1 8 1525
0 1 9 706
0 1 10 451
0 1 11 2075
0 1 12 812
0 1 13 1117
0 1 14 299
0 1 15 2099
0 1 16 1521
0 1 17 2285
0 1 18 375
0 1 19 2894
0 1 20 1208
0 1 21 614
0 1 22 924
0 1 23 1670
0 1 24 867
0 1 25 2291
0 1 26 342
0 1 27 2216
0 1 28 1248
0 1 29 2385
0 1 30 2823
0 1 31 2639
0 1 32 2100
0 1 33 1059
0 1 34 2139
0 1 35 1301
0 1 36 1347
0 1 37 1240
0 1 38 998
0 1 39 438
0 1 40 1888
0 1 41 1106
0 1 42 2489
0 1 43 2887
0 1 44 2462
0 1 45 1777
0 1 46 2442
0 1 47 1063
0 1 48 2395
0 1 49 2157
0 1 50 2986
0 1 51 247
0 1 52 1447
0 1 53 2701
0 1 54 234
0 1 55 2362
0 1 56 908
0 1 57 704
0 1 58 1265
0 1 59 2851
0 1 60 1769
0 1 61 1695
0 1 62 2956
0 1 63 2373
0 1 64 1094
0 1 65 177
0 1 66 1547
0 1 67 1977
0 1 68 1249
0 1 69 2369
0 1 70 733
0 1 71 556
0 1 72 1071
0 1 73 2928
0 1 74 1341
0 1 75 2997
0 1 76 526
0 1 77 1705
0 1 78 630
0 1 79 2203
0 1 80 2006
0 1 81 2515
0 1 82 2920
0 1 83 1571
0 1 84 2731
0 1 85 1971
0 1 86 2039
0 1 87 2355
0 1 88 1997
0 1 89 2358
0 1 90 549
0 1 91 2141
0 1 92 1271
0 1 93 2466
0 1 94 2083
0 1 95 1411
0 1 96 2606
0 1 97 427
0 1 98 1238
0 1 99 1268
0 1 100 1633
0 1 101 1487
0 1 102 1127
0 1 103 1816
0 1 104 1262
0 1 105 14
0 1 106 2665
0 1 107 1084
0 1 108 823
0 1 109 2059
0 1 110 612
0 1 111 2309
0 1 112 112
0 1 113 875
0 1 114 1875
0 1 115 2293
0 1 116 2833
0 1 117 2801
0 1 118 2513
0 1 119 1960
0 1 120 2597
0 1 121 1450
0 1 122 2748
0 1 123 1182
0 1 124 1371
0 1 125 2939
0 1 126 2964
0 1 127 286
0 1 128 2280
0 1 129 2884
0 1 130 1493
0 1 131 214
0 1 132 2594
0 1 133 1811
0 1 134 2049
0 1 135 318
0 1 136 71
0 1 137 1594
0 1 138 808
0 1 139 2035
0 1 140 1062
0 1 141 1806
0 1 142 1613
0 1 143 652
0 1 144 2260
0 1 145 2509
0 1 146 2560
0 1 147 1378
0 1 148 2500
0 1 149 2852
0 1 150 2179
0 1 151 2539
0 1 152 2688
0 1 153 1773
0 1 154 1786
0 1 155 2148
0 1 156 2056
0 1 157 1853
0 1 158 237
0 1 159 654
0 1 160 2877
0 1 161 2354
0 1 162 1595
0 1 163 1048
0 1 164 2901
0 1 165 2465
0 1 166 383
0 1 167 2356
0 1 168 313
0 1 169 58
0 1 170 132
0 1 171 1819
0 1 172 2732
0 1 173 2428
0 1 174 1045
0 1 175 2375
0 1 176 1361
0 1 177 2763
0 1 178 1021
0 1 179 1980
0 1 180 1650
0 1 181 261
0 1 182 1013
0 1 183 2703
0 1 184 2476
0 1 185 8
0 1 186 2797
0 1 187 2807
0 1 188 2255
0 1 189 2491
0 1 190 1782
0 1 191 410
0 1 192 744
0 1 193 2028
0 1 194 160
0 1 195 1030
0 1 196 233
0 1 197 2205
0 1 198 1940
0 1 199 2614
0 1 200 1795
0 1 201 2963
0 1 202 1070
0 1 203 2544
0 1 204 1054
0 1 205 1710
0 1 206 2372
0 1 207 248
0 1 208 719
0 1 209 522
0 1 210 1136
0 1 211 757
0 1 212 1269
0 1 213 1181
0 1 214 2207
0 1 215 2463
0 1 216 1244
0 1 217 15
0 1 218 2656
0 1 219 1694
0 1 220 782
0 1 221 2458
0 1 222 821
0 1 223 695
0 1 224 2947
0 1 225 968
0 1 226 2522
0 1 227 2420
0 1 228 2654
0 1 229 1503
0 1 230 745
0 1 231 2752
0 1 232 1309
0 1 233 32
0 1 234 1222
0 1 235 2751
0 1 236 1908
0 1 237 1306
0 1 238 1596
0 1 239 1093
0 1 240 1903
0 1 241 1422
0 1 242 2881
0 1 243 1331
0 1 244 541
0 1 245 910
0 1 246 608
0 1 247 2811
0 1 248 1808
0 1 249 1126
0 1 250 103
0 1 251 663
0 1 252 2327
0 1 253 1959
0 1 254 2707
0 1 255 1579
0 1 256 2042
0 1 257 1293
0 1 258 1523
0 1 259 548
0 1 260 2583
0 1 261 854
0 1 262 829
0 1 263 2973
0 1 264 118
0 1 265 430
0 1 266 1165
0 1 267 2055
0 1 268 2150
0 1 269 2667
0 1 270 89
0 1 271 1177
0 1 272 880
0 1 273 1412
0 1 274 1446
0 1 275 953
0 1 276 1512
0 1 277 2137
0 1 278 1982
0 1 279 1965
0 1 280 2779
0 1 281 2958
0 1 282 1612
0 1 283 2631
0 1 284 1374
0 1 285 1620
0 1 286 836
0 1 287 658
0 1 288 468
0 1 289 74
0 1 290 2525
0 1 291 2381
0 1 292 10
0 1 293 969
0 1 294 2388
0 1 295 2319
0 1 296 1211
0 1 297 1891
0 1 298 2202
0 1 299 516
0 1 300 1092
0 1 301 718
0 1 302 2776
0 1 303 1223
0 1 304 505
0 1 305 2746
0 1 306 1397
0 1 307 1012
0 1 308 349
0 1 309 1449
0 1 310 1227
0 1 311 883
0 1 312 1804
0 1 313 116
0 1 314 1630
0 1 315 1232
0 1 316 530
0 1 317 764
0 1 318 1549
0 1 319 191
0 1 320 2122
0 1 321 899
0 1 322 2512
0 1 323 310
0 1 324 176
0 1 325 2416
0 1 326 2453
0 1 327 1366
0 1 328 2548
0 1 329 2025
0 1 330 2108
0 1 331 99
0 1 332 2335
0 1 333 1038
0 1 334 2735
0 1 335 2760
0 1 336 11
0 1 337 2672
0 1 338 615
0 1 339 958
0 1 340 1993
0 1 341 493
0 1 342 153
0 1 343 2810
0 1 344 2617
0 1 345 1723
0 1 346 293
0 1 347 1488
0 1 348 2413
0 1 349 1314
0 1 350 1087
0 1 351 2303
0 1 352 2253
0 1 353 2429
0 1 354 1868
0 1 355 905
0 1 356 1163
0 1 357 2845
0 1 358 1010
0 1 359 2069
0 1 360 1843
0 1 361 2330
0 1 362 2337
0 1 363 1410
0 1 364 1352
0 1 365 2074
0 1 366 1922
0 1 367 17
0 1 368 1194
0 1 369 773
0 1 370 1722
0 1 371 1861
0 1 372 2241
0 1 373 784
0 1 374 381
0 1 375 781
0 1 376 2345
0 1 377 378
0 1 378 2730
0 1 379 329
0 1 380 723
0 1 381 492
0 1 382 1714
0 1 383 2640
0 1 384 1720
0 1 385 1692
0 1 386 180
0 1 387 1241
0 1 388 450
0 1 389 716
0 1 390 2366
0 1 391 561
0 1 392 1102
0 1 393 1408
0 1 394 1999
0 1 395 404
0 1 396 319
0 1 397 2142
0 1 398 954
0 1 399 300
0 1 400 2700
0 1 401 68
0 1 402 1879
0 1 403 1330
0 1 404 70
0 1 405 415
0 1 406 610
0 1 407 178
0 1 408 529
0 1 409 1319
0 1 410 104
0 1 411 2334
0 1 412 664
0 1 413 1611
0 1 414 2581
0 1 415 2857
0 1 416 263
0 1 417 2401
0 1 418 128
0 1 419 2821
0 1 420 2051
0 1 421 352
0 1 422 597
0 1 423 938
0 1 424 2277
0 1 425 2853
0 1 426 2590
0 1 427 1541
0 1 428 1132
0 1 429 1003
0 1 430 45
0 1 431 2827
0 1 432 1938
0 1 433 1758
0 1 434 588
0 1 435 635
0 1 436 65
0 1 437 2556
0 1 438 474
0 1 439 2091
0 1 440 1636
0 1 441 531
0 1 442 1176
0 1 443 545
0 1 444 2768
0 1 445 218
0 1 446 2977
0 1 447 666
0 1 448 979
0 1 449 411
0 1 450 183
0 1 451 2728
0 1 452 2165
0 1 453 2961
0 1 454 187
0 1 455 1221
0 1 456 2029
0 1 457 1149
0 1 458 1190
0 1 459 2558
0 1 460 95
0 1 461 634
0 1 462 29
0 1 463 1771
0 1 464 2323
0 1 465 1632
0 1 466 394
0 1 467 2652
0 1 468 1931
0 1 469 366
0 1 470 2714
0 1 471 1067
0 1 472 435
0 1 473 2370
0 1 474 2784
0 1 475 2796
0 1 476 1869
0 1 477 1144
0 1 478 2712
0 1 479 1814
0 1 480 1022
0 1 481 211
0 1 482 983
0 1 483 1792
0 1 484 396
0 1 485 1652
0 1 486 1635
0 1 487 1273
0 1 488 1421
0 1 489 449
0 1 490 93
0 1 491 2554
0 1 492 1600
0 1 493 1532
0 1 494 2729
0 1 495 108
0 1 496 651
0 1 497 2914
0 1 498 1935
0 1 499 1266
0 1 500 2523
0 1 501 38
0 1 502 655
0 1 503 1081
0 1 504 2861
0 1 505 2322
0 1 506 102
0 1 507 2351
0 1 508 1591
0 1 509 2702
0 1 510 198
0 1 511 657
0 1 512 434
0 1 513 2557
0 1 514 2990
0 1 515 77
0 1 516 2744
0 1 517 1192
0 1 518 2637
0 1 519 2777
0 1 520 2979
0 1 521 6
0 1 522 1709
0 1 523 985
0 1 524 1548
0 1 525 1285
0 1 526 688
0 1 527 439
0 1 528 1677
0 1 529 936
0 1 530 2587
0 1 531 644
0 1 532 2392
0 1 533 1627
0 1 534 149
0 1 535 1334
0 1 536 2941
0 1 537 2660
0 1 538 239
0 1 539 2848
0 1 540 579
0 1 541 1929
0 1 542 2308
0 1 543 2267
0 1 544 1480
0 1 545 2552
0 1 546 991
0 1 547 1791
0 1 548 1456
0 1 549 2212
0 1 550 2169
0 1 551 365
0 1 552 72
0 1 553 205
0 1 554 2519
0 1 555 746
0 1 556 513
0 1 557 2104
0 1 558 2814
0 1 559 1313
0 1 560 2110
0 1 561 2910
0 1 562 1842
0 1 563 1927
0 1 564 574
0 1 565 485
0 1 566 494
0 1 567 2847
0 1 568 1042
0 1 569 791
0 1 570 2575
0 1 571 294
0 1 572 2495
0 1 573 2850
0 1 574 1885
0 1 575 1634
0 1 576 1443
0 1 577 660
0 1 578 680
0 1 579 1717
0 1 580 1380
0 1 581 1137
0 1 582 1333
0 1 583 1283
0 1 584 1216
0 1 585 1395
0 1 586 2497
0 1 587 2722
0 1 588 1465
0 1 589 138
0 1 590 606
0 1 591 1514
0 1 592 1096
0 1 593 700
0 1 594 327
0 1 595 761
0 1 596 1355
0 1 597 1681
0 1 598 1364
0 1 599 324
0 1 600 866
0 1 601 1787
0 1 602 1624
0 1 603 715
0 1 604 2152
0 1 605 2002
0 1 606 490
0 1 607 562
0 1 608 2242
0 1 609 1979
0 1 610 254
0 1 611 777
0 1 612 356
0 1 613 602
0 1 614 873
0 1 615 442
0 1 616 1280
0 1 617 1775
0 1 618 122
0 1 619 920
0 1 620 405
0 1 621 1746
0 1 622 2872
0 1 623 2774
0 1 624 1987
0 1 625 2225
0 1 626 699
0 1 627 927
0 1 628 978
0 1 629 681
0 1 630 1825
0 1 631 2211
0 1 632 1025
0 1 633 2180
0 1 634 2396
0 1 635 921
0 1 636 2785
0 1 637 871
0 1 638 2830
0 1 639 1581
0 1 640 1463
0 1 641 1955
0 1 642 2936
0 1 643 141
0 1 644 2471
0 1 645 2791
0 1 646 123
0 1 647 2315
0 1 648 520
0 1 649 1343
0 1 650 289
0 1 651 1551
0 1 652 1231
0 1 653 1425
0 1 654 1357
0 1 655 1619
0 1 656 2080
0 1 657 1506
0 1 658 1417
0 1 659 1413
0 1 660 2493
0 1 661 533
0 1 662 1255
0 1 663 1172
0 1 664 1511
0 1 665 999
0 1 666 470
0 1 667 2486
0 1 668 532
0 1 669 1699
0 1 670 2749
0 1 671 1360
0 1 672 2600
0 1 673 437
0 1 674 2620
0 1 675 311
0 1 676 1912
0 1 677 1708
0 1 678 2684
0 1 679 92
0 1 680 2470
0 1 681 2171
0 1 682 2188
0 1 683 628
0 1 684 1886
0 1 685 1735
0 1 686 2923
0 1 687 1405
0 1 688 708
0 1 689 1649
0 1 690 741
0 1 691 860
0 1 692 1680
0 1 693 524
0 1 694 2159
0 1 695 595
0 1 696 2615
0 1 697 1326
0 1 698 40
0 1 699 345
0 1 700 1272
0 1 701 202
0 1 702 223
0 1 703 385
0 1 704 2333
0 1 705 1715
0 1 706 126
0 1 707 770
0 1 708 37
0 1 709 194
0 1 710 147
0 1 711 2081
0 1 712 537
0 1 713 1458
0 1 714 1310
0 1 715 911
0 1 716 1524
0 1 717 2742
0 1 718 1050
0 1 719 7
0 1 720 185
0 1 721 1233
0 1 722 2934
0 1 723 1942
0 1 724 1286
0 1 725 2219
0 1 726 2904
0 1 727 804
0 1 728 1505
0 1 729 2379
0 1 730 946
0 1 731 2352
0 1 732 1491
0 1 733 2016
0 1 734 650
0 1 735 1122
0 1 736 308
0 1 737 1764
0 1 738 1994
0 1 739 1779
0 1 740 2288
0 1 741 1375
0 1 742 1701
0 1 743 2343
0 1 744 2567
0 1 745 2608
0 1 746 689
0 1 747 2221
0 1 748 125
0 1 749 229
0 1 750 2598
0 1 751 484
0 1 752 1637
0 1 753 2154
0 1 754 1414
0 1 755 2826
0 1 756 2531
0 1 757 1761
0 1 758 1704
0 1 759 674
0 1 760 1669
0 1 761 624
0 1 762 887
0 1 763 2574
0 1 764 2234
0 1 765 1614
0 1 766 1610
0 1 767 2799
0 1 768 1592
0 1 769 1517
0 1 770 2302
0 1 771 2472
0 1 772 950
0 1 773 184
0 1 774 540
0 1 775 2115
0 1 776 1079
0 1 777 2612
0 1 778 175
0 1 779 2264
0 1 780 2043
0 1 781 2755
0 1 782 527
0 1 783 1513
0 1 784 94
0 1 785 801
0 1 786 2417
0 1 787 972
0 1 788 2386
0 1 789 2183
0 1 790 552
0 1 791 2838
0 1 792 2650
0 1 793 1555
0 1 794 2670
0 1 795 49
0 1 796 1060
0 1 797 2187
0 1 798 336
0 1 799 374
0 1 800 1178
0 1 801 2764
0 1 802 333
0 1 803 315
0 1 804 2962
0 1 805 213
0 1 806 1948
0 1 807 2136
0 1 808 2981
0 1 809 2517
0 1 810 2896
0 1 811 2143
0 1 812 1350
0 1 813 2817
0 1 814 590
0 1 815 2058
0 1 816 961
0 1 817 1253
0 1 818 82
0 1 819 325
0 1 820 2249
0 1 821 403
0 1 822 2446
0 1 823 1835
0 1 824 679
0 1 825 1856
0 1 826 1740
0 1 827 2089
0 1 828 2916
0 1 829 912
0 1 830 1778
0 1 831 1130
0 1 832 255
0 1 833 1225
0 1 834 249
0 1 835 2405
0 1 836 292
0 1 837 640
0 1 838 647
0 1 839 870
0 1 840 443
0 1 841 2046
0 1 842 414
0 1 843 2192
0 1 844 30
0 1 845 1580
0 1 846 693
0 1 847 2535
0 1 848 805
0 1 849 1890
0 1 850 2160
0 1 851 847
0 1 852 2820
0 1 853 360
0 1 854 1219
0 1 855 2138
0 1 856 334
0 1 857 2155
0 1 858 1124
0 1 859 2482
0 1 860 878
0 1 861 419
0 1 862 2276
0 1 863 1855
0 1 864 2816
0 1 865 888
0 1 866 2433
0 1 867 802
0 1 868 1243
0 1 869 1760
0 1 870 1616
0 1 871 1893
0 1 872 501
0 1 873 879
0 1 874 2263
0 1 875 814
0 1 876 1212
0 1 877 686
0 1 878 2128
0 1 879 2073
0 1 880 477
0 1 881 1943
0 1 882 2200
0 1 883 338
0 1 884 2547
0 1 885 797
0 1 886 2166
0 1 887 1027
0 1 888 2553
0 1 889 1061
0 1 890 1871
0 1 891 1288
0 1 892 665
0 1 893 2419
0 1 894 305
0 1 895 2286
0 1 896 2289
0 1 897 1995
0 1 898 2719
0 1 899 1329
0 1 900 1926
0 1 901 1426
0 1 902 73
0 1 903 2332
0 1 904 2644
0 1 905 441
0 1 906 2191
0 1 907 354
0 1 908 481
0 1 909 2577
0 1 910 48
0 1 911 756
0 1 912 1798
0 1 913 1907
0 1 914 350
0 1 915 1200
0 1 916 863
0 1 917 1518
0 1 918 2912
0 1 919 2256
0 1 920 2736
0 1 921 2856
0 1 922 483
0 1 923 2250
0 1 924 1217
0 1 925 2846
0 1 926 504
0 1 927 1377
0 1 928 2005
0 1 929 535
0 1 930 2174
0 1 931 1398
0 1 932 1005
0 1 933 1934
0 1 934 2271
0 1 935 1849
0 1 936 1469
0 1 937 577
0 1 938 2874
0 1 939 2009
0 1 940 806
0 1 941 193
0 1 942 2711
0 1 943 508
0 1 944 1838
0 1 945 1663
0 1 946 900
0 1 947 973
0 1 948 962
0 1 949 2576
0 1 950 1602
0 1 951 2415
0 1 952 1170
0 1 953 2960
0 1 954 2438
0 1 955 2937
0 1 956 221
0 1 957 877
0 1 958 2808
0 1 959 1618
0 1 960 546
0 1 961 322
0 1 962 323
0 1 963 2610
0 1 964 1109
0 1 965 1104
0 1 966 1544
0 1 967 456
0 1 968 2390
0 1 969 736
0 1 970 197
0 1 971 1572
0 1 972 1161
0 1 973 2117
0 1 974 407
0 1 975 1896
0 1 976 2726
0 1 977 1573
0 1 978 543
0 1 979 1097
0 1 980 1129
0 1 981 1975
0 1 982 2391
0 1 983 168
0 1 984 1471
0 1 985 2126
0 1 986 1006
0 1 987 368
0 1 988 1442
0 1 989 2970
0 1 990 326
0 1 991 763
0 1 992 1658
0 1 993 1457
0 1 994 1195
0 1 995 833
0 1 996 2759
0 1 997 2261
0 1 998 2131
0 1 999 897
0 1 1000 834
0 1 1001 919
0 1 1002 2533
0 1 1003 2224
0 1 1004 2649
0 1 1005 1224
0 1 1006 1516
0 1 1007 290
0 1 1008 416
0 1 1009 1639
0 1 1010 1400
0 1 1011 815
0 1 1012 1957
0 1 1013 1915
0 1 1014 835
0 1 1015 2193
0 1 1016 1318
0 1 1017 1396
0 1 1018 2694
0 1 1019 639
0 1 1020 956
0 1 1021 2895
0 1 1022 1473
0 1 1023 1009
0 1 1024 2114
0 1 1025 1755
0 1 1026 373
0 1 1027 2269
0 1 1028 2908
0 1 1029 2734
0 1 1030 2680
0 1 1031 1520
0 1 1032 752
0 1 1033 928
0 1 1034 2031
0 1 1035 1895
0 1 1036 2003
0 1 1037 509
0 1 1038 2251
0 1 1039 2146
0 1 1040 80
0 1 1041 1858
0 1 1042 1801
0 1 1043 1672
0 1 1044 139
0 1 1045 1854
0 1 1046 2406
0 1 1047 1088
0 1 1048 2572
0 1 1049 159
0 1 1050 2839
0 1 1051 750
0 1 1052 1445
0 1 1053 1237
0 1 1054 1214
0 1 1055 2317
0 1 1056 754
0 1 1057 2060
0 1 1058 2201
0 1 1059 2305
0 1 1060 1851
0 1 1061 813
0 1 1062 1270
0 1 1063 613
0 1 1064 2907
0 1 1065 594
0 1 1066 267
0 1 1067 1152
0 1 1068 2825
0 1 1069 1756
0 1 1070 1376
0 1 1071 2782
0 1 1072 1537
0 1 1073 2819
0 1 1074 1833
0 1 1075 1076
0 1 1076 2753
0 1 1077 306
0 1 1078 841
0 1 1079 1014
0 1 1080 1052
0 1 1081 925
0 1 1082 1654
0 1 1083 2116
0 1 1084 1209
0 1 1085 1682
0 1 1086 852
0 1 1087 2087
0 1 1088 148
0 1 1089 1365
0 1 1090 728
0 1 1091 1461
0 1 1092 517
0 1 1093 2909
0 1 1094 2439
0 1 1095 2526
0 1 1096 1434
0 1 1097 1047
0 1 1098 2636
0 1 1099 603
0 1 1100 2718
0 1 1101 2036
0 1 1102 1785
0 1 1103 1765
0 1 1104 2999
0 1 1105 1138
0 1 1106 2692
0 1 1107 2969
0 1 1108 335
0 1 1109 235
0 1 1110 662
0 1 1111 1865
0 1 1112 790
0 1 1113 1046
0 1 1114 380
0 1 1115 845
0 1 1116 1072
0 1 1117 1120
0 1 1118 2503
0 1 1119 2903
0 1 1120 730
0 1 1121 265
0 1 1122 222
0 1 1123 464
0 1 1124 157
0 1 1125 1582
0 1 1126 1647
0 1 1127 2186
0 1 1128 1201
0 1 1129 455
0 1 1130 2541
0 1 1131 2713
0 1 1132 2357
0 1 1133 1484
0 1 1134 2163
0 1 1135 2265
0 1 1136 1867
0 1 1137 670
0 1 1138 2342
0 1 1139 769
0 1 1140 1553
0 1 1141 2258
0 1 1142 1844
0 1 1143 2338
0 1 1144 426
0 1 1145 500
0 1 1146 28
0 1 1147 1962
0 1 1148 361
0 1 1149 1952
0 1 1150 952
0 1 1151 1158
0 1 1152 2047
0 1 1153 2588
0 1 1154 2296
0 1 1155 2474
0 1 1156 2918
0 1 1157 225
0 1 1158 937
0 1 1159 2161
0 1 1160 1116
0 1 1161 565
0 1 1162 151
0 1 1163 2172
0 1 1164 1716
0 1 1165 2427
0 1 1166 1183
0 1 1167 2809
0 1 1168 2989
0 1 1169 1772
0 1 1170 2007
0 1 1171 1082
0 1 1172 43
0 1 1173 2364
0 1 1174 1028
0 1 1175 507
0 1 1176 100
0 1 1177 291
0 1 1178 1199
0 1 1179 2662
0 1 1180 276
0 1 1181 2972
0 1 1182 453
0 1 1183 1173
0 1 1184 959
0 1 1185 2906
0 1 1186 62
0 1 1187 2488
0 1 1188 257
0 1 1189 2125
0 1 1190 1498
0 1 1191 2449
0 1 1192 515
0 1 1193 2400
0 1 1194 1575
0 1 1195 1837
0 1 1196 2585
0 1 1197 2805
0 1 1198 1185
0 1 1199 2001
0 1 1200 2194
0 1 1201 1947
0 1 1202 2499
0 1 1203 207
0 1 1204 1250
0 1 1205 1393
0 1 1206 566
0 1 1207 1039
0 1 1208 2017
0 1 1209 2272
0 1 1210 281
0 1 1211 893
0 1 1212 1206
0 1 1213 2873
0 1 1214 1970
0 1 1215 1294
0 1 1216 227
0 1 1217 619
0 1 1218 629
0 1 1219 2094
0 1 1220 309
0 1 1221 2599
0 1 1222 1660
0 1 1223 1845
0 1 1224 538
0 1 1225 1802
0 1 1226 811
0 1 1227 886
0 1 1228 341
0 1 1229 1589
0 1 1230 2800
0 1 1231 2959
0 1 1232 1160
0 1 1233 1728
0 1 1234 984
0 1 1235 981
0 1 1236 2266
0 1 1237 2623
0 1 1238 2863
0 1 1239 922
0 1 1240 1984
0 1 1241 12
0 1 1242 2103
0 1 1243 146
0 1 1244 2145
0 1 1245 1969
0 1 1246 896
0 1 1247 2240
0 1 1248 816
0 1 1249 1606
0 1 1250 737
0 1 1251 584
0 1 1252 307
0 1 1253 2837
0 1 1254 303
0 1 1255 809
0 1 1256 1906
0 1 1257 2510
0 1 1258 203
0 1 1259 1883
0 1 1260 776
0 1 1261 1356
0 1 1262 388
0 1 1263 113
0 1 1264 150
0 1 1265 457
0 1 1266 1911
0 1 1267 987
0 1 1268 2788
0 1 1269 2348
0 1 1270 758
0 1 1271 353
0 1 1272 1753
0 1 1273 1700
0 1 1274 2204
0 1 1275 2451
0 1 1276 521
0 1 1277 1542
0 1 1278 996
0 1 1279 2426
0 1 1280 990
0 1 1281 1100
0 1 1282 1617
0 1 1283 2787
0 1 1284 379
0 1 1285 1848
0 1 1286 512
0 1 1287 1259
0 1 1288 347
0 1 1289 287
0 1 1290 1034
0 1 1291 2393
0 1 1292 1157
0 1 1293 702
0 1 1294 2622
0 1 1295 1112
0 1 1296 2062
0 1 1297 858
0 1 1298 2452
0 1 1299 1156
0 1 1300 2467
0 1 1301 2195
0 1 1302 885
0 1 1303 465
0 1 1304 81
0 1 1305 720
0 1 1306 2618
0 1 1307 1154
0 1 1308 2435
0 1 1309 33
0 1 1310 627
0 1 1311 1564
0 1 1312 1916
0 1 1313 2243
0 1 1314 423
0 1 1315 502
0 1 1316 703
0 1 1317 1179
0 1 1318 1809
0 1 1319 2487
0 1 1320 2596
0 1 1321 129
0 1 1322 1914
0 1 1323 696
0 1 1324 2699
0 1 1325 1128
0 1 1326 2798
0 1 1327 2664
0 1 1328 2521
0 1 1329 328
0 1 1330 1887
0 1 1331 2836
0 1 1332 2022
0 1 1333 2481
0 1 1334 1653
0 1 1335 1691
0 1 1336 2573
0 1 1337 909
0 1 1338 2561
0 1 1339 1733
0 1 1340 2673
0 1 1341 1187
0 1 1342 1304
0 1 1343 2000
0 1 1344 2570
0 1 1345 739
0 1 1346 1040
0 1 1347 638
0 1 1348 2571
0 1 1349 523
0 1 1350 2855
0 1 1351 941
0 1 1352 1569
0 1 1353 2197
0 1 1354 1673
0 1 1355 1018
0 1 1356 2064
0 1 1357 1348
0 1 1358 2767
0 1 1359 2663
0 1 1360 895
0 1 1361 165
0 1 1362 460
0 1 1363 1041
0 1 1364 2101
0 1 1365 1978
0 1 1366 1683
0 1 1367 1037
0 1 1368 661
0 1 1369 2014
0 1 1370 115
0 1 1371 2691
0 1 1372 935
0 1 1373 1807
0 1 1374 625
0 1 1375 948
0 1 1376 2071
0 1 1377 1743
0 1 1378 788
0 1 1379 1921
0 1 1380 778
0 1 1381 134
0 1 1382 1565
0 1 1383 1263
0 1 1384 2579
0 1 1385 2843
0 1 1386 2408
0 1 1387 862
0 1 1388 945
0 1 1389 39
0 1 1390 2399
0 1 1391 1494
0 1 1392 917
0 1 1393 843
0 1 1394 2647
0 1 1395 1664
0 1 1396 44
0 1 1397 820
0 1 1398 2454
0 1 1399 2232
0 1 1400 551
0 1 1401 1966
0 1 1402 2627
0 1 1403 2313
0 1 1404 1323
0 1 1405 2096
0 1 1406 2534
0 1 1407 2410
0 1 1408 1295
0 1 1409 2750
0 1 1410 794
0 1 1411 1420
0 1 1412 2412
0 1 1413 2704
0 1 1414 1930
0 1 1415 2720
0 1 1416 2569
0 1 1417 444
0 1 1418 2778
0 1 1419 1344
0 1 1420 559
0 1 1421 822
0 1 1422 997
0 1 1423 2876
0 1 1424 796
0 1 1425 491
0 1 1426 1229
0 1 1427 2803
0 1 1428 1388
0 1 1429 1590
0 1 1430 2040
0 1 1431 1828
0 1 1432 2629
0 1 1433 1747
0 1 1434 735
0 1 1435 2079
0 1 1436 914
0 1 1437 2888
0 1 1438 2781
0 1 1439 1342
0 1 1440 2088
0 1 1441 1020
0 1 1442 1298
0 1 1443 2786
0 1 1444 1320
0 1 1445 424
0 1 1446 824
0 1 1447 2274
0 1 1448 2946
0 1 1449 2320
0 1 1450 963
0 1 1451 838
0 1 1452 91
0 1 1453 1623
0 1 1454 1261
0 1 1455 2374
0 1 1456 397
0 1 1457 130
0 1 1458 1640
0 1 1459 2281
0 1 1460 850
0 1 1461 2917
0 1 1462 2568
0 1 1463 2646
0 1 1464 25
0 1 1465 346
0 1 1466 2127
0 1 1467 2655
0 1 1468 1327
0 1 1469 1662
0 1 1470 2478
0 1 1471 1277
0 1 1472 2077
0 1 1473 1744
0 1 1474 567
0 1 1475 498
0 1 1476 2468
0 1 1477 2402
0 1 1478 1656
0 1 1479 2966
0 1 1480 641
0 1 1481 2279
0 1 1482 152
0 1 1483 933
0 1 1484 667
0 1 1485 915
0 1 1486 1501
0 1 1487 587
0 1 1488 1628
0 1 1489 495
0 1 1490 668
0 1 1491 609
0 1 1492 2993
0 1 1493 1448
0 1 1494 1899
0 1 1495 2294
0 1 1496 1892
0 1 1497 1115
0 1 1498 1436
0 1 1499 1668
0 1 1500 1409
0 1 1501 1252
0 1 1502 217
0 1 1503 76
0 1 1504 83
0 1 1505 2834
0 1 1506 2340
0 1 1507 2034
0 1 1508 312
0 1 1509 1562
0 1 1510 398
0 1 1511 2492
0 1 1512 2952
0 1 1513 454
0 1 1514 2236
0 1 1515 2943
0 1 1516 53
0 1 1517 1332
0 1 1518 241
0 1 1519 2102
0 1 1520 1642
0 1 1521 1077
0 1 1522 1515
0 1 1523 1951
0 1 1524 401
0 1 1525 1961
0 1 1526 2624
0 1 1527 800
0 1 1528 1996
0 1 1529 653
0 1 1530 1749
0 1 1531 2630
0 1 1532 2316
0 1 1533 466
0 1 1534 1736
0 1 1535 831
0 1 1536 156
0 1 1537 1276
0 1 1538 894
0 1 1539 275
0 1 1540 2813
0 1 1541 215
0 1 1542 228
0 1 1543 872
0 1 1544 2037
0 1 1545 1554
0 1 1546 1945
0 1 1547 2780
0 1 1548 245
0 1 1549 204
0 1 1550 2737
0 1 1551 1666
0 1 1552 1546
0 1 1553 1538
0 1 1554 370
0 1 1555 1810
0 1 1556 1826
0 1 1557 2247
0 1 1558 2674
0 1 1559 2580
0 1 1560 964
0 1 1561 2794
0 1 1562 2551
0 1 1563 2329
0 1 1564 1481
0 1 1565 2456
0 1 1566 1083
0 1 1567 2507
0 1 1568 600
0 1 1569 144
0 1 1570 2041
0 1 1571 2589
0 1 1572 1563
0 1 1573 452
0 1 1574 632
0 1 1575 846
0 1 1576 22
0 1 1577 1359
0 1 1578 1451
0 1 1579 301
0 1 1580 216
0 1 1581 1125
0 1 1582 2802
0 1 1583 1561
0 1 1584 2430
0 1 1585 2112
0 1 1586 1482
0 1 1587 1531
0 1 1588 3000
0 1 1589 302
0 1 1590 1017
0 1 1591 46
0 1 1592 1864
0 1 1593 2078
0 1 1594 425
0 1 1595 2019
0 1 1596 163
0 1 1597 26
0 1 1598 977
0 1 1599 2754
0 1 1600 2626
0 1 1601 1335
0 1 1602 553
0 1 1603 2254
0 1 1604 2678
0 1 1605 1939
0 1 1606 2849
0 1 1607 384
0 1 1608 1866
0 1 1609 408
0 1 1610 158
0 1 1611 1739
0 1 1612 2980
0 1 1613 2671
0 1 1614 1203
0 1 1615 2270
0 1 1616 1874
0 1 1617 260
0 1 1618 101
0 1 1619 2998
0 1 1620 856
0 1 1621 2868
0 1 1622 41
0 1 1623 1236
0 1 1624 2310
0 1 1625 738
0 1 1626 760
0 1 1627 2185
0 1 1628 1235
0 1 1629 271
0 1 1630 1738
0 1 1631 2668
0 1 1632 87
0 1 1633 2957
0 1 1634 1622
0 1 1635 288
0 1 1636 1729
0 1 1637 1121
0 1 1638 1597
0 1 1639 2153
0 1 1640 1372
0 1 1641 2502
0 1 1642 980
0 1 1643 1381
0 1 1644 2985
0 1 1645 1510
0 1 1646 2226
0 1 1647 1762
0 1 1648 992
0 1 1649 514
0 1 1650 1667
0 1 1651 2496
0 1 1652 359
0 1 1653 591
0 1 1654 826
0 1 1655 1146
0 1 1656 2300
0 1 1657 1536
0 1 1658 2524
0 1 1659 1439
0 1 1660 1497
0 1 1661 1550
0 1 1662 1742
0 1 1663 1509
0 1 1664 682
0 1 1665 2135
0 1 1666 2592
0 1 1667 573
0 1 1668 865
0 1 1669 1406
0 1 1670 2710
0 1 1671 698
0 1 1672 1166
0 1 1673 268
0 1 1674 172
0 1 1675 5
0 1 1676 926
0 1 1677 2537
0 1 1678 2168
0 1 1679 1141
0 1 1680 2514
0 1 1681 162
0 1 1682 2898
0 1 1683 75
0 1 1684 2065
0 1 1685 2885
0 1 1686 975
0 1 1687 1407
0 1 1688 2353
0 1 1689 418
0 1 1690 209
0 1 1691 589
0 1 1692 107
0 1 1693 2771
0 1 1694 2564
0 1 1695 1766
0 1 1696 678
0 1 1697 830
0 1 1698 2621
0 1 1699 881
0 1 1700 2666
0 1 1701 2725
0 1 1702 1661
0 1 1703 839
0 1 1704 2460
0 1 1705 278
0 1 1706 560
0 1 1707 2431
0 1 1708 1477
0 1 1709 1721
0 1 1710 2681
0 1 1711 2070
0 1 1712 2911
0 1 1713 2434
0 1 1714 66
0 1 1715 1932
0 1 1716 1983
0 1 1717 2757
0 1 1718 563
0 1 1719 1920
0 1 1720 554
0 1 1721 849
0 1 1722 1774
0 1 1723 1275
0 1 1724 2238
0 1 1725 1830
0 1 1726 1184
0 1 1727 1402
0 1 1728 1351
0 1 1729 1803
0 1 1730 2378
0 1 1731 2407
0 1 1732 1064
0 1 1733 890
0 1 1734 2520
0 1 1735 1972
0 1 1736 1004
0 1 1737 137
0 1 1738 269
0 1 1739 1949
0 1 1740 747
0 1 1741 1438
0 1 1742 701
0 1 1743 1937
0 1 1744 2543
0 1 1745 1576
0 1 1746 943
0 1 1747 1432
0 1 1748 1207
0 1 1749 1568
0 1 1750 544
0 1 1751 2770
0 1 1752 133
0 1 1753 2469
0 1 1754 705
0 1 1755 1998
0 1 1756 2441
0 1 1757 1913
0 1 1758 2377
0 1 1759 1711
0 1 1760 2632
0 1 1761 891
0 1 1762 779
0 1 1763 2508
0 1 1764 1437
0 1 1765 1818
0 1 1766 2988
0 1 1767 140
0 1 1768 226
0 1 1769 1496
0 1 1770 1394
0 1 1771 864
0 1 1772 913
0 1 1773 511
0 1 1774 1419
0 1 1775 142
0 1 1776 1850
0 1 1777 1441
0 1 1778 1950
0 1 1779 2397
0 1 1780 2628
0 1 1781 2350
0 1 1782 2948
0 1 1783 1321
0 1 1784 2942
0 1 1785 743
0 1 1786 902
0 1 1787 1535
0 1 1788 2511
0 1 1789 67
0 1 1790 2676
0 1 1791 2738
0 1 1792 2283
0 1 1793 787
0 1 1794 2866
0 1 1795 463
0 1 1796 2658
0 1 1797 85
0 1 1798 1091
0 1 1799 2604
0 1 1800 1188
0 1 1801 98
0 1 1802 2324
0 1 1803 1035
0 1 1804 200
0 1 1805 1385
0 1 1806 1254
0 1 1807 386
0 1 1808 711
0 1 1809 903
0 1 1810 1905
0 1 1811 2976
0 1 1812 2164
0 1 1813 966
0 1 1814 869
0 1 1815 1836
0 1 1816 1430
0 1 1817 697
0 1 1818 377
0 1 1819 2706
0 1 1820 1919
0 1 1821 2120
0 1 1822 2129
0 1 1823 2705
0 1 1824 2314
0 1 1825 673
0 1 1826 1415
0 1 1827 2359
0 1 1828 2158
0 1 1829 1599
0 1 1830 285
0 1 1831 2414
0 1 1832 2132
0 1 1833 2311
0 1 1834 1988
0 1 1835 1338
0 1 1836 1543
0 1 1837 519
0 1 1838 355
0 1 1839 2540
0 1 1840 2008
0 1 1841 2093
0 1 1842 1284
0 1 1843 714
0 1 1844 1218
0 1 1845 734
0 1 1846 2869
0 1 1847 1894
0 1 1848 1754
0 1 1849 188
0 1 1850 2411
0 1 1851 1713
0 1 1852 1205
0 1 1853 1362
0 1 1854 2363
0 1 1855 1840
0 1 1856 448
0 1 1857 2844
0 1 1858 2124
0 1 1859 868
0 1 1860 525
0 1 1861 2048
0 1 1862 1389
0 1 1863 1790
0 1 1864 79
0 1 1865 1282
0 1 1866 1586
0 1 1867 1688
0 1 1868 618
0 1 1869 24
0 1 1870 117
0 1 1871 2697
0 1 1872 2945
0 1 1873 2237
0 1 1874 2994
0 1 1875 412
0 1 1876 1175
0 1 1877 1794
0 1 1878 1111
0 1 1879 34
0 1 1880 1454
0 1 1881 1566
0 1 1882 1674
0 1 1883 904
0 1 1884 2230
0 1 1885 1315
0 1 1886 1226
0 1 1887 1629
0 1 1888 1328
0 1 1889 1718
0 1 1890 633
0 1 1891 2365
0 1 1892 568
0 1 1893 572
0 1 1894 557
0 1 1895 1588
0 1 1896 2176
0 1 1897 2913
0 1 1898 2038
0 1 1899 330
0 1 1900 851
0 1 1901 581
0 1 1902 369
0 1 1903 21
0 1 1904 2220
0 1 1905 2133
0 1 1906 2175
0 1 1907 2996
0 1 1908 1467
0 1 1909 2659
0 1 1910 2595
0 1 1911 277
0 1 1912 69
0 1 1913 251
0 1 1914 2875
0 1 1915 1002
0 1 1916 59
0 1 1917 2578
0 1 1918 1478
0 1 1919 467
0 1 1920 64
0 1 1921 35
0 1 1922 2978
0 1 1923 2215
0 1 1924 1707
0 1 1925 957
0 1 1926 2563
0 1 1927 819
0 1 1928 1428
0 1 1929 1312
0 1 1930 774
0 1 1931 2229
0 1 1932 182
0 1 1933 876
0 1 1934 2409
0 1 1935 1873
0 1 1936 1679
0 1 1937 1387
0 1 1938 2900
0 1 1939 2368
0 1 1940 161
0 1 1941 775
0 1 1942 2151
0 1 1943 2828
0 1 1944 2013
0 1 1945 2716
0 1 1946 636
0 1 1947 1016
0 1 1948 2687
0 1 1949 2648
0 1 1950 90
0 1 1951 656
0 1 1952 1073
0 1 1953 1193
0 1 1954 2199
0 1 1955 2282
0 1 1956 1202
0 1 1957 496
0 1 1958 1058
0 1 1959 1142
0 1 1960 57
0 1 1961 1287
0 1 1962 212
0 1 1963 690
0 1 1964 1953
0 1 1965 1337
0 1 1966 1684
0 1 1967 1066
0 1 1968 2921
0 1 1969 2882
0 1 1970 166
0 1 1971 1032
0 1 1972 2886
0 1 1973 907
0 1 1974 2278
0 1 1975 295
0 1 1976 503
0 1 1977 1827
0 1 1978 219
0 1 1979 1043
0 1 1980 617
0 1 1981 2586
0 1 1982 1373
0 1 1983 1648
0 1 1984 316
0 1 1985 314
0 1 1986 2052
0 1 1987 2044
0 1 1988 1065
0 1 1989 282
0 1 1990 709
0 1 1991 571
0 1 1992 884
0 1 1993 2318
0 1 1994 119
0 1 1995 2715
0 1 1996 1655
0 1 1997 1242
0 1 1998 1279
0 1 1999 731
0 1 2000 1876
0 1 2001 2210
0 1 2002 2447
0 1 2003 570
0 1 2004 855
0 1 2005 1075
0 1 2006 1213
0 1 2007 755
0 1 2008 2951
0 1 2009 1981
0 1 2010 2178
0 1 2011 2727
0 1 2012 2092
0 1 2013 1339
0 1 2014 2134
0 1 2015 2223
0 1 2016 2758
0 1 2017 1049
0 1 2018 828
0 1 2019 2445
0 1 2020 1164
0 1 2021 1472
0 1 2022 1404
0 1 2023 1923
0 1 2024 1168
0 1 2025 337
0 1 2026 2930
0 1 2027 1882
0 1 2028 882
0 1 2029 1246
0 1 2030 2290
0 1 2031 637
0 1 2032 1024
0 1 2033 1155
0 1 2034 932
0 1 2035 2344
0 1 2036 2762
0 1 2037 2860
0 1 2038 1897
0 1 2039 458
0 1 2040 2924
0 1 2041 795
0 1 2042 2931
0 1 2043 725
0 1 2044 2549
0 1 2045 2611
0 1 2046 783
0 1 2047 2437
0 1 2048 2339
0 1 2049 189
0 1 2050 1737
0 1 2051 413
0 1 2052 1499
0 1 2053 1258
0 1 2054 167
0 1 2055 264
0 1 2056 1008
0 1 2057 1846
0 1 2058 1074
0 1 2059 1297
0 1 2060 2189
0 1 2061 1055
0 1 2062 1490
0 1 2063 1204
0 1 2064 136
0 1 2065 1574
0 1 2066 409
0 1 2067 2423
0 1 2068 1928
0 1 2069 766
0 1 2070 18
0 1 2071 1147
0 1 2072 2248
0 1 2073 461
0 1 2074 1460
0 1 2075 2297
0 1 2076 364
0 1 2077 930
0 1 2078 672
0 1 2079 2584
0 1 2080 825
0 1 2081 298
0 1 2082 20
0 1 2083 283
0 1 2084 1834
0 1 2085 2765
0 1 2086 2459
0 1 2087 1534
0 1 2088 2890
0 1 2089 1464
0 1 2090 173
0 1 2091 2991
0 1 2092 2842
0 1 2093 1687
0 1 2094 1119
0 1 2095 558
0 1 2096 1800
0 1 2097 1556
0 1 2098 1558
0 1 2099 475
0 1 2100 1585
0 1 2101 120
0 1 2102 2239
0 1 2103 645
0 1 2104 1251
0 1 2105 1910
0 1 2106 2076
0 1 2107 31
0 1 2108 857
0 1 2109 2475
0 1 2110 220
0 1 2111 170
0 1 2112 1340
0 1 2113 472
0 1 2114 2696
0 1 2115 2222
0 1 2116 1824
0 1 2117 1545
0 1 2118 1118
0 1 2119 768
0 1 2120 986
0 1 2121 2984
0 1 2122 266
0 1 2123 1559
0 1 2124 2926
0 1 2125 106
0 1 2126 772
0 1 2127 164
0 1 2128 1646
0 1 2129 174
0 1 2130 2298
0 1 2131 1278
0 1 2132 2638
0 1 2133 1148
0 1 2134 1015
0 1 2135 2815
0 1 2136 86
0 1 2137 2689
0 1 2138 2609
0 1 2139 626
0 1 2140 1307
0 1 2141 1643
0 1 2142 2625
0 1 2143 1813
0 1 2144 1423
0 1 2145 1936
0 1 2146 2933
0 1 2147 1247
0 1 2148 1452
0 1 2149 1466
0 1 2150 2741
0 1 2151 1799
0 1 2152 50
0 1 2153 1967
0 1 2154 1933
0 1 2155 2371
0 1 2156 2602
0 1 2157 620
0 1 2158 1281
0 1 2159 2206
0 1 2160 749
0 1 2161 859
0 1 2162 2619
0 1 2163 583
0 1 2164 2331
0 1 2165 2246
0 1 2166 256
0 1 2167 363
0 1 2168 1370
0 1 2169 429
0 1 2170 1522
0 1 2171 1863
0 1 2172 1817
0 1 2173 469
0 1 2174 2490
0 1 2175 1274
0 1 2176 135
0 1 2177 2772
0 1 2178 1767
0 1 2179 1820
0 1 2180 671
0 1 2181 357
0 1 2182 2213
0 1 2183 1560
0 1 2184 1796
0 1 2185 2123
0 1 2186 2455
0 1 2187 967
0 1 2188 1468
0 1 2189 2724
0 1 2190 2273
0 1 2191 127
0 1 2192 646
0 1 2193 1026
0 1 2194 792
0 1 2195 748
0 1 2196 1847
0 1 2197 2209
0 1 2198 1685
0 1 2199 279
0 1 2200 2889
0 1 2201 713
0 1 2202 2444
0 1 2203 1476
0 1 2204 906
0 1 2205 2955
0 1 2206 16
0 1 2207 1768
0 1 2208 88
0 1 2209 181
0 1 2210 1260
0 1 2211 19
0 1 2212 1191
0 1 2213 2880
0 1 2214 2685
0 1 2215 2011
0 1 2216 476
0 1 2217 479
0 1 2218 2899
0 1 2219 2106
0 1 2220 684
0 1 2221 1345
0 1 2222 2932
0 1 2223 2789
0 1 2224 1068
0 1 2225 2733
0 1 2226 1485
0 1 2227 916
0 1 2228 1134
0 1 2229 2118
0 1 2230 1696
0 1 2231 2464
0 1 2232 1215
0 1 2233 2424
0 1 2234 1567
0 1 2235 1732
0 1 2236 1872
0 1 2237 1174
0 1 2238 2432
0 1 2239 818
0 1 2240 592
0 1 2241 2505
0 1 2242 1502
0 1 2243 1989
0 1 2244 1299
0 1 2245 1552
0 1 2246 2740
0 1 2247 2693
0 1 2248 1519
0 1 2249 371
0 1 2250 2967
0 1 2251 1486
0 1 2252 578
0 1 2253 190
0 1 2254 1770
0 1 2255 729
0 1 2256 1197
0 1 2257 2130
0 1 2258 2582
0 1 2259 601
0 1 2260 2747
0 1 2261 586
0 1 2262 244
0 1 2263 762
0 1 2264 740
0 1 2265 677
0 1 2266 934
0 1 2267 1675
0 1 2268 1007
0 1 2269 1256
0 1 2270 593
0 1 2271 1784
0 1 2272 121
0 1 2273 2642
0 1 2274 2922
0 1 2275 1189
0 1 2276 861
0 1 2277 2929
0 1 2278 1435
0 1 2279 1090
0 1 2280 2792
0 1 2281 1325
0 1 2282 2529
0 1 2283 1727
0 1 2284 2208
0 1 2285 2149
0 1 2286 2012
0 1 2287 471
0 1 2288 2822
0 1 2289 1797
0 1 2290 482
0 1 2291 1626
0 1 2292 1593
0 1 2293 1508
0 1 2294 2761
0 1 2295 462
0 1 2296 2974
0 1 2297 2633
0 1 2298 2829
0 1 2299 1530
0 1 2300 1001
0 1 2301 63
0 1 2302 2295
0 1 2303 642
0 1 2304 2198
0 1 2305 2661
0 1 2306 598
0 1 2307 2483
0 1 2308 2550
0 1 2309 2871
0 1 2310 270
0 1 2311 344
0 1 2312 1964
0 1 2313 569
0 1 2314 1697
0 1 2315 2527
0 1 2316 124
0 1 2317 649
0 1 2318 2382
0 1 2319 2245
0 1 2320 1781
0 1 2321 1702
0 1 2322 2518
0 1 2323 518
0 1 2324 36
0 1 2325 382
0 1 2326 1267
0 1 2327 1944
0 1 2328 1608
0 1 2329 1384
0 1 2330 1748
0 1 2331 970
0 1 2332 436
0 1 2333 1114
0 1 2334 1578
0 1 2335 2954
0 1 2336 1783
0 1 2337 1145
0 1 2338 751
0 1 2339 2109
0 1 2340 1101
0 1 2341 242
0 1 2342 2217
0 1 2343 1431
0 1 2344 2398
0 1 2345 2235
0 1 2346 1693
0 1 2347 942
0 1 2348 707
0 1 2349 2854
0 1 2350 2156
0 1 2351 874
0 1 2352 726
0 1 2353 1424
0 1 2354 13
0 1 2355 604
0 1 2356 446
0 1 2357 1031
0 1 2358 97
0 1 2359 1924
0 1 2360 143
0 1 2361 2530
0 1 2362 1671
0 1 2363 195
0 1 2364 1584
0 1 2365 399
0 1 2366 2645
0 1 2367 2864
0 1 2368 1985
0 1 2369 542
0 1 2370 2184
0 1 2371 1990
0 1 2372 47
0 1 2373 2950
0 1 2374 54
0 1 2375 1976
0 1 2376 1659
0 1 2377 2404
0 1 2378 1089
0 1 2379 1470
0 1 2380 2477
0 1 2381 1322
0 1 2382 1829
0 1 2383 1500
0 1 2384 2394
0 1 2385 1418
0 1 2386 2795
0 1 2387 362
0 1 2388 246
0 1 2389 1904
0 1 2390 2341
0 1 2391 2045
0 1 2392 982
0 1 2393 842
0 1 2394 534
0 1 2395 2634
0 1 2396 296
0 1 2397 2227
0 1 2398 2743
0 1 2399 201
0 1 2400 2832
0 1 2401 2450
0 1 2402 376
0 1 2403 2879
0 1 2404 1085
0 1 2405 2562
0 1 2406 2995
0 1 2407 2473
0 1 2408 840
0 1 2409 955
0 1 2410 576
0 1 2411 2257
0 1 2412 1363
0 1 2413 179
0 1 2414 1812
0 1 2415 253
0 1 2416 2902
0 1 2417 1011
0 1 2418 487
0 1 2419 2790
0 1 2420 1401
0 1 2421 1689
0 1 2422 1474
0 1 2423 1678
0 1 2424 810
0 1 2425 1751
0 1 2426 2679
0 1 2427 1615
0 1 2428 2975
0 1 2429 1724
0 1 2430 1103
0 1 2431 259
0 1 2432 2218
0 1 2433 939
0 1 2434 1353
0 1 2435 2111
0 1 2436 2965
0 1 2437 238
0 1 2438 2384
0 1 2439 2170
0 1 2440 1706
0 1 2441 2347
0 1 2442 2061
0 1 2443 1053
0 1 2444 694
0 1 2445 1901
0 1 2446 1051
0 1 2447 2082
0 1 2448 1453
0 1 2449 224
0 1 2450 1296
0 1 2451 2891
0 1 2452 1507
0 1 2453 1712
0 1 2454 1228
0 1 2455 1540
0 1 2456 2299
0 1 2457 1528
0 1 2458 3
0 1 2459 320
0 1 2460 2669
0 1 2461 2383
0 1 2462 2018
0 1 2463 1621
0 1 2464 1159
0 1 2465 1305
0 1 2466 1815
0 1 2467 2389
0 1 2468 1745
0 1 2469 1239
0 1 2470 2425
0 1 2471 1902
0 1 2472 2063
0 1 2473 2536
0 1 2474 478
0 1 2475 131
0 1 2476 648
0 1 2477 2181
0 1 2478 564
0 1 2479 940
0 1 2480 717
0 1 2481 2015
0 1 2482 400
0 1 2483 1429
0 1 2484 1131
0 1 2485 1690
0 1 2486 2983
0 1 2487 459
0 1 2488 489
0 1 2489 2698
0 1 2490 931
0 1 2491 2262
0 1 2492 799
0 1 2493 1354
0 1 2494 2418
0 1 2495 2501
0 1 2496 9
0 1 2497 110
0 1 2498 231
0 1 2499 1123
0 1 2500 2971
0 1 2501 724
0 1 2502 685
0 1 2503 1956
0 1 2504 1167
0 1 2505 2883
0 1 2506 2818
0 1 2507 1234
0 1 2508 1974
0 1 2509 252
0 1 2510 1349
0 1 2511 2769
0 1 2512 1587
0 1 2513 2865
0 1 2514 1880
0 1 2515 1292
0 1 2516 1759
0 1 2517 393
0 1 2518 923
0 1 2519 1475
0 1 2520 2498
0 1 2521 1044
0 1 2522 2328
0 1 2523 1057
0 1 2524 2935
0 1 2525 1725
0 1 2526 1986
0 1 2527 1
0 1 2528 395
0 1 2529 274
0 1 2530 798
0 1 2531 2021
0 1 2532 2479
0 1 2533 1462
0 1 2534 1427
0 1 2535 208
0 1 2536 585
0 1 2537 510
0 1 2538 1609
0 1 2539 2775
0 1 2540 1641
0 1 2541 2616
0 1 2542 607
0 1 2543 96
0 1 2544 786
0 1 2545 1459
0 1 2546 78
0 1 2547 1336
0 1 2548 2097
0 1 2549 1698
0 1 2550 2982
0 1 2551 2641
0 1 2552 2555
0 1 2553 550
0 1 2554 1686
0 1 2555 2878
0 1 2556 2793
0 1 2557 1098
0 1 2558 1358
0 1 2559 1367
0 1 2560 2938
0 1 2561 2054
0 1 2562 2643
0 1 2563 2686
0 1 2564 580
0 1 2565 1788
0 1 2566 1730
0 1 2567 199
0 1 2568 2292
0 1 2569 1752
0 1 2570 1831
0 1 2571 2119
0 1 2572 2376
0 1 2573 486
0 1 2574 2925
0 1 2575 1631
0 1 2576 2098
0 1 2577 2287
0 1 2578 767
0 1 2579 250
0 1 2580 892
0 1 2581 1734
0 1 2582 989
0 1 2583 853
0 1 2584 272
0 1 2585 154
0 1 2586 2927
0 1 2587 232
0 1 2588 785
0 1 2589 2835
0 1 2590 2244
0 1 2591 2607
0 1 2592 1392
0 1 2593 1577
0 1 2594 2436
0 1 2595 929
0 1 2596 1095
0 1 2597 230
0 1 2598 669
0 1 2599 1308
0 1 2600 1105
0 1 2601 1078
0 1 2602 2023
0 1 2603 2107
0 1 2604 2485
0 1 2605 1162
0 1 2606 994
0 1 2607 2162
0 1 2608 2461
0 1 2609 2268
0 1 2610 1877
0 1 2611 2915
0 1 2612 1570
0 1 2613 1954
0 1 2614 1245
0 1 2615 192
0 1 2616 582
0 1 2617 1316
0 1 2618 2605
0 1 2619 918
0 1 2620 372
0 1 2621 273
0 1 2622 186
0 1 2623 321
0 1 2624 789
0 1 2625 343
0 1 2626 2233
0 1 2627 2140
0 1 2628 240
0 1 2629 2026
0 1 2630 837
0 1 2631 2831
0 1 2632 358
0 1 2633 817
0 1 2634 1368
0 1 2635 2603
0 1 2636 280
0 1 2637 390
0 1 2638 2403
0 1 2639 1171
0 1 2640 2440
0 1 2641 332
0 1 2642 1033
0 1 2643 528
0 1 2644 2709
0 1 2645 2494
0 1 2646 1133
0 1 2647 2657
0 1 2648 1757
0 1 2649 771
0 1 2650 2275
0 1 2651 1601
0 1 2652 547
0 1 2653 742
0 1 2654 2538
0 1 2655 2542
0 1 2656 1946
0 1 2657 1603
0 1 2658 753
0 1 2659 2448
0 1 2660 2591
0 1 2661 687
0 1 2662 2387
0 1 2663 2422
0 1 2664 2870
0 1 2665 1492
0 1 2666 1839
0 1 2667 1290
0 1 2668 1069
0 1 2669 2121
0 1 2670 1805
0 1 2671 712
0 1 2672 2635
0 1 2673 1604
0 1 2674 2053
0 1 2675 2190
0 1 2676 1992
0 1 2677 2004
0 1 2678 1527
0 1 2679 659
0 1 2680 1529
0 1 2681 480
0 1 2682 2690
0 1 2683 1210
0 1 2684 422
0 1 2685 2987
0 1 2686 976
0 1 2687 631
0 1 2688 2739
0 1 2689 2325
0 1 2690 803
0 1 2691 387
0 1 2692 1369
0 1 2693 691
0 1 2694 2504
0 1 2695 2084
0 1 2696 2321
0 1 2697 1884
0 1 2698 2480
0 1 2699 109
0 1 2700 1196
0 1 2701 473
0 1 2702 2859
0 1 2703 402
0 1 2704 2695
0 1 2705 2367
0 1 2706 1302
0 1 2707 2443
0 1 2708 2682
0 1 2709 1719
0 1 2710 1607
0 1 2711 2020
0 1 2712 340
0 1 2713 155
0 1 2714 1703
0 1 2715 2559
0 1 2716 284
0 1 2717 971
0 1 2718 1651
0 1 2719 710
0 1 2720 2027
0 1 2721 1169
0 1 2722 2892
0 1 2723 56
0 1 2724 2546
0 1 2725 1857
0 1 2726 1657
0 1 2727 1153
0 1 2728 1391
0 1 2729 1832
0 1 2730 445
0 1 2731 2024
0 1 2732 1150
0 1 2733 2326
0 1 2734 2259
0 1 2735 2613
0 1 2736 2214
0 1 2737 2457
0 1 2738 196
0 1 2739 2528
0 1 2740 431
0 1 2741 1257
0 1 2742 2804
0 1 2743 1821
0 1 2744 807
0 1 2745 951
0 1 2746 2380
0 1 2747 1489
0 1 2748 727
0 1 2749 1917
0 1 2750 2033
0 1 2751 1143
0 1 2752 555
0 1 2753 988
0 1 2754 683
0 1 2755 1645
0 1 2756 623
0 1 2757 611
0 1 2758 258
0 1 2759 1625
0 1 2760 2953
0 1 2761 2167
0 1 2762 1346
0 1 2763 1056
0 1 2764 339
0 1 2765 898
0 1 2766 1099
0 1 2767 2196
0 1 2768 351
0 1 2769 721
0 1 2770 2717
0 1 2771 114
0 1 2772 2252
0 1 2773 2066
0 1 2774 421
0 1 2775 1390
0 1 2776 1731
0 1 2777 2506
0 1 2778 1186
0 1 2779 2940
0 1 2780 4
0 1 2781 2086
0 1 2782 1289
0 1 2783 348
0 1 2784 1023
0 1 2785 901
0 1 2786 1898
0 1 2787 2893
0 1 2788 1763
0 1 2789 1750
0 1 2790 1878
0 1 2791 2806
0 1 2792 2301
0 1 2793 243
0 1 2794 2010
0 1 2795 2361
0 1 2796 2653
0 1 2797 2228
0 1 2798 1113
0 1 2799 1862
0 1 2800 692
0 1 2801 447
0 1 2802 169
0 1 2803 2944
0 1 2804 2745
0 1 2805 2067
0 1 2806 2050
0 1 2807 722
0 1 2808 367
0 1 2809 2545
0 1 2810 440
0 1 2811 844
0 1 2812 506
0 1 2813 1789
0 1 2814 1107
0 1 2815 676
0 1 2816 55
0 1 2817 793
0 1 2818 1019
0 1 2819 2766
0 1 2820 889
0 1 2821 2824
0 1 2822 171
0 1 2823 2095
0 1 2824 2346
0 1 2825 1198
0 1 2826 406
0 1 2827 1870
0 1 2828 1991
0 1 2829 1479
0 1 2830 420
0 1 2831 1557
0 1 2832 765
0 1 2833 1220
0 1 2834 2144
0 1 2835 84
0 1 2836 1881
0 1 2837 1852
0 1 2838 2601
0 1 2839 2812
0 1 2840 2516
0 1 2841 1180
0 1 2842 304
0 1 2843 2307
0 1 2844 2675
0 1 2845 331
0 1 2846 780
0 1 2847 2683
0 1 2848 1151
0 1 2849 2113
0 1 2850 1140
0 1 2851 317
0 1 2852 1386
0 1 2853 2756
0 1 2854 1139
0 1 2855 2085
0 1 2856 1379
0 1 2857 1291
0 1 2858 2349
0 1 2859 1583
0 1 2860 1918
0 1 2861 1455
0 1 2862 1526
0 1 2863 1300
0 1 2864 539
0 1 2865 105
0 1 2866 1638
0 1 2867 675
0 1 2868 832
0 1 2869 965
0 1 2870 2032
0 1 2871 2182
0 1 2872 2147
0 1 2873 1108
0 1 2874 949
0 1 2875 1080
0 1 2876 27
0 1 2877 1958
0 1 2878 1399
0 1 2879 1383
0 1 2880 2867
0 1 2881 1311
0 1 2882 2677
0 1 2883 944
0 1 2884 210
0 1 2885 575
0 1 2886 2723
0 1 2887 2949
0 1 2888 433
0 1 2889 497
0 1 2890 1230
0 1 2891 1963
0 1 2892 1665
0 1 2893 1036
0 1 2894 2231
0 1 2895 2421
0 1 2896 23
0 1 2897 1483
0 1 2898 2057
0 1 2899 1726
0 1 2900 1086
0 1 2901 1676
0 1 2902 2841
0 1 2903 827
0 1 2904 1889
0 1 2905 993
0 1 2906 759
0 1 2907 42
0 1 2908 2484
0 1 2909 960
0 1 2910 2968
0 1 2911 616
0 1 2912 428
0 1 2913 1539
0 1 2914 52
0 1 2915 1598
0 1 2916 1000
0 1 2917 1968
0 1 2918 2783
0 1 2919 2068
0 1 2920 1416
0 1 2921 1605
0 1 2922 2532
0 1 2923 621
0 1 2924 2177
0 1 2925 605
0 1 2926 432
0 1 2927 848
0 1 2928 1859
0 1 2929 2
0 1 2930 1644
0 1 2931 1264
0 1 2932 2773
0 1 2933 1909
0 1 2934 1925
0 1 2935 499
0 1 2936 536
0 1 2937 622
0 1 2938 1793
0 1 2939 389
0 1 2940 947
0 1 2941 995
0 1 2942 1776
0 1 2943 1495
0 1 2944 1317
0 1 2945 2304
0 1 2946 2992
0 1 2947 2708
0 1 2948 2651
0 1 2949 262
0 1 2950 2858
0 1 2951 2565
0 1 2952 145
0 1 2953 1110
0 1 2954 1324
0 1 2955 1973
0 1 2956 1504
0 1 2957 1382
0 1 2958 236
0 1 2959 2897
0 1 2960 111
0 1 2961 1533
0 1 2962 1823
0 1 2963 2306
0 1 2964 2360
0 1 2965 2862
0 1 2966 488
0 1 2967 1440
0 1 2968 1900
0 1 2969 297
0 1 2970 1822
0 1 2971 1780
0 1 2972 2072
0 1 2973 1433
0 1 2974 391
0 1 2975 1403
0 1 2976 2105
0 1 2977 2840
0 1 2978 1741
0 1 2979 1841
0 1 2980 2312
0 1 2981 2919
0 1 2982 2593
0 1 2983 2566
0 1 2984 2030
0 1 2985 2336
0 1 2986 392
0 1 2987 643
0 1 2988 1029
0 1 2989 1941
0 1 2990 206
0 1 2991 599
0 1 2992 60
0 1 2993 2090
0 1 2994 2284
0 1 2995 1303
0 1 2996 732
0 1 2997 1135
0 1 2998 1444
0 1 2999 2905
0 1 3000 417
1 1 1501 628
1 1 1502 431
1 1 1503 804
1 1 1504 97
1 1 1505 1042
1 1 1506 955
1 1 1507 414
1 1 1508 1376
1 1 1509 1150
1 1 1510 941
1 1 1511 1094
1 1 1512 351
1 1 1513 1492
1 1 1514 663
1 1 1515 328
1 1 1516 1105
1 1 1517 1256
1 1 1518 1321
1 1 1519 1258
1 1 1520 1115
1 1 1521 1288
1 1 1522 1365
1 1 1523 340
1 1 1524 749
1 1 1525 917
1 1 1526 408
1 1 1527 1435
1 1 1528 537
1 1 1529 1240
1 1 1530 242
1 1 1531 1083
1 1 1532 233
1 1 1533 478
1 1 1534 169
1 1 1535 38
1 1 1536 556
1 1 1537 276
1 1 1538 48
1 1 1539 508
1 1 1540 1208
1 1 1541 1284
1 1 1542 1226
1 1 1543 612
1 1 1544 460
1 1 1545 1245
1 1 1546 1300
1 1 1547 361
1 1 1548 170
1 1 1549 672
1 1 1550 52
1 1 1551 213
1 1 1552 214
1 1 1553 570
1 1 1554 204
1 1 1555 1440
1 1 1556 886
1 1 1557 1009
1 1 1558 336
1 1 1559 1082
1 1 1560 1190
1 1 1561 355
1 1 1562 788
1 1 1563 1429
1 1 1564 211
1 1 1565 222
1 1 1566 1247
1 1 1567 480
1 1 1568 24
1 1 1569 586
1 1 1570 386
1 1 1571 779
1 1 1572 1484
1 1 1573 1385
1 1 1574 880
1 1 1575 958
1 1 1576 418
1 1 1577 201
1 1 1578 686
1 1 1579 157
1 1 1580 220
1 1 1581 1185
1 1 1582 1332
1 1 1583 136
1 1 1584 531
1 1 1585 320
1 1 1586 874
1 1 1587 907
1 1 1588 147
1 1 1589 310
1 1 1590 723
1 1 1591 277
1 1 1592 1087
1 1 1593 994
1 1 1594 1408
1 1 1595 738
1 1 1596 877
1 1 1597 1396
1 1 1598 248
1 1 1599 643
1 1 1600 280
1 1 1601 1424
1 1 1602 50
1 1 1603 1359
1 1 1604 532
1 1 1605 321
1 1 1606 1387
1 1 1607 1157
1 1 1608 538
1 1 1609 10
1 1 1610 1458
1 1 1611 552
1 1 1612 193
1 1 1613 279
1 1 1614 72
1 1 1615 21
1 1 1616 1028
1 1 1617 1459
1 1 1618 1129
1 1 1619 1343
1 1 1620 1274
1 1 1621 550
1 1 1622 387
1 1 1623 978
1 1 1624 721
1 1 1625 1380
1 1 1626 559
1 1 1627 420
1 1 1628 1344
1 1 1629 23
1 1 1630 1049
1 1 1631 943
1 1 1632 940
1 1 1633 996
1 1 1634 676
1 1 1635 703
1 1 1636 225
1 1 1637 8
1 1 1638 433
1 1 1639 244
1 1 1640 32
1 1 1641 1450
1 1 1642 1330
1 1 1643 385
1 1 1644 557
1 1 1645 409
1 1 1646 1231
1 1 1647 87
1 1 1648 1447
1 1 1649 642
1 1 1650 635
1 1 1651 517
1 1 1652 322
1 1 1653 1286
1 1 1654 502
1 1 1655 1271
1 1 1656 1039
1 1 1657 859
1 1 1658 1487
1 1 1659 123
1 1 1660 85
1 1 1661 1077
1 1 1662 515
1 1 1663 1399
1 1 1664 128
1 1 1665 972
1 1 1666 1023
1 1 1667 846
1 1 1668 484
1 1 1669 1195
1 1 1670 799
1 1 1671 195
1 1 1672 1022
1 1 1673 1230
1 1 1674 1114
1 1 1675 485
1 1 1676 1017
1 1 1677 283
1 1 1678 1175
1 1 1679 1382
1 1 1680 346
1 1 1681 1280
1 1 1682 1177
1 1 1683 1491
1 1 1684 1163
1 1 1685 773
1 1 1686 1053
1 1 1687 1224
1 1 1688 405
1 1 1689 1312
1 1 1690 661
1 1 1691 1356
1 1 1692 1456
1 1 1693 419
1 1 1694 905
1 1 1695 1219
1 1 1696 1050
1 1 1697 1263
1 1 1698 597
1 1 1699 56
1 1 1700 1209
1 1 1701 707
1 1 1702 1071
1 1 1703 371
1 1 1704 185
1 1 1705 268
1 1 1706 329
1 1 1707 337
1 1 1708 234
1 1 1709 61
1 1 1710 64
1 1 1711 1337
1 1 1712 1328
1 1 1713 1311
1 1 1714 984
1 1 1715 235
1 1 1716 734
1 1 1717 837
1 1 1718 598
1 1 1719 249
1 1 1720 7
1 1 1721 807
1 1 1722 215
1 1 1723 1273
1 1 1724 963
1 1 1725 938
1 1 1726 919
1 1 1727 341
1 1 1728 1436
1 1 1729 490
1 1 1730 103
1 1 1731 936
1 1 1732 1216
1 1 1733 580
1 1 1734 1472
1 1 1735 77
1 1 1736 998
1 1 1737 455
1 1 1738 1476
1 1 1739 574
1 1 1740 1386
1 1 1741 792
1 1 1742 748
1 1 1743 1354
1 1 1744 269
1 1 1745 666
1 1 1746 135
1 1 1747 434
1 1 1748 1110
1 1 1749 178
1 1 1750 9
1 1 1751 1040
1 1 1752 1014
1 1 1753 240
1 1 1754 500
1 1 1755 125
1 1 1756 1128
1 1 1757 767
1 1 1758 691
1 1 1759 473
1 1 1760 698
1 1 1761 625
1 1 1762 139
1 1 1763 1304
1 1 1764 1054
1 1 1765 565
1 1 1766 915
1 1 1767 335
1 1 1768 78
1 1 1769 493
1 1 1770 406
1 1 1771 317
1 1 1772 55
1 1 1773 742
1 1 1774 302
1 1 1775 1308
1 1 1776 1249
1 1 1777 1242
1 1 1778 806
1 1 1779 654
1 1 1780 1134
1 1 1781 1342
1 1 1782 816
1 1 1783 1073
1 1 1784 1072
1 1 1785 1121
1 1 1786 410
1 1 1787 571
1 1 1788 629
1 1 1789 1302
1 1 1790 1160
1 1 1791 1013
1 1 1792 903
1 1 1793 1266
1 1 1794 1155
1 1 1795 623
1 1 1796 758
1 1 1797 969
1 1 1798 1098
1 1 1799 1400
1 1 1800 1244
1 1 1801 1149
1 1 1802 1326
1 1 1803 871
1 1 1804 1213
1 1 1805 950
1 1 1806 327
1 1 1807 1299
1 1 1808 1403
1 1 1809 1390
1 1 1810 389
1 1 1811 466
1 1 1812 701
1 1 1813 920
1 1 1814 144
1 1 1815 285
1 1 1816 1453
1 1 1817 1438
1 1 1818 1461
1 1 1819 267
1 1 1820 1051
1 1 1821 469
1 1 1822 148
1 1 1823 316
1 1 1824 407
1 1 1825 674
1 1 1826 690
1 1 1827 344
1 1 1828 693
1 1 1829 619
1 1 1830 497
1 1 1831 881
1 1 1832 149
1 1 1833 1221
1 1 1834 116
1 1 1835 238
1 1 1836 1413
1 1 1837 658
1 1 1838 11
1 1 1839 1122
1 1 1840 202
1 1 1841 1201
1 1 1842 1092
1 1 1843 1057
1 1 1844 669
1 1 1845 1295
1 1 1846 866
1 1 1847 210
1 1 1848 1430
1 1 1849 601
1 1 1850 1097
1 1 1851 359
1 1 1852 761
1 1 1853 458
1 1 1854 1037
1 1 1855 1036
1 1 1856 862
1 1 1857 1164
1 1 1858 1270
1 1 1859 34
1 1 1860 221
1 1 1861 383
1 1 1862 1418
1 1 1863 482
1 1 1864 1363
1 1 1865 1225
1 1 1866 1220
1 1 1867 1465
1 1 1868 1100
1 1 1869 1131
1 1 1870 486
1 1 1871 41
1 1 1872 339
1 1 1873 1189
1 1 1874 492
1 1 1875 182
1 1 1876 714
1 1 1877 1474
1 1 1878 1047
1 1 1879 1324
1 1 1880 945
1 1 1881 534
1 1 1882 997
1 1 1883 811
1 1 1884 188
1 1 1885 1045
1 1 1886 441
1 1 1887 868
1 1 1888 680
1 1 1889 53
1 1 1890 114
1 1 1891 272
1 1 1892 507
1 1 1893 715
1 1 1894 1
1 1 1895 76
1 1 1896 589
1 1 1897 513
1 1 1898 236
1 1 1899 1194
1 1 1900 595
1 1 1901 306
1 1 1902 1349
1 1 1903 1357
1 1 1904 1250
1 1 1905 1212
1 1 1906 67
1 1 1907 935
1 1 1908 840
1 1 1909 107
1 1 1910 1367
1 1 1911 812
1 1 1912 366
1 1 1913 622
1 1 1914 1117
1 1 1915 216
1 1 1916 1407
1 1 1917 847
1 1 1918 855
1 1 1919 1183
1 1 1920 1033
1 1 1921 1217
1 1 1922 581
1 1 1923 1196
1 1 1924 904
1 1 1925 462
1 1 1926 587
1 1 1927 435
1 1 1928 348
1 1 1929 265
1 1 1930 137
1 1 1931 427
1 1 1932 926
1 1 1933 744
1 1 1934 130
1 1 1935 551
1 1 1936 620
1 1 1937 639
1 1 1938 445
1 1 1939 1120
1 1 1940 694
1 1 1941 977
1 1 1942 1404
1 1 1943 3
1 1 1944 655
1 1 1945 1419
1 1 1946 449
1 1 1947 883
1 1 1948 829
1 1 1949 1029
1 1 1950 925
1 1 1951 266
1 1 1952 1112
1 1 1953 1081
1 1 1954 417
1 1 1955 1373
1 1 1956 177
1 1 1957 541
1 1 1958 576
1 1 1959 953
1 1 1960 961
1 1 1961 850
1 1 1962 1124
1 1 1963 637
1 1 1964 1181
1 1 1965 700
1 1 1966 1305
1 1 1967 1035
1 1 1968 1285
1 1 1969 739
1 1 1970 121
1 1 1971 809
1 1 1972 1123
1 1 1973 440
1 1 1974 1405
1 1 1975 84
1 1 1976 495
1 1 1977 711
1 1 1978 533
1 1 1979 260
1 1 1980 245
1 1 1981 491
1 1 1982 1235
1 1 1983 810
1 1 1984 1003
1 1 1985 824
1 1 1986 69
1 1 1987 895
1 1 1988 1141
1 1 1989 656
1 1 1990 138
1 1 1991 1075
1 1 1992 1205
1 1 1993 483
1 1 1994 647
1 1 1995 1260
1 1 1996 1398
1 1 1997 166
1 1 1998 1366
1 1 1999 1070
1 1 2000 273
1 1 2001 869
1 1 2002 1222
1 1 2003 124
1 1 2004 479
1 1 2005 218
1 1 2006 392
1 1 2007 325
1 1 2008 528
1 1 2009 364
1 1 2010 1214
1 1 2011 1232
1 1 2012 769
1 1 2013 717
1 1 2014 1246
1 1 2015 1142
1 1 2016 1193
1 1 2017 446
1 1 2018 514
1 1 2019 1264
1 1 2020 118
1 1 2021 1144
1 1 2022 1466
1 1 2023 59
1 1 2024 1020
1 1 2025 36
1 1 2026 112
1 1 2027 924
1 1 2028 725
1 1 2029 314
1 1 2030 295
1 1 2031 413
1 1 2032 89
1 1 2033 1259
1 1 2034 1021
1 1 2035 1252
1 1 2036 93
1 1 2037 705
1 1 2038 696
1 1 2039 900
1 1 2040 12
1 1 2041 710
1 1 2042 1052
1 1 2043 26
1 1 2044 1289
1 1 2045 521
1 1 2046 833
1 1 2047 727
1 1 2048 1161
1 1 2049 370
1 1 2050 1018
1 1 2051 1080
1 1 2052 572
1 1 2053 305
1 1 2054 959
1 1 2055 1483
1 1 2056 965
1 1 2057 1062
1 1 2058 789
1 1 2059 949
1 1 2060 292
1 1 2061 1287
1 1 2062 1145
1 1 2063 927
1 1 2064 454
1 1 2065 1204
1 1 2066 288
1 1 2067 74
1 1 2068 1488
1 1 2069 176
1 1 2070 1293
1 1 2071 575
1 1 2072 516
1 1 2073 415
1 1 2074 436
1 1 2075 289
1 1 2076 542
1 1 2077 312
1 1 2078 2
1 1 2079 1031
1 1 2080 381
1 1 2081 582
1 1 2082 347
1 1 2083 459
1 1 2084 287
1 1 2085 1012
1 1 2086 1470
1 1 2087 1158
1 1 2088 232
1 1 2089 100
1 1 2090 857
1 1 2091 852
1 1 2092 659
1 1 2093 1146
1 1 2094 841
1 1 2095 708
1 1 2096 1254
1 1 2097 44
1 1 2098 504
1 1 2099 71
1 1 2100 367
1 1 2101 1202
1 1 2102 1371
1 1 2103 667
1 1 2104 1060
1 1 2105 512
1 1 2106 1169
1 1 2107 1368
1 1 2108 664
1 1 2109 1327
1 1 2110 568
1 1 2111 1336
1 1 2112 1187
1 1 2113 156
1 1 2114 501
1 1 2115 671
1 1 2116 49
1 1 2117 825
1 1 2118 1446
1 1 2119 429
1 1 2120 1236
1 1 2121 1381
1 1 2122 732
1 1 2123 649
1 1 2124 873
1 1 2125 1388
1 1 2126 237
1 1 2127 1096
1 1 2128 373
1 1 2129 183
1 1 2130 376
1 1 2131 51
1 1 2132 741
1 1 2133 1391
1 1 2134 1046
1 1 2135 1162
1 1 2136 912
1 1 2137 1061
1 1 2138 1265
1 1 2139 989
1 1 2140 338
1 1 2141 271
1 1 2142 424
1 1 2143 28
1 1 2144 1283
1 1 2145 263
1 1 2146 819
1 1 2147 375
1 1 2148 593
1 1 2149 333
1 1 2150 1415
1 1 2151 450
1 1 2152 45
1 1 2153 453
1 1 2154 1171
1 1 2155 1174
1 1 2156 27
1 1 2157 399
1 1 2158 1030
1 1 2159 1383
1 1 2160 743
1 1 2161 1412
1 1 2162 467
1 1 2163 626
1 1 2164 640
1 1 2165 208
1 1 2166 922
1 1 2167 524
1 1 2168 154
1 1 2169 731
1 1 2170 489
1 1 2171 584
1 1 2172 46
1 1 2173 1427
1 1 2174 750
1 1 2175 560
1 1 2176 108
1 1 2177 946
1 1 2178 617
1 1 2179 70
1 1 2180 1065
1 1 2181 1010
1 1 2182 1044
1 1 2183 22
1 1 2184 254
1 1 2185 770
1 1 2186 736
1 1 2187 231
1 1 2188 161
1 1 2189 1237
1 1 2190 475
1 1 2191 621
1 1 2192 1001
1 1 2193 99
1 1 2194 763
1 1 2195 1318
1 1 2196 1335
1 1 2197 1479
1 1 2198 583
1 1 2199 368
1 1 2200 948
1 1 2201 668
1 1 2202 1378
1 1 2203 1397
1 1 2204 1148
1 1 2205 106
1 1 2206 1207
1 1 2207 782
1 1 2208 863
1 1 2209 262
1 1 2210 1498
1 1 2211 298
1 1 2212 1469
1 1 2213 1496
1 1 2214 1007
1 1 2215 88
1 1 2216 772
1 1 2217 1137
1 1 2218 1442
1 1 2219 105
1 1 2220 615
1 1 2221 878
1 1 2222 1494
1 1 2223 1238
1 1 2224 896
1 1 2225 1434
1 1 2226 766
1 1 2227 470
1 1 2228 95
1 1 2229 1395
1 1 2230 992
1 1 2231 253
1 1 2232 1481
1 1 2233 425
1 1 2234 98
1 1 2235 1206
1 1 2236 1452
1 1 2237 297
1 1 2238 247
1 1 2239 828
1 1 2240 4
1 1 2241 432
1 1 2242 1277
1 1 2243 675
1 1 2244 1341
1 1 2245 511
1 1 2246 1111
1 1 2247 879
1 1 2248 1322
1 1 2249 66
1 1 2250 278
1 1 2251 282
1 1 2252 369
1 1 2253 733
1 1 2254 1170
1 1 2255 14
1 1 2256 457
1 1 2257 1127
1 1 2258 596
1 1 2259 849
1 1 2260 1369
1 1 2261 897
1 1 2262 1495
1 1 2263 1319
1 1 2264 151
1 1 2265 498
1 1 2266 678
1 1 2267 740
1 1 2268 1291
1 1 2269 17
1 1 2270 1444
1 1 2271 352
1 1 2272 270
1 1 2273 1086
1 1 2274 1441
1 1 2275 720
1 1 2276 848
1 1 2277 6
1 1 2278 1409
1 1 2279 1313
1 1 2280 540
1 1 2281 1417
1 1 2282 1140
1 1 2283 634
1 1 2284 1255
1 1 2285 1473
1 1 2286 394
1 1 2287 795
1 1 2288 1101
1 1 2289 894
1 1 2290 555
1 1 2291 284
1 1 2292 797
1 1 2293 57
1 1 2294 752
1 1 2295 547
1 1 2296 681
1 1 2297 944
1 1 2298 73
1 1 2299 205
1 1 2300 1248
1 1 2301 679
1 1 2302 1497
1 1 2303 172
1 1 2304 1200
1 1 2305 357
1 1 2306 80
1 1 2307 94
1 1 2308 1306
1 1 2309 192
1 1 2310 165
1 1 2311 354
1 1 2312 979
1 1 2313 1352
1 1 2314 1025
1 1 2315 1076
1 1 2316 1159
1 1 2317 145
1 1 2318 301
1 1 2319 815
1 1 2320 1167
1 1 2321 252
1 1 2322 1218
1 1 2323 613
1 1 2324 845
1 1 2325 1059
1 1 2326 1016
1 1 2327 509
1 1 2328 1130
1 1 2329 928
1 1 2330 477
1 1 2331 224
1 1 2332 1333
1 1 2333 160
1 1 2334 539
1 1 2335 1425
1 1 2336 818
1 1 2337 764
1 1 2338 258
1 1 2339 39
1 1 2340 683
1 1 2341 518
1 1 2342 937
1 1 2343 1078
1 1 2344 1394
1 1 2345 1116
1 1 2346 1360
1 1 2347 299
1 1 2348 423
1 1 2349 827
1 1 2350 286
1 1 2351 494
1 1 2352 452
1 1 2353 1489
1 1 2354 1282
1 1 2355 391
1 1 2356 1168
1 1 2357 704
1 1 2358 1210
1 1 2359 835
1 1 2360 1239
1 1 2361 980
1 1 2362 396
1 1 2363 426
1 1 2364 1192
1 1 2365 588
1 1 2366 689
1 1 2367 503
1 1 2368 75
1 1 2369 261
1 1 2370 712
1 1 2371 1499
1 1 2372 212
1 1 2373 1143
1 1 2374 562
1 1 2375 1374
1 1 2376 196
1 1 2377 323
1 1 2378 15
1 1 2379 129
1 1 2380 1428
1 1 2381 411
1 1 2382 311
1 1 2383 1482
1 1 2384 602
1 1 2385 442
1 1 2386 68
1 1 2387 463
1 1 2388 985
1 1 2389 19
1 1 2390 1316
1 1 2391 662
1 1 2392 902
1 1 2393 677
1 1 2394 207
1 1 2395 342
1 1 2396 858
1 1 2397 1320
1 1 2398 380
1 1 2399 1421
1 1 2400 939
1 1 2401 345
1 1 2402 872
1 1 2403 257
1 1 2404 747
1 1 2405 1455
1 1 2406 1269
1 1 2407 606
1 1 2408 523
1 1 2409 1211
1 1 2410 173
1 1 2411 535
1 1 2412 117
1 1 2413 916
1 1 2414 801
1 1 2415 759
1 1 2416 1011
1 1 2417 448
1 1 2418 451
1 1 2419 746
1 1 2420 771
1 1 2421 1034
1 1 2422 1301
1 1 2423 1019
1 1 2424 548
1 1 2425 377
1 1 2426 887
1 1 2427 1463
1 1 2428 1331
1 1 2429 307
1 1 2430 856
1 1 2431 609
1 1 2432 638
1 1 2433 319
1 1 2434 826
1 1 2435 1379
1 1 2436 1074
1 1 2437 566
1 1 2438 461
1 1 2439 1334
1 1 2440 1351
1 1 2441 378
1 1 2442 1056
1 1 2443 607
1 1 2444 388
1 1 2445 1422
1 1 2446 1310
1 1 2447 1241
1 1 2448 616
1 1 2449 1358
1 1 2450 110
1 1 2451 561
1 1 2452 1043
1 1 2453 353
1 1 2454 954
1 1 2455 402
1 1 2456 610
1 1 2457 1278
1 1 2458 1464
1 1 2459 168
1 1 2460 200
1 1 2461 1166
1 1 2462 194
1 1 2463 1275
1 1 2464 834
1 1 2465 1006
1 1 2466 20
1 1 2467 526
1 1 2468 1176
1 1 2469 929
1 1 2470 624
1 1 2471 1445
1 1 2472 1350
1 1 2473 1402
1 1 2474 757
1 1 2475 762
1 1 2476 942
1 1 2477 1102
1 1 2478 885
1 1 2479 416
1 1 2480 1431
1 1 2481 798
1 1 2482 488
1 1 2483 92
1 1 2484 350
1 1 2485 1339
1 1 2486 1026
1 1 2487 206
1 1 2488 1067
1 1 2489 1294
1 1 2490 158
1 1 2491 1340
1 1 2492 444
1 1 2493 1153
1 1 2494 293
1 1 2495 600
1 1 2496 37
1 1 2497 226
1 1 2498 830
1 1 2499 505
1 1 2500 820
1 1 2501 860
1 1 2502 1370
1 1 2503 1297
1 1 2504 906
1 1 2505 817
1 1 2506 832
1 1 2507 400
1 1 2508 776
1 1 2509 349
1 1 2510 567
1 1 2511 403
1 1 2512 987
1 1 2513 143
1 1 2514 1460
1 1 2515 630
1 1 2516 1268
1 1 2517 132
1 1 2518 1401
1 1 2519 753
1 1 2520 520
1 1 2521 1136
1 1 2522 999
1 1 2523 155
1 1 2524 956
1 1 2525 1433
1 1 2526 777
1 1 2527 428
1 1 2528 43
1 1 2529 1298
1 1 2530 1490
1 1 2531 684
1 1 2532 372
1 1 2533 1279
1 1 2534 229
1 1 2535 911
1 1 2536 360
1 1 2537 699
1 1 2538 899
1 1 2539 967
1 1 2540 1085
1 1 2541 838
1 1 2542 456
1 1 2543 1223
1 1 2544 162
1 1 2545 898
1 1 2546 775
1 1 2547 1064
1 1 2548 1346
1 1 2549 330
1 1 2550 1091
1 1 2551 1406
1 1 2552 111
1 1 2553 447
1 1 2554 1486
1 1 2555 802
1 1 2556 1199
1 1 2557 790
1 1 2558 1364
1 1 2559 971
1 1 2560 180
1 1 2561 1500
1 1 2562 931
1 1 2563 993
1 1 2564 590
1 1 2565 934
1 1 2566 127
1 1 2567 1448
1 1 2568 653
1 1 2569 126
1 1 2570 324
1 1 2571 439
1 1 2572 40
1 1 2573 1314
1 1 2574 1384
1 1 2575 199
1 1 2576 102
1 1 2577 343
1 1 2578 1290
1 1 2579 1437
1 1 2580 933
1 1 2581 947
1 1 2582 892
1 1 2583 760
1 1 2584 300
1 1 2585 175
1 1 2586 437
1 1 2587 585
1 1 2588 33
1 1 2589 1423
1 1 2590 786
1 1 2591 304
1 1 2592 558
1 1 2593 966
1 1 2594 152
1 1 2595 851
1 1 2596 983
1 1 2597 1103
1 1 2598 90
1 1 2599 1068
1 1 2600 697
1 1 2601 203
1 1 2602 719
1 1 2603 1309
1 1 2604 246
1 1 2605 1090
1 1 2606 379
1 1 2607 119
1 1 2608 787
1 1 2609 191
1 1 2610 1449
1 1 2611 1172
1 1 2612 382
1 1 2613 251
1 1 2614 315
1 1 2615 1317
1 1 2616 780
1 1 2617 893
1 1 2618 553
1 1 2619 171
1 1 2620 131
1 1 2621 190
1 1 2622 250
1 1 2623 578
1 1 2624 384
1 1 2625 822
1 1 2626 42
1 1 2627 1005
1 1 2628 636
1 1 2629 142
1 1 2630 682
1 1 2631 150
1 1 2632 1233
1 1 2633 1066
1 1 2634 1389
1 1 2635 687
1 1 2636 901
1 1 2637 318
1 1 2638 1203
1 1 2639 843
1 1 2640 1184
1 1 2641 976
1 1 2642 331
1 1 2643 1329
1 1 2644 573
1 1 2645 412
1 1 2646 960
1 1 2647 1069
1 1 2648 179
1 1 2649 875
1 1 2650 611
1 1 2651 803
1 1 2652 1480
1 1 2653 695
1 1 2654 813
1 1 2655 1118
1 1 2656 29
1 1 2657 1178
1 1 2658 793
1 1 2659 1154
1 1 2660 471
1 1 2661 198
1 1 2662 730
1 1 2663 957
1 1 2664 465
1 1 2665 970
1 1 2666 604
1 1 2667 443
1 1 2668 791
1 1 2669 724
1 1 2670 603
1 1 2671 751
1 1 2672 1303
1 1 2673 865
1 1 2674 476
1 1 2675 909
1 1 2676 120
1 1 2677 650
1 1 2678 599
1 1 2679 309
1 1 2680 223
1 1 2681 633
1 1 2682 536
1 1 2683 563
1 1 2684 79
1 1 2685 481
1 1 2686 1106
1 1 2687 1375
1 1 2688 83
1 1 2689 58
1 1 2690 16
1 1 2691 1058
1 1 2692 275
1 1 2693 1315
1 1 2694 665
1 1 2695 1079
1 1 2696 968
1 1 2697 1281
1 1 2698 1338
1 1 2699 594
1 1 2700 1243
1 1 2701 153
1 1 2702 579
1 1 2703 474
1 1 2704 1188
1 1 2705 794
1 1 2706 1104
1 1 2707 1088
1 1 2708 1353
1 1 2709 1432
1 1 2710 1002
1 1 2711 975
1 1 2712 1055
1 1 2713 421
1 1 2714 1345
1 1 2715 397
1 1 2716 60
1 1 2717 197
1 1 2718 81
1 1 2719 1099
1 1 2720 543
1 1 2721 1416
1 1 2722 30
1 1 2723 951
1 1 2724 104
1 1 2725 496
1 1 2726 1024
1 1 2727 1108
1 1 2728 1325
1 1 2729 230
1 1 2730 1027
1 1 2731 1147
1 1 2732 422
1 1 2733 184
1 1 2734 1008
1 1 2735 228
1 1 2736 882
1 1 2737 702
1 1 2738 1377
1 1 2739 709
1 1 2740 326
1 1 2741 1420
1 1 2742 805
1 1 2743 209
1 1 2744 986
1 1 2745 627
1 1 2746 291
1 1 2747 243
1 1 2748 468
1 1 2749 713
1 1 2750 870
1 1 2751 259
1 1 2752 393
1 1 2753 1462
1 1 2754 918
1 1 2755 673
1 1 2756 888
1 1 2757 884
1 1 2758 115
1 1 2759 1151
1 1 2760 1228
1 1 2761 1372
1 1 2762 544
1 1 2763 1004
1 1 2764 1355
1 1 2765 1426
1 1 2766 592
1 1 2767 605
1 1 2768 54
1 1 2769 334
1 1 2770 530
1 1 2771 861
1 1 2772 1253
1 1 2773 1173
1 1 2774 1138
1 1 2775 1454
1 1 2776 5
1 1 2777 670
1 1 2778 991
1 1 2779 889
1 1 2780 1095
1 1 2781 1467
1 1 2782 645
1 1 2783 631
1 1 2784 1457
1 1 2785 923
1 1 2786 981
1 1 2787 982
1 1 2788 1485
1 1 2789 18
1 1 2790 1292
1 1 2791 1296
1 1 2792 728
1 1 2793 1215
1 1 2794 842
1 1 2795 1089
1 1 2796 737
1 1 2797 784
1 1 2798 756
1 1 2799 1272
1 1 2800 159
1 1 2801 692
1 1 2802 814
1 1 2803 464
1 1 2804 358
1 1 2805 1093
1 1 2806 564
1 1 2807 1126
1 1 2808 808
1 1 2809 1411
1 1 2810 754
1 1 2811 644
1 1 2812 499
1 1 2813 181
1 1 2814 1107
1 1 2815 688
1 1 2816 522
1 1 2817 529
1 1 2818 685
1 1 2819 134
1 1 2820 648
1 1 2821 821
1 1 2822 1139
1 1 2823 1262
1 1 2824 1347
1 1 2825 1063
1 1 2826 1041
1 1 2827 438
1 1 2828 1414
1 1 2829 1267
1 1 2830 910
1 1 2831 133
1 1 2832 545
1 1 2833 1113
1 1 2834 1109
1 1 2835 716
1 1 2836 591
1 1 2837 527
1 1 2838 47
1 1 2839 914
1 1 2840 1048
1 1 2841 365
1 1 2842 921
1 1 2843 281
1 1 2844 908
1 1 2845 867
1 1 2846 1348
1 1 2847 140
1 1 2848 765
1 1 2849 823
1 1 2850 1276
1 1 2851 735
1 1 2852 549
1 1 2853 1165
1 1 2854 219
1 1 2855 1132
1 1 2856 1125
1 1 2857 1000
1 1 2858 1186
1 1 2859 864
1 1 2860 836
1 1 2861 186
1 1 2862 264
1 1 2863 1439
1 1 2864 1468
1 1 2865 1038
1 1 2866 646
1 1 2867 1451
1 1 2868 1362
1 1 2869 65
1 1 2870 652
1 1 2871 510
1 1 2872 774
1 1 2873 932
1 1 2874 876
1 1 2875 988
1 1 2876 1392
1 1 2877 1152
1 1 2878 356
1 1 2879 1361
1 1 2880 146
1 1 2881 974
1 1 2882 990
1 1 2883 1475
1 1 2884 962
1 1 2885 31
1 1 2886 164
1 1 2887 303
1 1 2888 706
1 1 2889 913
1 1 2890 577
1 1 2891 274
1 1 2892 91
1 1 2893 167
1 1 2894 255
1 1 2895 973
1 1 2896 1197
1 1 2897 1084
1 1 2898 390
1 1 2899 930
1 1 2900 401
1 1 2901 296
1 1 2902 82
1 1 2903 952
1 1 2904 256
1 1 2905 1307
1 1 2906 374
1 1 2907 1156
1 1 2908 651
1 1 2909 404
1 1 2910 854
1 1 2911 1032
1 1 2912 362
1 1 2913 241
1 1 2914 1191
1 1 2915 1393
1 1 2916 187
1 1 2917 217
1 1 2918 1119
1 1 2919 1227
1 1 2920 62
1 1 2921 964
1 1 2922 660
1 1 2923 1234
1 1 2924 1229
1 1 2925 1015
1 1 2926 722
1 1 2927 1410
1 1 2928 189
1 1 2929 1133
1 1 2930 783
1 1 2931 174
1 1 2932 1179
1 1 2933 141
1 1 2934 614
1 1 2935 430
1 1 2936 63
1 1 2937 163
1 1 2938 768
1 1 2939 1182
1 1 2940 332
1 1 2941 891
1 1 2942 86
1 1 2943 781
1 1 2944 890
1 1 2945 554
1 1 2946 1198
1 1 2947 1257
1 1 2948 778
1 1 2949 641
1 1 2950 796
1 1 2951 13
1 1 2952 109
1 1 2953 239
1 1 2954 525
1 1 2955 1478
1 1 2956 853
1 1 2957 363
1 1 2958 1180
1 1 2959 755
1 1 2960 657
1 1 2961 1135
1 1 2962 290
1 1 2963 506
1 1 2964 294
1 1 2965 519
1 1 2966 839
1 1 2967 1251
1 1 2968 472
1 1 2969 726
1 1 2970 25
1 1 2971 618
1 1 2972 569
1 1 2973 831
1 1 2974 1493
1 1 2975 1477
1 1 2976 122
1 1 2977 729
1 1 2978 113
1 1 2979 844
1 1 2980 308
1 1 2981 101
1 1 2982 632
1 1 2983 1323
1 1 2984 313
1 1 2985 35
1 1 2986 1471
1 1 2987 1443
1 1 2988 785
1 1 2989 745
1 1 2990 718
1 1 2991 395
1 1 2992 227
1 1 2993 995
1 1 2994 1261
1 1 2995 546
1 1 2996 487
1 1 2997 398
1 1 2998 96
1 1 2999 608
1 1 3000 800
1 500001 1501 1501
0 500001 1501 1502
0 500001 1501 1503
0 500002 1503 1504
0 500002 1503 1505
0 500003 1505 1506
0 500003 1505 1507
0 500004 1507 1508
0 500004 1507 1509
0 500005 1509 1510
0 500005 1509 1511
0 500006 1511 1512
0 500006 1511 1513
0 500007 1513 1514
0 500007 1513 1515
0 500008 1515 1516
0 500008 1515 1517
0 500009 1517 1518
0 500009 1517 1519
0 500010 1519 1520
0 500010 1519 1521
0 500011 1521 1522
0 500011 1521 1523
0 500012 1523 1524
0 500012 1523 1525
0 500013 1525 1526
0 500013 1525 1527
0 500014 1527 1528
0 500014 1527 1529
0 500015 1529 1530
0 500015 1529 1531
0 500016 1531 1532
0 500016 1531 1533
0 500017 1533 1534
0 500017 1533 1535
0 500018 1535 1536
0 500018 1535 1537
0 500019 1537 1538
0 500019 1537 1539
0 500020 1539 1540
0 500020 1539 1541
0 500021 1541 1542
0 500021 1541 1543
0 500022 1543 1544
0 500022 1543 1545
0 500023 1545 1546
0 500023 1545 1547
0 500024 1547 1548
0 500024 1547 1549
0 500025 1549 1550
0 500025 1549 1551
0 500026 1551 1552
0 500026 1551 1553
0 500027 1553 1554
0 500027 1553 1555
0 500028 1555 1556
0 500028 1555 1557
0 500029 1557 1558
0 500029 1557 1559
0 500030 1559 1560
0 500030 1559 1561
0 500031 1561 1562
0 500031 1561 1563
0 500032 1563 1564
0 500032 1563 1565
0 500033 1565 1566
0 500033 1565 1567
0 500034 1567 1568
0 500034 1567 1569
0 500035 1569 1570
0 500035 1569 1571
0 500036 1571 1572
0 500036 1571 1573
0 500037 1573 1574
0 500037 1573 1575
0 500038 1575 1576
0 500038 1575 1577
0 500039 1577 1578
0 500039 1577 1579
0 500040 1579 1580
0 500040 1579 1581
0 500041 1581 1582
0 500041 1581 1583
0 500042 1583 1584
0 500042 1583 1585
0 500043 1585 1586
0 500043 1585 1587
0 500044 1587 1588
0 500044 1587 1589
0 500045 1589 1590
0 500045 1589 1591
0 500046 1591 1592
0 500046 1591 1593
0 500047 1593 1594
0 500047 1593 1595
0 500048 1595 1596
0 500048 1595 1597
0 500049 1597 1598
0 500049 1597 1599
0 500050 1599 1600
0 500050 1599 1601
0 500051 1601 1602
0 500051 1601 1603
0 500052 1603 1604
0 500052 1603 1605
0 500053 1605 1606
0 500053 1605 1607
0 500054 1607 1608
0 500054 1607 1609
0 500055 1609 1610
0 500055 1609 1611
0 500056 1611 1612
0 500056 1611 1613
0 500057 1613 1614
0 500057 1613 1615
0 500058 1615 1616
0 500058 1615 1617
0 500059 1617 1618
0 500059 1617 1619
0 500060 1619 1620
0 500060 1619 1621
0 500061 1621 1622
0 500061 1621 1623
0 500062 1623 1624
0 500062 1623 1625
0 500063 1625 1626
0 500063 1625 1627
0 500064 1627 1628
0 500064 1627 1629
0 500065 1629 1630
0 500065 1629 1631
0 500066 1631 1632
0 500066 1631 1633
0 500067 1633 1634
0 500067 1633 1635
0 500068 1635 1636
0 500068 1635 1637
0 500069 1637 1638
0 500069 1637 1639
0 500070 1639 1640
0 500070 1639 1641
0 500071 1641 1642
0 500071 1641 1643
0 500072 1643 1644
0 500072 1643 1645
0 500073 1645 1646
0 500073 1645 1647
0 500074 1647 1648
0 500074 1647 1649
0 500075 1649 1650
0 500075 1649 1651
0 500076 1651 1652
0 500076 1651 1653
0 500077 1653 1654
0 500077 1653 1655
0 500078 1655 1656
0 500078 1655 1657
0 500079 1657 1658
0 500079 1657 1659
0 500080 1659 1660
0 500080 1659 1661
0 500081 1661 1662
0 500081 1661 1663
0 500082 1663 1664
0 500082 1663 1665
0 500083 1665 1666
0 500083 1665 1667
0 500084 1667 1668
0 500084 1667 1669
0 500085 1669 1670
0 500085 1669 1671
0 500086 1671 1672
0 500086 1671 1673
0 500087 1673 1674
0 500087 1673 1675
0 500088 1675 1676
0 500088 1675 1677
0 500089 1677 1678
0 500089 1677 1679
0 500090 1679 1680
0 500090 1679 1681
0 500091 1681 1682
0 500091 1681 1683
0 500092 1683 1684
0 500092 1683 1685
0 500093 1685 1686
0 500093 1685 1687
0 500094 1687 1688
0 500094 1687 1689
0 500095 1689 1690
0 500095 1689 1691
0 500096 1691 1692
0 500096 1691 1693
0 500097 1693 1694
0 500097 1693 1695
0 500098 1695 1696
0 500098 1695 1697
0 500099 1697 1698
0 500099 1697 1699
0 500100 1699 1700
0 500100 1699 1701
0 500101 1701 1702
0 500101 1701 1703
0 500102 1703 1704
0 500102 1703 1705
0 500103 1705 1706
0 500103 1705 1707
0 500104 1707 1708
0 500104 1707 1709
0 500105 1709 1710
0 500105 1709 1711
0 500106 1711 1712
0 500106 1711 1713
0 500107 1713 1714
0 500107 1713 1715
0 500108 1715 1716
0 500108 1715 1717
0 500109 1717 1718
0 500109 1717 1719
0 500110 1719 1720
0 500110 1719 1721
0 500111 1721 1722
0 500111 1721 1723
0 500112 1723 1724
0 500112 1723 1725
0 500113 1725 1726
0 500113 1725 1727
0 500114 1727 1728
0 500114 1727 1729
0 500115 1729 1730
0 500115 1729 1731
0 500116 1731 1732
0 500116 1731 1733
0 500117 1733 1734
0 500117 1733 1735
0 500118 1735 1736
0 500118 1735 1737
0 500119 1737 1738
0 500119 1737 1739
0 500120 1739 1740
0 500120 1739 1741
0 500121 1741 1742
0 500121 1741 1743
0 500122 1743 1744
0 500122 1743 1745
0 500123 1745 1746
0 500123 1745 1747
0 500124 1747 1748
0 500124 1747 1749
0 500125 1749 1750
0 500125 1749 1751
0 500126 1751 1752
0 500126 1751 1753
0 500127 1753 1754
0 500127 1753 1755
0 500128 1755 1756
0 500128 1755 1757
0 500129 1757 1758
0 500129 1757 1759
0 500130 1759 1760
0 500130 1759 1761
0 500131 1761 1762
0 500131 1761 1763
0 500132 1763 1764
0 500132 1763 1765
0 500133 1765 1766
0 500133 1765 1767
0 500134 1767 1768
0 500134 1767 1769
0 500135 1769 1770
0 500135 1769 1771
0 500136 1771 1772
0 500136 1771 1773
0 500137 1773 1774
0 500137 1773 1775
0 500138 1775 1776
0 500138 1775 1777
0 500139 1777 1778
0 500139 1777 1779
0 500140 1779 1780
0 500140 1779 1781
0 500141 1781 1782
0 500141 1781 1783
0 500142 1783 1784
0 500142 1783 1785
0 500143 1785 1786
0 500143 1785 1787
0 500144 1787 1788
0 500144 1787 1789
0 500145 1789 1790
0 500145 1789 1791
0 500146 1791 1792
0 500146 1791 1793
0 500147 1793 1794
0 500147 1793 1795
0 500148 1795 1796
0 500148 1795 1797
0 500149 1797 1798
0 500149 1797 1799
0 500150 1799 1800
0 500150 1799 1801
0 500151 1801 1802
0 500151 1801 1803
0 500152 1803 1804
0 500152 1803 1805
0 500153 1805 1806
0 500153 1805 1807
0 500154 1807 1808
0 500154 1807 1809
0 500155 1809 1810
0 500155 1809 1811
0 500156 1811 1812
0 500156 1811 1813
0 500157 1813 1814
0 500157 1813 1815
0 500158 1815 1816
0 500158 1815 1817
0 500159 1817 1818
0 500159 1817 1819
0 500160 1819 1820
0 500160 1819 1821
0 500161 1821 1822
0 500161 1821 1823
0 500162 1823 1824
0 500162 1823 1825
0 500163 1825 1826
0 500163 1825 1827
0 500164 1827 1828
0 500164 1827 1829
0 500165 1829 1830
0 500165 1829 1831
0 500166 1831 1832
0 500166 1831 1833
0 500167 1833 1834
0 500167 1833 1835
0 500168 1835 1836
0 500168 1835 1837
0 500169 1837 1838
0 500169 1837 1839
0 500170 1839 1840
0 500170 1839 1841
0 500171 1841 1842
0 500171 1841 1843
0 500172 1843 1844
0 500172 1843 1845
0 500173 1845 1846
0 500173 1845 1847
0 500174 1847 1848
0 500174 1847 1849
0 500175 1849 1850
0 500175 1849 1851
0 500176 1851 1852
0 500176 1851 1853
0 500177 1853 1854
0 500177 1853 1855
0 500178 1855 1856
0 500178 1855 1857
0 500179 1857 1858
0 500179 1857 1859
0 500180 1859 1860
0 500180 1859 1861
0 500181 1861 1862
0 500181 1861 1863
0 500182 1863 1864
0 500182 1863 1865
0 500183 1865 1866
0 500183 1865 1867
0 500184 1867 1868
0 500184 1867 1869
0 500185 1869 1870
0 500185 1869 1871
0 500186 1871 1872
0 500186 1871 1873
0 500187 1873 1874
0 500187 1873 1875
0 500188 1875 1876
0 500188 1875 1877
0 500189 1877 1878
0 500189 1877 1879
0 500190 1879 1880
0 500190 1879 1881
0 500191 1881 1882
0 500191 1881 1883
0 500192 1883 1884
0 500192 1883 1885
0 500193 1885 1886
0 500193 1885 1887
0 500194 1887 1888
0 500194 1887 1889
0 500195 1889 1890
0 500195 1889 1891
0 500196 1891 1892
0 500196 1891 1893
0 500197 1893 1894
0 500197 1893 1895
0 500198 1895 1896
0 500198 1895 1897
0 500199 1897 1898
0 500199 1897 1899
0 500200 1899 1900
0 500200 1899 1901
0 500201 1901 1902
0 500201 1901 1903
0 500202 1903 1904
0 500202 1903 1905
0 500203 1905 1906
0 500203 1905 1907
0 500204 1907 1908
0 500204 1907 1909
0 500205 1909 1910
0 500205 1909 1911
0 500206 1911 1912
0 500206 1911 1913
0 500207 1913 1914
0 500207 1913 1915
0 500208 1915 1916
0 500208 1915 1917
0 500209 1917 1918
0 500209 1917 1919
0 500210 1919 1920
0 500210 1919 1921
0 500211 1921 1922
0 500211 1921 1923
0 500212 1923 1924
0 500212 1923 1925
0 500213 1925 1926
0 500213 1925 1927
0 500214 1927 1928
0 500214 1927 1929
0 500215 1929 1930
0 500215 1929 1931
0 500216 1931 1932
0 500216 1931 1933
0 500217 1933 1934
0 500217 1933 1935
0 500218 1935 1936
0 500218 1935 1937
0 500219 1937 1938
0 500219 1937 1939
0 500220 1939 1940
0 500220 1939 1941
0 500221 1941 1942
0 500221 1941 1943
0 500222 1943 1944
0 500222 1943 1945
0 500223 1945 1946
0 500223 1945 1947
0 500224 1947 1948
0 500224 1947 1949
0 500225 1949 1950
0 500225 1949 1951
0 500226 1951 1952
0 500226 1951 1953
0 500227 1953 1954
0 500227 1953 1955
0 500228 1955 1956
0 500228 1955 1957
0 500229 1957 1958
0 500229 1957 1959
0 500230 1959 1960
0 500230 1959 1961
0 500231 1961 1962
0 500231 1961 1963
0 500232 1963 1964
0 500232 1963 1965
0 500233 1965 1966
0 500233 1965 1967
0 500234 1967 1968
0 500234 1967 1969
0 500235 1969 1970
0 500235 1969 1971
0 500236 1971 1972
0 500236 1971 1973
0 500237 1973 1974
0 500237 1973 1975
0 500238 1975 1976
0 500238 1975 1977
0 500239 1977 1978
0 500239 1977 1979
0 500240 1979 1980
0 500240 1979 1981
0 500241 1981 1982
0 500241 1981 1983
0 500242 1983 1984
0 500242 1983 1985
0 500243 1985 1986
0 500243 1985 1987
0 500244 1987 1988
0 500244 1987 1989
0 500245 1989 1990
0 500245 1989 1991
0 500246 1991 1992
0 500246 1991 1993
0 500247 1993 1994
0 500247 1993 1995
0 500248 1995 1996
0 500248 1995 1997
0 500249 1997 1998
0 500249 1997 1999
0 500250 1999 2000
0 500250 1999 2001
0 500251 2001 2002
0 500251 2001 2003
0 500252 2003 2004
0 500252 2003 2005
0 500253 2005 2006
0 500253 2005 2007
0 500254 2007 2008
0 500254 2007 2009
0 500255 2009 2010
0 500255 2009 2011
0 500256 2011 2012
0 500256 2011 2013
0 500257 2013 2014
0 500257 2013 2015
0 500258 2015 2016
0 500258 2015 2017
0 500259 2017 2018
0 500259 2017 2019
0 500260 2019 2020
0 500260 2019 2021
0 500261 2021 2022
0 500261 2021 2023
0 500262 2023 2024
0 500262 2023 2025
0 500263 2025 2026
0 500263 2025 2027
0 500264 2027 2028
0 500264 2027 2029
0 500265 2029 2030
0 500265 2029 2031
0 500266 2031 2032
0 500266 2031 2033
0 500267 2033 2034
0 500267 2033 2035
0 500268 2035 2036
0 500268 2035 2037
0 500269 2037 2038
0 500269 2037 2039
0 500270 2039 2040
0 500270 2039 2041
0 500271 2041 2042
0 500271 2041 2043
0 500272 2043 2044
0 500272 2043 2045
0 500273 2045 2046
0 500273 2045 2047
0 500274 2047 2048
0 500274 2047 2049
0 500275 2049 2050
0 500275 2049 2051
0 500276 2051 2052
0 500276 2051 2053
0 500277 2053 2054
0 500277 2053 2055
0 500278 2055 2056
0 500278 2055 2057
0 500279 2057 2058
0 500279 2057 2059
0 500280 2059 2060
0 500280 2059 2061
0 500281 2061 2062
0 500281 2061 2063
0 500282 2063 2064
0 500282 2063 2065
0 500283 2065 2066
0 500283 2065 2067
0 500284 2067 2068
0 500284 2067 2069
0 500285 2069 2070
0 500285 2069 2071
0 500286 2071 2072
0 500286 2071 2073
0 500287 2073 2074
0 500287 2073 2075
0 500288 2075 2076
0 500288 2075 2077
0 500289 2077 2078
0 500289 2077 2079
0 500290 2079 2080
0 500290 2079 2081
0 500291 2081 2082
0 500291 2081 2083
0 500292 2083 2084
0 500292 2083 2085
0 500293 2085 2086
0 500293 2085 2087
0 500294 2087 2088
0 500294 2087 2089
0 500295 2089 2090
0 500295 2089 2091
0 500296 2091 2092
0 500296 2091 2093
0 500297 2093 2094
0 500297 2093 2095
0 500298 2095 2096
0 500298 2095 2097
0 500299 2097 2098
0 500299 2097 2099
0 500300 2099 2100
0 500300 2099 2101
0 500301 2101 2102
0 500301 2101 2103
0 500302 2103 2104
0 500302 2103 2105
0 500303 2105 2106
0 500303 2105 2107
0 500304 2107 2108
0 500304 2107 2109
0 500305 2109 2110
0 500305 2109 2111
0 500306 2111 2112
0 500306 2111 2113
0 500307 2113 2114
0 500307 2113 2115
0 500308 2115 2116
0 500308 2115 2117
0 500309 2117 2118
0 500309 2117 2119
0 500310 2119 2120
0 500310 2119 2121
0 500311 2121 2122
0 500311 2121 2123
0 500312 2123 2124
0 500312 2123 2125
0 500313 2125 2126
0 500313 2125 2127
0 500314 2127 2128
0 500314 2127 2129
0 500315 2129 2130
0 500315 2129 2131
0 500316 2131 2132
0 500316 2131 2133
0 500317 2133 2134
0 500317 2133 2135
0 500318 2135 2136
0 500318 2135 2137
0 500319 2137 2138
0 500319 2137 2139
0 500320 2139 2140
0 500320 2139 2141
0 500321 2141 2142
0 500321 2141 2143
0 500322 2143 2144
0 500322 2143 2145
0 500323 2145 2146
0 500323 2145 2147
0 500324 2147 2148
0 500324 2147 2149
0 500325 2149 2150
0 500325 2149 2151
0 500326 2151 2152
0 500326 2151 2153
0 500327 2153 2154
0 500327 2153 2155
0 500328 2155 2156
0 500328 2155 2157
0 500329 2157 2158
0 500329 2157 2159
0 500330 2159 2160
0 500330 2159 2161
0 500331 2161 2162
0 500331 2161 2163
0 500332 2163 2164
0 500332 2163 2165
0 500333 2165 2166
0 500333 2165 2167
0 500334 2167 2168
0 500334 2167 2169
0 500335 2169 2170
0 500335 2169 2171
0 500336 2171 2172
0 500336 2171 2173
0 500337 2173 2174
0 500337 2173 2175
0 500338 2175 2176
0 500338 2175 2177
0 500339 2177 2178
0 500339 2177 2179
0 500340 2179 2180
0 500340 2179 2181
0 500341 2181 2182
0 500341 2181 2183
0 500342 2183 2184
0 500342 2183 2185
0 500343 2185 2186
0 500343 2185 2187
0 500344 2187 2188
0 500344 2187 2189
0 500345 2189 2190
0 500345 2189 2191
0 500346 2191 2192
0 500346 2191 2193
0 500347 2193 2194
0 500347 2193 2195
0 500348 2195 2196
0 500348 2195 2197
0 500349 2197 2198
0 500349 2197 2199
0 500350 2199 2200
0 500350 2199 2201
0 500351 2201 2202
0 500351 2201 2203
0 500352 2203 2204
0 500352 2203 2205
0 500353 2205 2206
0 500353 2205 2207
0 500354 2207 2208
0 500354 2207 2209
0 500355 2209 2210
0 500355 2209 2211
0 500356 2211 2212
0 500356 2211 2213
0 500357 2213 2214
0 500357 2213 2215
0 500358 2215 2216
0 500358 2215 2217
0 500359 2217 2218
0 500359 2217 2219
0 500360 2219 2220
0 500360 2219 2221
0 500361 2221 2222
0 500361 2221 2223
0 500362 2223 2224
0 500362 2223 2225
0 500363 2225 2226
0 500363 2225 2227
0 500364 2227 2228
0 500364 2227 2229
0 500365 2229 2230
0 500365 2229 2231
0 500366 2231 2232
0 500366 2231 2233
0 500367 2233 2234
0 500367 2233 2235
0 500368 2235 2236
0 500368 2235 2237
0 500369 2237 2238
0 500369 2237 2239
0 500370 2239 2240
0 500370 2239 2241
0 500371 2241 2242
0 500371 2241 2243
0 500372 2243 2244
0 500372 2243 2245
0 500373 2245 2246
0 500373 2245 2247
0 500374 2247 2248
0 500374 2247 2249
0 500375 2249 2250
0 500375 2249 2251
0 500376 2251 2252
0 500376 2251 2253
0 500377 2253 2254
0 500377 2253 2255
0 500378 2255 2256
0 500378 2255 2257
0 500379 2257 2258
0 500379 2257 2259
0 500380 2259 2260
0 500380 2259 2261
0 500381 2261 2262
0 500381 2261 2263
0 500382 2263 2264
0 500382 2263 2265
0 500383 2265 2266
0 500383 2265 2267
0 500384 2267 2268
0 500384 2267 2269
0 500385 2269 2270
0 500385 2269 2271
0 500386 2271 2272
0 500386 2271 2273
0 500387 2273 2274
0 500387 2273 2275
0 500388 2275 2276
0 500388 2275 2277
0 500389 2277 2278
0 500389 2277 2279
0 500390 2279 2280
0 500390 2279 2281
0 500391 2281 2282
0 500391 2281 2283
0 500392 2283 2284
0 500392 2283 2285
0 500393 2285 2286
0 500393 2285 2287
0 500394 2287 2288
0 500394 2287 2289
0 500395 2289 2290
0 500395 2289 2291
0 500396 2291 2292
0 500396 2291 2293
0 500397 2293 2294
0 500397 2293 2295
0 500398 2295 2296
0 500398 2295 2297
0 500399 2297 2298
0 500399 2297 2299
0 500400 2299 2300
0 500400 2299 2301
0 500401 2301 2302
0 500401 2301 2303
0 500402 2303 2304
0 500402 2303 2305
0 500403 2305 2306
0 500403 2305 2307
0 500404 2307 2308
0 500404 2307 2309
0 500405 2309 2310
0 500405 2309 2311
0 500406 2311 2312
0 500406 2311 2313
0 500407 2313 2314
0 500407 2313 2315
0 500408 2315 2316
0 500408 2315 2317
0 500409 2317 2318
0 500409 2317 2319
0 500410 2319 2320
0 500410 2319 2321
0 500411 2321 2322
0 500411 2321 2323
0 500412 2323 2324
0 500412 2323 2325
0 500413 2325 2326
0 500413 2325 2327
0 500414 2327 2328
0 500414 2327 2329
0 500415 2329 2330
0 500415 2329 2331
0 500416 2331 2332
0 500416 2331 2333
0 500417 2333 2334
0 500417 2333 2335
0 500418 2335 2336
0 500418 2335 2337
0 500419 2337 2338
0 500419 2337 2339
0 500420 2339 2340
0 500420 2339 2341
0 500421 2341 2342
0 500421 2341 2343
0 500422 2343 2344
0 500422 2343 2345
0 500423 2345 2346
0 500423 2345 2347
0 500424 2347 2348
0 500424 2347 2349
0 500425 2349 2350
0 500425 2349 2351
0 500426 2351 2352
0 500426 2351 2353
0 500427 2353 2354
0 500427 2353 2355
0 500428 2355 2356
0 500428 2355 2357
0 500429 2357 2358
0 500429 2357 2359
0 500430 2359 2360
0 500430 2359 2361
0 500431 2361 2362
0 500431 2361 2363
0 500432 2363 2364
0 500432 2363 2365
0 500433 2365 2366
0 500433 2365 2367
0 500434 2367 2368
0 500434 2367 2369
0 500435 2369 2370
0 500435 2369 2371
0 500436 2371 2372
0 500436 2371 2373
0 500437 2373 2374
0 500437 2373 2375
0 500438 2375 2376
0 500438 2375 2377
0 500439 2377 2378
0 500439 2377 2379
0 500440 2379 2380
0 500440 2379 2381
0 500441 2381 2382
0 500441 2381 2383
0 500442 2383 2384
0 500442 2383 2385
0 500443 2385 2386
0 500443 2385 2387
0 500444 2387 2388
0 500444 2387 2389
0 500445 2389 2390
0 500445 2389 2391
0 500446 2391 2392
0 500446 2391 2393
0 500447 2393 2394
0 500447 2393 2395
0 500448 2395 2396
0 500448 2395 2397
0 500449 2397 2398
0 500449 2397 2399
0 500450 2399 2400
0 500450 2399 2401
0 500451 2401 2402
0 500451 2401 2403
0 500452 2403 2404
0 500452 2403 2405
0 500453 2405 2406
0 500453 2405 2407
0 500454 2407 2408
0 500454 2407 2409
0 500455 2409 2410
0 500455 2409 2411
0 500456 2411 2412
0 500456 2411 2413
0 500457 2413 2414
0 500457 2413 2415
0 500458 2415 2416
0 500458 2415 2417
0 500459 2417 2418
0 500459 2417 2419
0 500460 2419 2420
0 500460 2419 2421
0 500461 2421 2422
0 500461 2421 2423
0 500462 2423 2424
0 500462 2423 2425
0 500463 2425 2426
0 500463 2425 2427
0 500464 2427 2428
0 500464 2427 2429
0 500465 2429 2430
0 500465 2429 2431
0 500466 2431 2432
0 500466 2431 2433
0 500467 2433 2434
0 500467 2433 2435
0 500468 2435 2436
0 500468 2435 2437
0 500469 2437 2438
0 500469 2437 2439
0 500470 2439 2440
0 500470 2439 2441
0 500471 2441 2442
0 500471 2441 2443
0 500472 2443 2444
0 500472 2443 2445
0 500473 2445 2446
0 500473 2445 2447
0 500474 2447 2448
0 500474 2447 2449
0 500475 2449 2450
0 500475 2449 2451
0 500476 2451 2452
0 500476 2451 2453
0 500477 2453 2454
0 500477 2453 2455
0 500478 2455 2456
0 500478 2455 2457
0 500479 2457 2458
0 500479 2457 2459
0 500480 2459 2460
0 500480 2459 2461
0 500481 2461 2462
0 500481 2461 2463
0 500482 2463 2464
0 500482 2463 2465
0 500483 2465 2466
0 500483 2465 2467
0 500484 2467 2468
0 500484 2467 2469
0 500485 2469 2470
0 500485 2469 2471
0 500486 2471 2472
0 500486 2471 2473
0 500487 2473 2474
0 500487 2473 2475
0 500488 2475 2476
0 500488 2475 2477
0 500489 2477 2478
0 500489 2477 2479
0 500490 2479 2480
0 500490 2479 2481
0 500491 2481 2482
0 500491 2481 2483
0 500492 2483 2484
0 500492 2483 2485
0 500493 2485 2486
0 500493 2485 2487
0 500494 2487 2488
0 500494 2487 2489
0 500495 2489 2490
0 500495 2489 2491
0 500496 2491 2492
0 500496 2491 2493
0 500497 2493 2494
0 500497 2493 2495
0 500498 2495 2496
0 500498 2495 2497
0 500499 2497 2498
0 500499 2497 2499
0 500500 2499 2500
0 500500 2499 2501
0 500501 2501 2502
0 500501 2501 2503
0 500502 2503 2504
0 500502 2503 2505
0 500503 2505 2506
0 500503 2505 2507
0 500504 2507 2508
0 500504 2507 2509
0 500505 2509 2510
0 500505 2509 2511
0 500506 2511 2512
0 500506 2511 2513
0 500507 2513 2514
0 500507 2513 2515
0 500508 2515 2516
0 500508 2515 2517
0 500509 2517 2518
0 500509 2517 2519
0 500510 2519 2520
0 500510 2519 2521
0 500511 2521 2522
0 500511 2521 2523
0 500512 2523 2524
0 500512 2523 2525
0 500513 2525 2526
0 500513 2525 2527
0 500514 2527 2528
0 500514 2527 2529
0 500515 2529 2530
0 500515 2529 2531
0 500516 2531 2532
0 500516 2531 2533
0 500517 2533 2534
0 500517 2533 2535
0 500518 2535 2536
0 500518 2535 2537
0 500519 2537 2538
0 500519 2537 2539
0 500520 2539 2540
0 500520 2539 2541
0 500521 2541 2542
0 500521 2541 2543
0 500522 2543 2544
0 500522 2543 2545
0 500523 2545 2546
0 500523 2545 2547
0 500524 2547 2548
0 500524 2547 2549
0 500525 2549 2550
0 500525 2549 2551
0 500526 2551 2552
0 500526 2551 2553
0 500527 2553 2554
0 500527 2553 2555
0 500528 2555 2556
0 500528 2555 2557
0 500529 2557 2558
0 500529 2557 2559
0 500530 2559 2560
0 500530 2559 2561
0 500531 2561 2562
0 500531 2561 2563
0 500532 2563 2564
0 500532 2563 2565
0 500533 2565 2566
0 500533 2565 2567
0 500534 2567 2568
0 500534 2567 2569
0 500535 2569 2570
0 500535 2569 2571
0 500536 2571 2572
0 500536 2571 2573
0 500537 2573 2574
0 500537 2573 2575
0 500538 2575 2576
0 500538 2575 2577
0 500539 2577 2578
0 500539 2577 2579
0 500540 2579 2580
0 500540 2579 2581
0 500541 2581 2582
0 500541 2581 2583
0 500542 2583 2584
0 500542 2583 2585
0 500543 2585 2586
0 500543 2585 2587
0 500544 2587 2588
0 500544 2587 2589
0 500545 2589 2590
0 500545 2589 2591
0 500546 2591 2592
0 500546 2591 2593
0 500547 2593 2594
0 500547 2593 2595
0 500548 2595 2596
0 500548 2595 2597
0 500549 2597 2598
0 500549 2597 2599
0 500550 2599 2600
0 500550 2599 2601
0 500551 2601 2602
0 500551 2601 2603
0 500552 2603 2604
0 500552 2603 2605
0 500553 2605 2606
0 500553 2605 2607
0 500554 2607 2608
0 500554 2607 2609
0 500555 2609 2610
0 500555 2609 2611
0 500556 2611 2612
0 500556 2611 2613
0 500557 2613 2614
0 500557 2613 2615
0 500558 2615 2616
0 500558 2615 2617
0 500559 2617 2618
0 500559 2617 2619
0 500560 2619 2620
0 500560 2619 2621
0 500561 2621 2622
0 500561 2621 2623
0 500562 2623 2624
0 500562 2623 2625
0 500563 2625 2626
0 500563 2625 2627
0 500564 2627 2628
0 500564 2627 2629
0 500565 2629 2630
0 500565 2629 2631
0 500566 2631 2632
0 500566 2631 2633
0 500567 2633 2634
0 500567 2633 2635
0 500568 2635 2636
0 500568 2635 2637
0 500569 2637 2638
0 500569 2637 2639
0 500570 2639 2640
0 500570 2639 2641
0 500571 2641 2642
0 500571 2641 2643
0 500572 2643 2644
0 500572 2643 2645
0 500573 2645 2646
0 500573 2645 2647
0 500574 2647 2648
0 500574 2647 2649
0 500575 2649 2650
0 500575 2649 2651
0 500576 2651 2652
0 500576 2651 2653
0 500577 2653 2654
0 500577 2653 2655
0 500578 2655 2656
0 500578 2655 2657
0 500579 2657 2658
0 500579 2657 2659
0 500580 2659 2660
0 500580 2659 2661
0 500581 2661 2662
0 500581 2661 2663
0 500582 2663 2664
0 500582 2663 2665
0 500583 2665 2666
0 500583 2665 2667
0 500584 2667 2668
0 500584 2667 2669
0 500585 2669 2670
0 500585 2669 2671
0 500586 2671 2672
0 500586 2671 2673
0 500587 2673 2674
0 500587 2673 2675
0 500588 2675 2676
0 500588 2675 2677
0 500589 2677 2678
0 500589 2677 2679
0 500590 2679 2680
0 500590 2679 2681
0 500591 2681 2682
0 500591 2681 2683
0 500592 2683 2684
0 500592 2683 2685
0 500593 2685 2686
0 500593 2685 2687
0 500594 2687 2688
0 500594 2687 2689
0 500595 2689 2690
0 500595 2689 2691
0 500596 2691 2692
0 500596 2691 2693
0 500597 2693 2694
0 500597 2693 2695
0 500598 2695 2696
0 500598 2695 2697
0 500599 2697 2698
0 500599 2697 2699
0 500600 2699 2700
0 500600 2699 2701
0 500601 2701 2702
0 500601 2701 2703
0 500602 2703 2704
0 500602 2703 2705
0 500603 2705 2706
0 500603 2705 2707
0 500604 2707 2708
0 500604 2707 2709
0 500605 2709 2710
0 500605 2709 2711
0 500606 2711 2712
0 500606 2711 2713
0 500607 2713 2714
0 500607 2713 2715
0 500608 2715 2716
0 500608 2715 2717
0 500609 2717 2718
0 500609 2717 2719
0 500610 2719 2720
0 500610 2719 2721
0 500611 2721 2722
0 500611 2721 2723
0 500612 2723 2724
0 500612 2723 2725
0 500613 2725 2726
0 500613 2725 2727
0 500614 2727 2728
0 500614 2727 2729
0 500615 2729 2730
0 500615 2729 2731
0 500616 2731 2732
0 500616 2731 2733
0 500617 2733 2734
0 500617 2733 2735
0 500618 2735 2736
0 500618 2735 2737
0 500619 2737 2738
0 500619 2737 2739
0 500620 2739 2740
0 500620 2739 2741
0 500621 2741 2742
0 500621 2741 2743
0 500622 2743 2744
0 500622 2743 2745
0 500623 2745 2746
0 500623 2745 2747
0 500624 2747 2748
0 500624 2747 2749
0 500625 2749 2750
0 500625 2749 2751
0 500626 2751 2752
0 500626 2751 2753
0 500627 2753 2754
0 500627 2753 2755
0 500628 2755 2756
0 500628 2755 2757
0 500629 2757 2758
0 500629 2757 2759
0 500630 2759 2760
0 500630 2759 2761
0 500631 2761 2762
0 500631 2761 2763
0 500632 2763 2764
0 500632 2763 2765
0 500633 2765 2766
0 500633 2765 2767
0 500634 2767 2768
0 500634 2767 2769
0 500635 2769 2770
0 500635 2769 2771
0 500636 2771 2772
0 500636 2771 2773
0 500637 2773 2774
0 500637 2773 2775
0 500638 2775 2776
0 500638 2775 2777
0 500639 2777 2778
0 500639 2777 2779
0 500640 2779 2780
0 500640 2779 2781
0 500641 2781 2782
0 500641 2781 2783
0 500642 2783 2784
0 500642 2783 2785
0 500643 2785 2786
0 500643 2785 2787
0 500644 2787 2788
0 500644 2787 2789
0 500645 2789 2790
0 500645 2789 2791
0 500646 2791 2792
0 500646 2791 2793
0 500647 2793 2794
0 500647 2793 2795
0 500648 2795 2796
0 500648 2795 2797
0 500649 2797 2798
0 500649 2797 2799
0 500650 2799 2800
0 500650 2799 2801
0 500651 2801 2802
0 500651 2801 2803
0 500652 2803 2804
0 500652 2803 2805
0 500653 2805 2806
0 500653 2805 2807
0 500654 2807 2808
0 500654 2807 2809
0 500655 2809 2810
0 500655 2809 2811
0 500656 2811 2812
0 500656 2811 2813
0 500657 2813 2814
0 500657 2813 2815
0 500658 2815 2816
0 500658 2815 2817
0 500659 2817 2818
0 500659 2817 2819
0 500660 2819 2820
0 500660 2819 2821
0 500661 2821 2822
0 500661 2821 2823
0 500662 2823 2824
0 500662 2823 2825
0 500663 2825 2826
0 500663 2825 2827
0 500664 2827 2828
0 500664 2827 2829
0 500665 2829 2830
0 500665 2829 2831
0 500666 2831 2832
0 500666 2831 2833
0 500667 2833 2834
0 500667 2833 2835
0 500668 2835 2836
0 500668 2835 2837
0 500669 2837 2838
0 500669 2837 2839
0 500670 2839 2840
0 500670 2839 2841
0 500671 2841 2842
0 500671 2841 2843
0 500672 2843 2844
0 500672 2843 2845
0 500673 2845 2846
0 500673 2845 2847
0 500674 2847 2848
0 500674 2847 2849
0 500675 2849 2850
0 500675 2849 2851
0 500676 2851 2852
0 500676 2851 2853
0 500677 2853 2854
0 500677 2853 2855
0 500678 2855 2856
0 500678 2855 2857
0 500679 2857 2858
0 500679 2857 2859
0 500680 2859 2860
0 500680 2859 2861
0 500681 2861 2862
0 500681 2861 2863
0 500682 2863 2864
0 500682 2863 2865
0 500683 2865 2866
0 500683 2865 2867
0 500684 2867 2868
0 500684 2867 2869
0 500685 2869 2870
0 500685 2869 2871
0 500686 2871 2872
0 500686 2871 2873
0 500687 2873 2874
0 500687 2873 2875
0 500688 2875 2876
0 500688 2875 2877
0 500689 2877 2878
0 500689 2877 2879
0 500690 2879 2880
0 500690 2879 2881
0 500691 2881 2882
0 500691 2881 2883
0 500692 2883 2884
0 500692 2883 2885
0 500693 2885 2886
0 500693 2885 2887
0 500694 2887 2888
0 500694 2887 2889
0 500695 2889 2890
0 500695 2889 2891
0 500696 2891 2892
0 500696 2891 2893
0 500697 2893 2894
0 500697 2893 2895
0 500698 2895 2896
0 500698 2895 2897
0 500699 2897 2898
0 500699 2897 2899
0 500700 2899 2900
0 500700 2899 2901
0 500701 2901 2902
0 500701 2901 2903
0 500702 2903 2904
0 500702 2903 2905
0 500703 2905 2906
0 500703 2905 2907
0 500704 2907 2908
0 500704 2907 2909
0 500705 2909 2910
0 500705 2909 2911
0 500706 2911 2912
0 500706 2911 2913
0 500707 2913 2914
0 500707 2913 2915
0 500708 2915 2916
0 500708 2915 2917
0 500709 2917 2918
0 500709 2917 2919
0 500710 2919 2920
0 500710 2919 2921
0 500711 2921 2922
0 500711 2921 2923
0 500712 2923 2924
0 500712 2923 2925
0 500713 2925 2926
0 500713 2925 2927
0 500714 2927 2928
0 500714 2927 2929
0 500715 2929 2930
0 500715 2929 2931
0 500716 2931 2932
0 500716 2931 2933
0 500717 2933 2934
0 500717 2933 2935
0 500718 2935 2936
0 500718 2935 2937
0 500719 2937 2938
0 500719 2937 2939
0 500720 2939 2940
0 500720 2939 2941
0 500721 2941 2942
0 500721 2941 2943
0 500722 2943 2944
0 500722 2943 2945
0 500723 2945 2946
0 500723 2945 2947
0 500724 2947 2948
0 500724 2947 2949
0 500725 2949 2950
0 500725 2949 2951
0 500726 2951 2952
0 500726 2951 2953
0 500727 2953 2954
0 500727 2953 2955
0 500728 2955 2956
0 500728 2955 2957
0 500729 2957 2958
0 500729 2957 2959
0 500730 2959 2960
0 500730 2959 2961
0 500731 2961 2962
0 500731 2961 2963
0 500732 2963 2964
0 500732 2963 2965
0 500733 2965 2966
0 500733 2965 2967
0 500734 2967 2968
0 500734 2967 2969
0 500735 2969 2970
0 500735 2969 2971
0 500736 2971 2972
0 500736 2971 2973
0 500737 2973 2974
0 500737 2973 2975
0 500738 2975 2976
0 500738 2975 2977
0 500739 2977 2978
0 500739 2977 2979
0 500740 2979 2980
0 500740 2979 2981
0 500741 2981 2982
0 500741 2981 2983
0 500742 2983 2984
0 500742 2983 2985
0 500743 2985 2986
0 500743 2985 2987
0 500744 2987 2988
0 500744 2987 2989
0 500745 2989 2990
0 500745 2989 2991
0 500746 2991 2992
0 500746 2991 2993
0 500747 2993 2994
0 500747 2993 2995
0 500748 2995 2996
0 500748 2995 2997
0 500749 2997 2998
0 500749 2997 2999
0 500750 2999 3000
