50
50
5 6
30 29
12 13
17 16
25 26
37 36
19 18
37 38
28 27
39 50
35 34
41 29
20 21
3 4
22 49
43 38
27 26
19 20
34 33
42 38
6 7
22 23
9 8
13 14
16 15
44 41
29 28
7 8
28 47
9 46
31 32
40 39
14 15
39 38
5 4
18 17
31 30
20 45
10 11
23 24
10 9
24 25
22 21
36 35
3 2
12 11
32 33
2 1
15 48
50
27 28
21 20
19 18
8 7
16 17
27 41
4 5
38 37
17 18
40 39
29 30
31 30
9 10
38 39
2 3
25 26
37 36
13 12
11 10
47 14
23 44
33 34
16 15
9 8
12 11
29 28
18 42
22 23
35 46
49 15
13 14
19 20
35 36
32 33
27 26
32 31
23 24
5 6
2 1
3 4
45 17
25 24
14 15
22 21
6 7
50 31
34 35
43 21
48 36
50
1 15
1 10
50 1
11 1
46 1
30 1
1 34
20 1
1 17
1 36
1 16
39 1
33 1
1 24
29 1
23 1
9 1
4 1
26 1
1 43
25 1
35 1
41 1
40 1
7 1
1 6
42 1
14 1
13 1
18 1
2 1
1 22
1 27
8 1
21 1
1 28
1 3
1 38
1 49
45 1
1 12
5 1
19 1
1 31
1 32
1 48
1 44
47 1
1 37
50
11 1
48 1
29 1
17 1
1 50
33 1
1 19
37 1
42 1
44 1
30 1
36 1
23 1
1 34
1 49
2 1
1 7
31 1
38 1
12 1
1 46
18 1
47 1
45 1
41 1
1 3
1 24
1 39
6 1
16 1
1 40
43 1
10 1
1 5
1 9
1 27
21 1
15 1
1 26
20 1
13 1
1 28
32 1
1 8
1 35
1 4
1 14
22 1
1 25
50
33 16
1 3
35 17
12 6
8 16
22 45
9 19
31 15
14 28
19 38
14 29
30 15
18 37
10 20
5 11
12 25
16 32
27 13
9 4
24 12
2 1
11 23
23 46
41 20
17 34
13 6
36 18
24 48
14 7
5 2
21 10
11 22
49 24
21 42
40 20
39 19
23 47
8 4
26 13
9 18
10 5
4 2
6 3
44 22
15 7
25 50
21 43
17 8
7 3
50
41 43
12 11
45 47
32 31
35 36
7 5
18 17
24 23
44 43
47 48
43 45
15 16
22 21
13 14
3 5
25 26
34 33
19 21
9 7
11 9
37 38
27 25
8 7
19 20
31 29
49 47
39 41
13 15
23 25
11 13
41 42
45 46
10 9
29 30
3 4
50 49
37 35
17 15
2 1
39 37
27 29
19 17
28 27
33 31
1 3
6 5
23 21
35 33
40 39
50
2 4
46 23
2 1
3 7
12 24
24 48
6 3
43 21
8 16
19 38
16 33
1 3
6 13
44 22
20 41
22 45
7 14
42 21
30 15
22 11
17 34
15 31
4 9
5 2
17 8
15 7
23 11
16 32
10 5
37 18
49 24
10 21
17 35
13 27
14 28
47 23
29 14
39 19
10 20
12 6
25 12
4 8
26 13
11 5
36 18
20 40
18 9
9 19
50 25
50
42 4
12 13
50 44
38 39
17 18
31 30
31 32
45 5
36 35
28 27
25 26
13 14
30 43
28 29
8 9
24 25
11 10
39 40
12 41
44 6
36 37
30 29
48 6
18 19
10 49
10 9
22 23
38 37
7 6
19 20
27 26
34 33
2 1
14 15
47 41
24 23
33 32
22 21
20 21
12 11
20 46
7 8
6 5
35 34
4 3
15 16
2 3
5 4
17 16
50
32 42
20 19
23 24
7 6
4 3
47 25
16 15
34 35
16 17
44 6
29 28
29 50
37 49
37 41
9 10
7 8
40 39
3 2
18 19
24 25
31 32
33 32
21 20
17 18
34 33
25 26
46 23
12 13
8 9
27 28
30 29
36 35
45 33
38 39
31 30
43 2
23 22
38 37
11 10
1 2
14 15
21 22
37 36
26 27
13 14
4 5
6 5
48 41
12 11
50
35 17
30 15
20 40
12 24
17 34
13 27
38 19
18 9
9 19
5 10
41 20
7 14
50 25
5 11
48 24
17 8
12 25
6 3
20 10
10 21
19 39
49 24
21 42
29 14
13 6
5 2
23 47
37 18
45 22
9 4
23 11
23 46
18 36
4 2
14 28
1 2
6 12
7 3
31 15
16 33
11 22
44 22
16 32
16 8
3 1
26 13
15 7
43 21
4 8
50
26 13
34 17
1 2
8 4
32 16
16 33
15 7
3 7
23 47
4 2
24 12
6 12
31 15
27 13
49 24
10 21
38 19
22 45
20 10
18 36
14 29
39 19
6 13
17 35
10 5
22 11
50 25
44 22
11 5
6 3
17 8
23 46
2 5
18 37
20 41
9 4
14 28
16 8
11 23
1 3
24 48
19 9
42 21
30 15
7 14
12 25
40 20
9 18
21 43
50
5 1
4 1
9 1
1 44
24 1
23 1
48 1
1 2
1 37
1 38
42 1
1 30
16 1
1 22
20 1
1 25
1 15
1 34
1 36
8 1
32 1
1 39
1 7
35 1
1 18
1 29
11 1
50 1
1 43
14 1
46 1
1 27
45 1
26 1
1 3
31 1
21 1
1 40
1 49
1 19
6 1
1 10
1 13
28 1
1 17
1 33
1 41
12 1
47 1
50
9 10
19 21
33 35
13 14
44 43
43 45
34 33
17 19
50 49
11 13
38 37
20 19
47 45
33 31
23 25
22 21
5 3
37 35
9 7
27 28
23 24
25 27
39 40
39 37
8 7
16 15
11 12
6 5
2 1
31 32
36 35
3 1
5 7
17 15
42 41
48 47
23 21
13 15
39 41
47 49
25 26
46 45
29 27
11 9
17 18
4 3
29 30
43 41
31 29
50
45 47
7 5
21 22
39 37
5 6
29 27
1 3
23 24
11 12
7 9
17 18
32 31
27 25
46 45
9 10
43 41
15 17
5 3
45 43
33 31
13 11
49 50
15 16
48 47
34 33
38 37
33 35
41 39
30 29
20 19
8 7
15 13
9 11
17 19
42 41
39 40
31 29
36 35
13 14
25 23
44 43
37 35
47 49
27 28
3 4
19 21
21 23
25 26
2 1
50
11 12
45 46
23 25
15 17
14 13
37 39
41 39
20 19
48 47
27 28
5 6
43 45
25 27
9 10
13 11
39 40
5 3
8 7
23 21
13 15
11 9
18 17
9 7
41 43
37 38
43 44
31 33
22 21
37 35
45 47
33 35
50 49
33 34
23 24
4 3
30 29
21 19
15 16
32 31
1 2
47 49
29 27
36 35
19 17
31 29
41 42
26 25
1 3
7 5
50
50 1
1 21
39 1
15 1
12 1
2 1
1 49
1 20
16 1
1 8
1 40
28 1
1 3
1 45
1 44
1 25
10 1
1 17
26 1
1 41
35 1
24 1
1 6
1 7
43 1
42 1
1 34
1 48
1 36
1 38
13 1
1 5
19 1
1 31
1 14
33 1
1 32
4 1
1 27
1 11
1 23
1 9
47 1
22 1
18 1
1 29
1 46
1 37
30 1
50
7 15
7 3
18 37
13 6
15 31
13 27
8 16
8 17
48 24
6 3
11 22
3 1
32 16
34 17
11 5
29 14
2 4
10 5
12 24
10 20
38 19
11 23
47 23
28 14
16 33
21 42
18 9
23 46
20 41
12 25
18 36
24 49
40 20
25 50
43 21
10 21
12 6
35 17
4 9
22 44
4 8
19 39
45 22
5 2
30 15
1 2
13 26
19 9
14 7
50
22 11
2 1
17 34
47 23
2 5
7 3
20 10
46 23
8 16
21 42
11 5
14 7
48 24
23 11
10 21
6 12
16 32
40 20
41 20
49 24
18 37
9 4
13 26
17 8
22 45
17 35
18 36
29 14
12 24
19 9
44 22
19 39
43 21
2 4
27 13
6 3
15 7
25 50
9 18
8 4
6 13
10 5
19 38
1 3
31 15
25 12
16 33
28 14
15 30
50
29 1
1 41
1 10
21 1
13 1
1 3
1 26
1 36
24 1
47 1
22 1
40 1
33 1
44 1
14 1
1 15
1 2
9 1
1 23
50 1
1 16
46 1
37 1
6 1
48 1
27 1
39 1
1 42
1 30
1 28
12 1
1 31
7 1
1 32
1 34
43 1
20 1
8 1
38 1
1 19
35 1
17 1
1 45
49 1
5 1
1 25
1 18
11 1
1 4
50
5 6
27 28
6 7
42 30
4 43
32 45
4 50
24 25
17 18
17 16
19 18
18 48
40 47
14 13
16 15
12 11
3 2
13 12
10 11
31 30
48 49
27 26
4 3
34 41
8 7
35 36
35 34
39 38
46 23
25 26
32 33
29 30
20 44
29 28
20 19
32 31
10 9
34 33
2 1
22 23
39 40
15 14
24 23
21 22
38 37
21 20
5 4
9 8
37 36
50
39 19
7 3
21 42
16 32
31 15
15 7
6 13
2 4
2 1
3 1
18 37
26 13
7 14
24 12
8 16
19 9
22 11
16 33
23 47
36 18
4 8
40 20
15 30
10 21
21 43
23 11
5 2
3 6
12 25
46 23
50 25
20 10
19 38
28 14
34 17
20 41
5 11
24 48
17 35
18 9
29 14
22 44
6 12
27 13
8 17
5 10
22 45
9 4
49 24
50
30 28
32 39
31 16
23 26
1 36
7 25
4 33
40 14
2 4
27 28
4 7
18 9
14 11
7 10
7 8
18 24
21 20
3 6
15 2
42 23
5 20
5 3
33 37
3 35
2 11
8 23
7 44
16 17
16 7
1 2
3 1
1 12
13 49
46 38
45 15
27 17
13 10
9 8
13 38
35 47
10 50
40 48
41 23
22 1
29 32
29 14
29 43
34 11
19 3
50
2 1
3 6
31 1
6 9
3 10
8 23
37 46
10 45
16 15
37 20
30 32
49 10
22 27
35 3
18 16
24 40
32 41
3 39
7 22
33 27
43 20
1 3
7 14
36 19
50 7
30 16
4 5
2 4
1 48
47 36
1 8
21 13
19 15
38 44
27 34
42 21
11 28
2 26
7 20
17 10
12 7
5 11
15 11
10 24
7 4
1 13
24 29
38 21
25 13
50
31 15
17 34
18 36
13 27
13 26
11 5
49 24
39 19
21 10
50 25
3 1
15 30
22 44
35 17
4 9
42 21
20 41
19 9
14 29
6 3
6 12
19 38
11 23
20 40
45 22
8 17
11 22
2 5
23 46
12 25
14 7
37 18
4 8
5 10
7 3
32 16
13 6
2 4
7 15
8 16
24 12
2 1
23 47
20 10
18 9
48 24
16 33
43 21
14 28
50
6 5
33 34
32 31
4 3
18 17
5 43
28 27
42 11
40 39
11 12
39 38
14 15
20 21
23 24
35 34
7 6
22 21
29 30
30 31
37 36
22 23
18 19
47 16
38 37
36 35
25 44
24 25
26 27
5 4
10 9
8 7
17 46
49 31
35 45
29 50
15 16
11 10
8 9
26 25
16 17
33 32
3 2
19 48
20 19
28 29
6 41
13 12
14 13
1 2
50
43 21
7 3
14 28
15 31
13 26
14 29
41 20
18 9
34 17
13 27
2 5
35 17
2 1
13 6
36 18
17 8
19 38
24 49
19 39
12 25
20 10
2 4
4 9
48 24
16 32
15 7
24 12
1 3
15 30
50 25
22 11
10 5
5 11
3 6
44 22
47 23
23 46
9 19
4 8
45 22
16 8
33 16
6 12
10 21
18 37
21 42
23 11
7 14
20 40
50
33 32
22 21
40 39
9 10
25 26
47 9
18 19
36 37
7 8
6 7
17 18
38 39
46 33
27 28
34 33
16 17
9 8
48 30
21 20
15 14
16 15
5 4
11 12
6 5
50 19
38 37
5 45
15 42
35 34
40 44
29 28
20 19
32 31
11 10
23 22
25 24
3 4
35 36
2 3
29 30
26 27
12 13
24 23
16 41
28 49
14 13
31 30
1 2
43 23
50
3 1
9 7
17 18
31 33
49 50
1 2
47 49
47 48
43 45
22 21
29 27
45 47
9 11
15 16
25 27
39 37
38 37
3 4
5 6
35 36
41 43
24 23
35 37
39 41
34 33
27 28
25 26
5 7
15 17
9 10
13 15
7 8
11 12
5 3
21 23
19 20
32 31
25 23
11 13
14 13
29 31
21 19
44 43
45 46
39 40
30 29
19 17
42 41
35 33
50
31 49
20 37
24 5
1 19
36 38
19 32
43 4
2 7
18 16
28 16
11 20
11 2
13 16
12 15
25 15
5 4
2 8
1 41
22 40
6 5
4 13
44 21
19 46
6 47
4 50
4 1
34 48
45 30
12 22
3 1
12 39
10 36
42 31
12 17
26 35
14 13
1 2
33 18
23 21
21 9
21 26
11 12
20 29
2 10
26 34
5 27
30 23
9 5
9 31
50
19 17
21 19
7 8
32 31
35 33
21 22
41 43
29 27
7 9
10 9
25 27
1 2
36 35
46 45
29 31
34 33
47 49
31 33
16 15
17 15
45 47
5 7
28 27
3 4
21 23
6 5
50 49
18 17
30 29
3 1
38 37
13 14
47 48
40 39
43 44
11 9
20 19
35 37
25 26
23 25
24 23
11 12
11 13
41 42
15 13
3 5
45 43
37 39
41 39
50
23 25
9 10
31 33
34 33
50 49
17 15
47 48
39 40
11 9
1 2
21 19
36 35
42 41
17 19
12 11
27 28
32 31
27 25
37 38
43 45
37 35
35 33
25 26
21 23
30 29
5 6
22 21
15 16
7 8
14 13
9 7
29 27
17 18
45 47
37 39
44 43
49 47
41 43
13 11
39 41
23 24
3 5
15 13
7 5
29 31
45 46
3 4
19 20
1 3
50
16 17
27 26
50 14
8 7
9 8
21 20
33 34
35 36
25 24
40 42
16 15
32 43
40 41
4 3
38 37
29 30
39 38
14 15
2 3
40 44
32 31
21 46
11 12
1 2
12 13
48 21
4 5
45 15
19 20
18 17
23 22
37 36
5 6
26 25
35 34
13 14
28 27
30 31
22 21
5 47
33 32
7 6
29 28
11 10
10 9
19 18
23 24
49 41
39 40
50
14 7
49 40
36 41
42 28
6 4
15 35
44 3
31 22
8 5
22 25
15 13
4 10
2 19
36 43
15 20
43 46
2 13
37 22
30 36
3 5
3 2
26 10
12 28
3 4
22 27
15 29
39 34
16 11
48 20
27 47
13 30
1 18
50 27
24 1
38 20
1 2
32 14
22 11
34 17
13 40
33 13
5 12
45 26
5 21
4 17
11 10
5 9
5 7
23 20
50
5 6
15 16
33 31
25 23
45 47
14 13
37 39
1 3
39 41
27 25
32 31
9 11
7 8
38 37
35 36
40 39
22 21
19 17
3 5
23 21
26 25
43 44
5 7
29 31
18 17
9 10
2 1
43 41
7 9
28 27
17 15
19 20
46 45
33 34
45 43
35 33
12 11
48 47
24 23
3 4
13 15
35 37
47 49
11 13
29 27
29 30
21 19
41 42
50 49
50
15 16
13 15
13 14
15 17
24 23
47 48
26 25
43 44
37 35
43 45
23 21
5 7
43 41
38 37
12 11
34 33
33 35
32 31
18 17
9 10
22 21
2 1
47 45
19 21
19 20
39 40
5 3
29 31
50 49
17 19
3 1
30 29
9 11
31 33
7 8
39 37
3 4
49 47
36 35
25 23
9 7
41 42
25 27
39 41
5 6
28 27
11 13
27 29
45 46
50
7 14
11 5
4 9
16 8
31 15
14 29
19 38
23 11
12 25
12 24
24 48
26 13
23 47
12 6
39 19
24 49
1 3
36 18
14 28
11 22
20 41
6 13
5 2
10 21
18 37
44 22
43 21
9 19
17 34
21 42
15 30
4 8
45 22
5 10
33 16
35 17
3 7
17 8
23 46
2 4
32 16
50 25
20 10
18 9
7 15
13 27
20 40
3 6
1 2
50
48 47
32 31
34 33
43 45
4 3
27 28
37 38
15 17
33 31
39 37
39 41
7 5
5 6
9 10
13 15
22 21
18 17
25 26
27 29
7 9
21 19
23 25
13 14
15 16
3 1
35 33
11 13
49 47
43 44
12 11
47 45
17 19
29 30
42 41
3 5
8 7
31 29
36 35
23 24
39 40
21 23
35 37
19 20
25 27
2 1
41 43
11 9
49 50
46 45
50
32 31
11 12
49 50
29 27
11 13
41 43
23 25
41 42
15 17
15 13
33 35
25 26
18 17
19 21
39 37
47 45
47 49
31 29
28 27
1 2
23 21
7 9
8 7
45 43
41 39
47 48
19 17
1 3
5 6
31 33
22 21
24 23
15 16
40 39
20 19
3 5
13 14
27 25
29 30
5 7
45 46
43 44
35 36
11 9
9 10
3 4
33 34
35 37
38 37
50
2 3
37 36
44 21
10 11
15 14
24 23
28 29
22 23
22 21
30 31
7 6
29 30
21 20
26 27
2 1
17 16
9 8
31 32
42 40
8 7
5 6
26 25
45 44
4 5
9 10
15 16
46 43
12 11
12 13
33 34
33 32
50 30
24 25
19 20
28 27
3 4
35 36
41 10
49 26
18 17
35 34
39 40
13 14
18 19
38 37
26 47
43 28
38 39
48 36
50
26 25
24 25
37 38
15 16
49 39
39 38
15 42
8 7
13 14
29 43
11 12
16 17
4 3
17 18
45 26
30 29
44 11
1 2
8 9
32 31
13 12
37 36
2 3
22 21
40 39
4 5
5 46
36 35
20 21
20 19
23 22
34 35
28 29
27 28
27 26
34 33
24 23
41 20
42 47
10 11
48 29
5 6
7 6
18 19
30 31
50 43
32 33
15 14
10 9
50
10 9
33 31
27 29
43 45
12 11
15 13
35 33
41 42
15 17
49 47
2 1
39 37
3 1
18 17
3 5
25 27
34 33
46 45
27 28
13 11
23 24
6 5
32 31
39 41
49 50
4 3
19 21
47 48
36 35
16 15
9 7
41 43
44 43
22 21
29 31
39 40
47 45
7 8
35 37
14 13
38 37
17 19
9 11
7 5
25 23
26 25
20 19
29 30
21 23
50
43 44
31 33
18 17
17 19
19 20
13 15
12 11
33 35
7 8
27 29
34 33
42 41
47 48
39 40
23 21
29 31
2 1
22 21
41 43
15 17
47 45
16 15
50 49
6 5
39 41
39 37
27 25
3 1
7 5
11 9
5 3
32 31
23 24
11 13
35 37
13 14
36 35
9 7
29 30
28 27
25 23
10 9
46 45
37 38
4 3
43 45
47 49
19 21
25 26
50
1 11
40 1
1 27
1 31
1 4
1 50
1 14
1 7
28 1
1 17
15 1
23 1
8 1
12 1
20 1
1 38
22 1
1 39
1 32
1 18
1 47
1 37
34 1
1 42
1 48
1 16
5 1
1 30
1 24
1 26
1 29
35 1
1 2
21 1
1 45
1 10
1 9
1 19
43 1
44 1
6 1
49 1
13 1
46 1
1 25
41 1
33 1
1 36
1 3
50
21 4
8 4
35 12
49 34
4 10
23 36
2 3
5 13
9 48
12 1
44 15
2 1
4 33
32 12
4 5
13 26
18 11
1 7
19 39
11 16
2 6
7 9
10 22
20 43
30 27
8 23
36 38
45 10
7 24
25 13
4 14
28 26
30 42
47 32
41 28
5 15
12 20
40 33
27 8
3 4
12 34
4 19
37 23
29 2
17 5
2 11
46 33
6 31
27 50
50
2 1
20 1
1 41
29 1
5 1
9 1
23 1
1 21
42 1
1 36
6 1
47 1
7 1
1 48
1 30
22 1
18 1
1 3
1 38
1 44
1 24
1 16
37 1
46 1
19 1
12 1
25 1
27 1
1 15
1 33
1 8
1 40
1 35
17 1
1 11
1 10
1 32
1 43
28 1
1 34
4 1
49 1
1 45
1 14
26 1
13 1
1 39
50 1
31 1
50
47 2
9 8
24 23
45 4
18 19
42 31
43 26
16 15
14 48
38 37
24 25
2 3
34 33
4 3
17 18
10 49
36 35
21 20
30 29
46 28
28 29
14 15
40 39
41 44
8 7
17 16
28 27
10 9
11 12
50 46
22 23
31 30
27 26
38 39
36 37
34 35
13 12
25 26
21 22
41 9
10 11
7 6
33 32
4 5
14 13
32 31
20 19
2 1
6 5
50
35 1
1 16
19 1
20 1
34 1
41 1
1 5
1 45
42 1
1 48
4 1
1 47
1 23
1 21
1 6
1 30
1 17
9 1
1 10
1 38
1 40
14 1
1 22
13 1
1 46
1 36
1 3
1 26
28 1
1 2
24 1
18 1
1 32
1 44
33 1
1 43
1 29
8 1
49 1
1 31
1 12
11 1
1 37
7 1
1 39
15 1
1 27
50 1
25 1
50
15 1
3 4
21 15
38 5
7 8
40 3
22 37
26 1
48 28
50 9
6 16
33 39
28 3
3 2
23 11
19 15
46 27
1 2
42 28
5 9
41 6
36 6
43 7
7 2
17 6
1 5
6 13
1 27
3 34
49 3
5 22
11 10
24 3
18 16
31 1
14 13
17 30
45 34
21 33
35 8
1 6
12 47
12 9
25 29
20 3
44 10
25 13
11 32
10 2
50
31 29
9 10
42 41
43 45
37 35
19 20
39 37
21 22
27 29
18 17
33 35
43 44
23 25
33 31
26 25
1 2
9 11
16 15
7 9
48 47
5 6
45 46
36 35
3 4
40 39
17 19
43 41
50 49
49 47
32 31
38 37
27 25
34 33
7 8
41 39
11 12
11 13
21 23
7 5
17 15
47 45
15 13
5 3
29 30
21 19
27 28
1 3
14 13
24 23
50
24 23
3 5
4 3
27 28
8 7
18 17
39 41
9 10
19 21
34 33
7 5
48 47
11 9
46 45
50 49
15 16
13 11
37 38
25 23
2 1
13 14
45 43
47 49
45 47
7 9
23 21
40 39
19 17
20 19
27 29
36 35
27 25
29 31
13 15
39 37
21 22
12 11
44 43
15 17
32 31
5 6
30 29
31 33
3 1
35 37
35 33
41 42
25 26
41 43
