101
4500
3188 3187
1191 1192
3594 3595
4444 4443
2401 2402
469 470
707 708
3755 3756
165 166
3913 3914
3881 3880
4336 4337
363 362
3239 3240
1737 1736
3339 3338
1418 1417
1196 1195
644 645
2974 2975
1577 1576
2756 2757
422 421
2319 2320
1186 1187
1983 1984
3141 3142
1688 1689
4475 1417
3020 3019
3169 3170
913 914
544 545
2257 2256
3123 3124
3673 3672
3740 3741
1270 1271
3054 3055
3447 3448
68 67
673 674
3270 3269
1446 4495
3279 3280
3137 3138
108 107
799 800
3901 3902
272 271
1270 1269
1312 1313
2287 2288
3668 3667
392 393
204 203
1387 1388
1443 1442
2472 2473
3598 3597
389 388
391 390
143 142
3725 3726
4399 4400
741 742
718 719
35 34
1548 1547
1775 1776
26 27
783 782
712 711
1639 1638
2710 2709
435 436
543 544
1896 1897
257 256
1316 1315
1194 1195
1274 1273
1224 1223
2731 2730
2885 2884
45 46
3060 3059
2979 2980
4102 4103
2759 2760
2207 2206
1668 1669
2661 2662
4023 4022
1837 1836
557 556
2096 2097
2280 2281
2631 2632
910 909
538 537
2153 2152
3473 3472
1024 1025
2046 2045
3138 3139
4112 4111
4050 4051
640 639
4069 4070
1980 1979
49 50
62 63
508 507
4067 4068
69 68
3384 3385
688 689
4007 4008
1098 1097
4187 4186
1349 1350
3828 3829
800 801
2637 2638
4047 4048
1450 1449
3401 3402
2992 2991
3362 3363
2113 2114
783 784
2064 2065
3408 3409
2984 2983
1242 1241
1004 1003
904 4489
2123 2124
1900 1899
3651 3652
3080 3081
4004 4005
770 771
1832 1833
3773 3772
4081 4082
1203 1202
3941 3942
2038 2037
3857 3856
2582 2583
2615 2614
533 534
2850 2851
162 163
4080 4079
2221 2222
1534 1533
3506 3507
1768 1767
136 137
1875 1874
3367 3368
1346 1347
747 746
277 278
771 772
416 415
4098 4099
2154 2153
2217 2216
2314 2313
3735 3736
1873 1874
2786 2785
2516 2515
1860 1859
2244 2243
383 384
2940 2939
2996 2997
347 348
4407 4406
3470 3469
1339 1338
123 122
4401 4402
2960 2961
3894 3893
1818 1817
3876 3877
2943 2942
3834 3833
3533 3532
2166 2167
72 71
706 705
667 666
4339 4338
902 903
2096 2095
62 61
4280 4281
2783 2782
4263 4264
1845 1846
1514 1513
3684 3685
3544 3543
4021 4022
1204 1203
1821 1822
281 280
1090 1089
4000 4001
405 404
47 46
1096 1095
1927 1928
2468 2469
1397 1396
990 989
84 85
2377 2376
1634 1635
3532 3531
3279 3278
3915 3916
608 607
2150 2151
293 292
2195 2196
957 958
863 864
2049 2050
652 653
478 479
1947 1948
3637 3636
452 453
3013 3012
3035 3034
3980 3979
512 513
1721 1722
2859 2860
3342 3343
3122 3123
3766 3765
2040 2041
897 896
761 760
4371 4372
2902 2903
1206 1207
1487 1486
508 509
4413 4414
1287 1288
2303 2302
3003 3002
3293 3294
3366 3367
1355 1354
678 679
2572 2571
1616 1617
3790 3789
1993 1994
4076 4077
96 97
371 372
1049 1048
3861 3862
1580 1579
2554 2555
2486 2485
4003 4002
2426 2425
1059 1058
2907 2908
2703 2704
938 939
319 318
1172 1171
1800 1799
3113 3114
2904 2903
3433 3434
4208 4207
3820 3819
919 918
2978 2977
3243 3244
1781 1780
1067 1068
2162 2163
985 986
4360 4361
2771 2770
3856 4500
598 597
1989 1990
1456 1455
3890 3891
3580 3579
3873 3874
2061 2062
2081 2080
3168 3167
515 514
4034 4035
1645 1646
2254 2255
1531 1532
1606 1607
2714 2715
1760 1759
2316 2317
2029 2028
4265 4266
454 455
1324 1323
3623 3624
2752 2751
3889 3888
2994 2993
3399 3400
382 383
738 739
249 250
1294 1293
2989 2990
204 205
413 412
3226 3225
1824 1825
1359 1358
2620 2621
2799 2800
3604 3603
3443 3444
4024 4023
4337 4338
1162 1161
3405 3406
2183 2182
4285 4286
1956 1955
4376 4375
2672 2671
3613 3614
3233 3234
3029 3028
3052 3051
2759 2758
3803 3804
4013 4012
3368 3369
3718 3717
2870 2871
1290 1291
4028 4027
1963 1962
3618 3617
4060 4061
2899 2898
301 302
812 813
1629 1630
682 681
2428 2429
2820 2821
3839 3838
4111 4110
850 851
519 520
2855 2854
2460 2461
3119 3120
1312 1311
4383 4384
1975 1974
873 872
311 312
497 496
173 172
1834 1833
2585 2584
581 582
17 18
1931 1932
2313 2312
889 890
891 892
254 253
907 906
2621 2622
3376 3377
1820 1821
3457 3458
56 57
3154 3153
2223 2222
3444 3445
4219 4218
881 882
2101 2102
2006 2007
2540 2539
2743 2742
2509 2510
1074 1075
2297 2298
337 338
3236 3237
4419 4420
1937 1938
3195 3196
2478 2477
2426 2427
4296 4295
4496 2274
2332 2333
3296 3295
2910 2911
98 97
3569 3568
3998 3997
3372 3373
537 536
295 296
1587 1588
554 553
3936 3937
1391 1390
2294 2295
484 485
1462 1463
1435 1434
2731 2732
492 491
4346 4347
4340 4341
2998 2999
2959 2960
327 326
623 622
4204 4203
510 511
2991 2990
2801 2802
2410 2409
1653 1652
910 911
981 980
1139 1140
3375 3376
3559 3558
2047 2048
2325 2324
1965 1964
1489 1490
1102 1103
2647 2648
2387 2386
2371 2370
1130 1129
1109 1110
811 812
4244 4243
306 307
272 273
2314 2315
1547 1546
244 243
2526 2525
3900 3899
1006 1007
2663 2664
2198 2199
3219 3220
276 275
3601 3602
1425 1426
2125 2126
332 333
1471 1470
3022 3021
187 186
1676 1675
3455 3456
1158 1157
1839 1840
1469 1468
3305 3306
1357 1358
1657 1656
3858 3859
4167 4168
2287 2286
2277 2278
1342 1341
4414 4415
3846 3847
3982 3981
308 307
2403 2404
2586 2585
3869 3870
264 263
1077 1078
3487 3486
3274 3275
1522 1523
1147 1146
891 890
228 227
1052 1051
3664 3665
845 844
121 120
2569 2568
2115 2116
2228 2229
3659 3658
418 417
3502 3503
3549 3550
1642 1641
3823 3822
826 827
1078 1079
865 864
3971 3970
2864 2863
711 710
1791 1790
2411 2410
2147 2146
82 83
2145 2144
3985 3986
1929 1928
1725 1726
160 159
255 254
1340 1339
2718 2719
3209 3208
3557 3558
1556 1557
1043 1044
461 462
3494 3493
1593 1592
4392 4393
2894 2895
4270 4271
2395 2394
884 885
368 369
2895 2896
2610 2609
822 823
3484 3483
2811 2812
842 843
2559 2558
4062 4063
814 815
1903 1902
1655 1656
4073 4074
2838 2837
1310 1311
3235 3236
1254 1253
3456 3457
618 617
3264 3263
77 76
2078 2077
1696 1697
1329 1330
2305 2304
1521 1520
3026 3025
144 145
2786 2787
2769 2770
4006 4005
4156 4157
3753 3752
2456 2457
3078 3077
95 94
2690 2689
220 219
1399 1400
3566 3567
4070 4071
3067 3068
1549 1548
2558 2557
3596 3597
1801 1802
4184 4183
729 730
3169 3168
3111 3110
3476 3477
1362 1361
4218 4217
453 454
1137 1138
3337 3338
2680 2681
3865 3864
4303 4302
3403 3402
4370 4371
3014 3015
3741 3742
4251 4252
3113 3112
4254 4253
4100 4099
1249 1248
4442 4441
2094 2095
1750 1751
2035 2036
3064 3063
674 675
448 447
15 16
2636 2637
1629 1628
814 813
4172 4173
3644 3643
3676 3677
2479 2478
4117 4118
2534 2533
4298 4299
1873 1872
1494 1495
4166 4167
3355 3354
1609 1608
2204 2203
1627 1628
1422 1423
362 361
3546 3547
4107 4108
33 32
2606 2607
2289 2290
2388 2389
1848 1847
862 863
3702 3703
2938 2937
2501 2502
2189 2188
1262 1263
548 549
423 422
2640 2639
4209 4210
2387 2388
4424 4423
691 690
2753 2752
1820 1819
2440 2439
3868 3869
2882 2883
578 579
3207 3208
1286 1285
690 689
3897 3898
1867 1866
1509 1508
2342 2341
926 925
511 512
331 330
2744 2745
2536 2535
4153 4154
1198 1197
237 236
122 121
552 551
1192 1193
3992 3993
2663 2662
3194 3195
3381 3380
2632 2633
889 888
113 114
2329 2330
2751 2750
2075 2076
206 207
2337 2338
2406 2405
2385 2384
1049 1050
2097 2098
9 10
486 487
438 439
3336 3335
3251 3252
572 571
2902 2901
1266 1265
4440 4439
3798 3799
1276 1275
64 63
278 279
2485 2484
1108 1109
4194 4193
4129 4128
3821 3822
822 821
1978 1977
3030 3031
3177 3178
4314 4315
929 930
1706 1707
3098 3097
3265 3264
1944 1945
1226 1227
4200 4199
90 89
530 529
2056 2057
3854 3855
3851 3850
1796 1797
4192 4191
1152 1151
363 364
3583 3582
3947 3948
100 99
2192 2193
2913 2912
2087 2086
38 37
111 110
175 176
3830 3831
298 299
4385 4386
3786 3785
2708 2707
3001 3000
244 245
3398 3399
3935 3936
3844 3843
1101 1102
428 427
896 895
2457 2458
680 679
3013 3014
2928 2929
2189 2190
2976 2975
1325 1326
1381 1382
1832 1831
4171 4172
3978 3979
2299 2298
1746 1745
1222 1223
2863 2862
1079 1080
3661 3660
4347 4348
2219 2218
214 215
1308 1307
3902 3903
2307 2308
3475 3476
2557 2556
1772 1773
235 234
1795 1794
2881 2880
2602 2601
4195 4194
1593 1594
3370 3369
142 141
1979 1978
735 736
1908 1907
1059 1060
3626 3627
4388 4387
4305 4306
3065 3064
1603 1602
4202 4203
1597 1598
3762 3763
2415 2414
3763 3764
694 693
3061 3062
1944 1943
1764 1765
357 356
4044 4043
3063 3062
1961 1960
4132 4133
2366 2365
2777 2778
921 922
283 282
1020 1021
650 649
2920 2919
246 247
3647 3648
857 856
4242 4241
3351 3350
2159 2160
2826 2825
2059 2060
3326 3327
2749 2750
4114 4115
385 384
2762 2761
2354 2355
1298 1297
1736 1735
1216 1215
2447 2446
2202 2203
2685 2684
4290 4289
1386 1387
3170 3171
4426 4427
367 368
1790 1789
500 499
2964 2965
2118 2119
1865 1866
1704 1703
4483 2745
1905 1904
2198 2197
4468 4469
4143 4142
2745 2746
260 261
3955 3954
30 29
330 329
152 153
186 185
481 480
3861 3860
3251 3250
4378 4379
3960 3961
3700 3701
3985 3984
4181 4182
664 665
1169 1168
4268 4267
4100 4101
532 533
1348 1347
3715 3716
2693 2694
502 501
1043 1042
1905 1906
3533 3534
733 732
4246 4247
2661 2660
3292 3293
659 658
150 151
736 737
3358 3357
4215 4214
1583 1582
2528 2527
4239 4238
4333 4332
2958 2959
2349 2350
3791 3792
1578 1577
1419 1418
1148 1149
1774 1775
4373 4372
3800 3801
918 917
3639 3640
2919 2918
342 341
2806 2805
4110 4109
2017 2016
772 773
434 435
2534 2535
2107 2106
720 721
3501 3500
505 504
636 635
137 138
3135 3134
620 619
2623 2624
2165 2166
3811 3812
621 622
3212 3211
1890 1889
3240 3241
2016 2015
835 834
1977 1976
3629 3630
221 220
602 603
1778 1777
1894 1893
4472 1856
3808 3807
2636 2635
4044 4045
2989 2988
1033 1032
4410 4409
2296 2297
177 176
1169 1170
2194 2195
105 106
1501 1500
3133 3132
494 495
1453 1452
820 821
593 592
2104 2105
1005 1006
291 290
2476 2475
2790 2789
213 212
3960 3959
3424 3423
2412 2411
4086 4087
775 776
56 55
1898 1899
400 401
285 284
3328 3329
3557 3556
149 148
3743 3744
801 802
1574 1573
1002 1001
2824 2823
3675 3676
369 370
28 27
3118 3117
3036 3035
258 259
3764 3765
2512 2513
869 868
2037 2036
933 934
959 958
3300 3299
1174 1173
521 522
2259 2258
3772 3771
2358 2357
115 114
103 102
3836 3837
1069 1070
656 655
3660 3659
4078 4079
4232 4231
2560 2559
1939 1938
3578 3577
3620 3619
2229 2230
2331 2330
261 262
1029 1030
3027 3026
4324 4325
2942 2941
2652 2653
3844 4486
1737 1738
4189 4188
2689 2688
2617 2618
3679 3678
79 78
4464 4463
3005 3006
1567 1566
811 810
2600 2601
1293 1292
4151 4152
3543 3542
4411 4410
4374 4373
4353 4354
4365 4364
4036 4035
562 561
1864 1865
1134 1133
672 673
1963 1964
4259 4260
1870 1869
2295 2296
725 724
2261 2262
2261 2260
403 404
3828 3827
359 358
4261 4262
530 531
2852 2853
31 32
506 505
4179 4178
1009 1010
2150 2149
1028 1029
302 303
931 930
446 447
3050 3051
2316 2315
3805 3804
3271 3272
3552 3551
2605 2604
1901 1900
1828 1827
2830 2831
4240 4241
3363 3364
1252 1251
1156 1155
3157 3158
2580 2581
2220 2221
1919 1918
4206 4207
2419 2420
196 197
1914 1913
663 662
2281 4490
74 73
525 524
1742 1743
3429 3430
1584 1585
353 352
3505 3506
1432 1431
2981 2982
1172 1173
4460 4461
3336 3337
4015 4016
3287 3288
3534 3535
3712 3713
2792 2793
2864 2865
3021 3020
2482 2483
143 144
3210 3211
3596 3595
4153 4152
2675 2674
828 829
3106 3105
39 40
936 937
3606 3605
713 712
2847 2846
580 581
1154 1155
1044 1045
356 355
4335 4334
1721 1720
3453 3454
4077 4078
134 135
3757 3756
3397 3396
3513 3512
2874 2875
2870 2869
575 576
984 983
1263 1264
1958 1959
2278 2279
888 887
2917 4487
777 778
2616 2617
589 588
4412 4411
4458 4459
2627 2626
3798 3797
3172 3173
2520 2519
499 498
718 717
156 157
1242 1243
531 532
177 178
624 625
2162 2161
659 660
867 866
3046 3045
2068 2069
4142 4141
2404 2405
926 927
3786 3787
192 4492
3428 3427
403 402
2180 2181
4162 4163
570 569
2141 2142
935 934
3957 3958
927 928
2207 2208
2250 2251
3191 3192
4297 4296
485 486
3894 3895
1004 1005
4448 4447
112 111
2813 2812
4391 4390
716 717
3348 3347
1071 1072
1999 2000
996 995
3405 3404
796 797
4051 4052
4040 4039
52 51
1276 1277
1115 1114
2435 2434
2249 2250
4478 2624
2567 2568
1201 1200
2190 2191
3463 3462
3284 3285
3274 3273
35 36
1091 1092
3814 3815
1367 1366
4387 4386
1701 1700
3678 3677
1957 1958
610 609
2505 2504
4224 4223
1679 1678
1217 1218
901 900
2949 2948
3962 3961
706 707
905 906
4050 4049
2318 2317
1406 1407
2835 2834
1179 1178
76 75
3214 3213
2578 2579
248 247
217 218
2572 2573
334 335
317 316
3655 3654
1289 1288
3853 3854
2084 2083
2013 2014
2323 2324
127 128
781 780
2436 2437
1724 1725
2532 2531
3339 3340
1317 1318
3350 3349
2020 2021
3008 3009
381 380
2789 2788
1053 1054
3017 3016
2651 2652
50 51
1710 1709
1992 1993
3599 3600
4181 4180
2798 2799
354 355
1257 1258
1887 1888
3322 3323
1587 1586
3438 3439
2970 2969
1566 1565
4226 4225
2936 2937
385 386
2268 2267
2777 2776
2768 2769
16 17
3300 3301
1847 1846
2340 2341
2947 2946
4402 4403
2563 2564
1568 1567
860 859
629 630
88 87
1400 1401
536 535
386 387
1421 1422
2490 2489
4339 4340
3899 3898
776 777
3807 3806
1553 1554
3151 3152
2079 2080
755 756
1917 1916
2507 2506
2641 2640
3788 3789
290 289
3435 3434
3735 3734
829 830
4345 4346
949 948
857 858
3360 3361
2962 2963
4034 4033
1443 1444
276 277
657 656
3255 3256
841 842
2773 2772
4333 4334
2830 2829
3248 3247
3952 3951
3401 3400
3845 3846
624 623
695 696
4233 4234
474 475
4276 4275
2109 2110
4416 4417
1787 1786
1702 1701
2169 2168
1361 1360
2038 2039
4216 4217
577 578
2540 2541
1067 1066
3950 3949
2561 2562
1765 1766
1110 1111
2788 2787
993 994
3832 3833
1837 1838
1392 1393
1863 1862
4287 4288
1283 1284
4114 4113
74 75
3249 3248
705 704
1510 1509
1802 1803
730 731
514 513
1571 1570
2136 2137
2284 2283
4350 4351
1768 1769
4394 4393
1433 1432
3878 3877
809 810
3049 3050
3198 3199
3498 3499
3044 3043
1640 1639
167 168
3633 3634
766 767
1124 1123
214 213
2135 2134
1966 1965
3164 3163
149 150
4092 4091
3098 3099
865 866
1970 1969
4293 4292
2402 2403
4211 4212
2742 2741
4421 4422
430 429
1858 1859
289 288
2576 2577
1084 1085
96 95
3927 3926
2422 2423
3890 3889
2773 2774
4041 4040
854 853
2748 2749
2342 2343
2508 2509
746 745
4150 4151
3290 3289
1913 1912
2178 2179
2852 2851
1308 1309
163 164
106 107
3996 3995
1617 1618
1657 1658
3308 3309
4435 4436
550 549
1027 1028
2610 2611
3517 3518
3388 3389
3691 3692
3759 3758
4211 4210
4388 4389
1562 1563
4274 4273
1009 1008
1256 1255
59 58
2355 2356
867 868
3515 3514
1906 1907
1654 1655
573 572
598 599
1053 1052
3255 3254
960 959
2361 2360
3267 3268
2300 2299
3640 3641
1199 1200
695 694
3314 3313
2920 2921
2331 2332
1806 1805
3733 3732
2430 2429
1653 1654
2725 2724
2828 2827
1420 1419
2910 2909
2677 2676
2164 2163
3330 3329
1954 1955
2282 2283
3319 3320
3592 3593
1864 1863
4062 4061
3471 3472
364 365
3106 3107
2350 2351
808 809
1061 1062
30 4474
3848 3849
1951 1950
3283 3284
1766 1767
4428 4429
2670 2669
3754 3753
3544 3545
467 466
713 714
2588 2587
4325 4326
1207 1208
967 966
2570 2571
3070 3069
602 601
785 786
4424 4425
1838 1839
4081 4080
3217 3216
259 260
2841 2842
3653 3654
2600 2599
543 542
4161 4160
2029 2030
2888 2889
1229 1228
2443 2442
2727 2728
2373 2372
4165 4164
1003 1002
1112 1111
443 442
3805 3806
737 738
3554 3555
3620 3621
4245 4244
3188 3189
2358 2359
1746 1747
3258 3259
1019 1020
3273 3272
899 898
2705 2704
3981 3980
2983 2982
560 561
2754 2755
179 180
4344 4345
1010 1011
893 894
1576 1575
1957 1956
414 415
294 295
3486 3485
3944 3945
3162 3163
3582 3581
2002 2001
4149 4150
34 33
2755 2756
1949 1950
229 230
1359 1360
1300 1299
3265 3266
740 739
2763 2764
4313 4312
3387 3386
1713 1714
4087 4088
2659 2658
2943 2944
127 126
4138 4137
3915 3914
4225 4224
2899 2900
2549 2550
421 420
2974 2973
1720 1719
1057 1058
1761 1760
3717 3716
1099 1098
883 882
3539 3538
3182 3181
3625 3624
2255 2256
4488 1345
2071 2070
460 459
2736 2737
1187 1188
1604 1603
45 44
2 3
590 589
3154 3155
3091 3090
501 500
3239 3238
1618 1619
1536 1535
993 992
3862 3863
2085 2084
2536 2537
3310 3311
489 488
2481 2482
325 326
1018 1017
2336 2337
2433 2434
3291 3290
3356 3357
1732 1733
3499 3500
425 424
1943 1942
3237 3238
998 997
3011 3012
437 436
1921 1920
752 753
3681 3682
3540 3539
946 945
3709 3708
3685 3686
1843 1842
3474 3475
4018 4019
280 279
2241 2240
1112 1113
3352 3353
315 316
4201 4202
751 752
2873 2872
815 816
2844 2843
3842 3841
2234 2233
3354 3353
1503 1504
138 139
4259 4258
4126 4125
1712 1711
2932 2933
559 560
1709 1708
3698 3699
4136 4137
321 322
4072 4071
1130 1131
1350 1351
1699 1700
3148 3147
2684 2683
332 331
434 433
3460 3459
3935 3934
755 754
1431 1430
2738 2739
64 65
1383 1382
3778 3779
3477 3478
3498 3497
1806 1807
3710 3711
3972 3971
4049 4048
555 554
44 43
4060 4059
1850 1851
1 2
1662 1661
3127 3126
4059 4058
3851 3852
2378 2377
4085 4084
1506 1507
4467 4468
808 807
1723 1724
1176 1175
1989 1988
1035 1034
3747 3746
1220 1219
1056 1055
3425 3426
48 49
2212 2211
373 372
1068 1069
1871 1872
4019 4020
1856 1855
1212 1213
3744 3745
2451 2450
2023 2024
1751 1752
3975 3976
1569 1568
4427 4428
1664 1663
2648 2649
3550 3551
3617 3616
1901 1902
3920 3919
1573 1572
1037 1038
1787 1788
4156 4155
4148 4149
4140 4141
2477 2476
1077 1076
557 558
1981 1982
4101 4102
795 794
3245 3244
4171 4170
4431 4432
3721 3722
216 217
3636 3635
1096 1097
4480 182
3190 3191
3522 3521
1413 1414
931 932
4134 4133
1761 1762
2260 2259
3057 3058
3882 3883
1552 1553
407 408
1356 1357
1151 1150
704 703
348 349
1538 1537
2334 2333
1075 1076
1624 1623
2757 2758
218 219
3044 3045
1160 1161
3842 3843
1634 1633
3521 3520
3698 3697
3986 3987
3633 3632
3923 3924
3519 3518
3823 3824
2322 2321
2210 2211
2986 2987
4083 4082
893 892
803 804
2523 2524
3393 3392
1436 1437
2869 2868
1809 1810
4362 4363
2580 2579
3383 3384
3414 3415
265 264
124 123
3343 3344
4449 4448
1779 1780
3589 3590
1163 1164
3352 3351
1939 1940
1123 1122
759 760
2955 2954
463 462
3464 3463
1996 1995
4445 4444
3784 3783
366 365
3041 3042
3159 3158
3619 3618
2008 2007
1773 1774
1338 1337
1727 1728
2695 2696
4164 4163
2488 2489
1665 1664
4380 4381
1023 1022
171 170
797 798
4 3
4227 4226
398 399
1581 1582
2914 2913
3669 3670
2936 2935
2523 2522
580 579
1969 1968
1758 1757
195 196
2418 2417
1296 1295
3974 3975
2348 2347
1829 1830
4258 4257
1857 1858
4344 4343
4227 4228
381 382
600 601
2502 2503
4176 4177
612 611
773 774
1972 1971
4230 4231
2701 2702
916 915
3249 3250
1589 1588
322 323
1492 1491
1295 1294
929 928
2022 2021
683 682
753 754
2709 2708
1333 1332
881 880
2206 2205
1514 1515
1281 1282
3217 3218
2292 2291
4376 4377
2148 2147
980 979
3680 3681
1611 1612
21 20
710 709
2392 2393
2074 2073
3767 3768
1660 1661
2999 3000
457 456
187 188
2049 2048
26 25
3573 3572
3528 3527
129 128
133 134
2064 2063
4116 4115
1556 1555
3011 3010
873 874
1066 1065
1910 1911
398 397
207 208
3974 3973
3944 3943
786 787
591 590
1261 1262
898 897
3490 3491
1147 1148
3788 3787
2357 2356
2002 2003
1136 1137
472 471
2905 2906
2624 2625
937 938
396 397
3437 3436
519 518
2172 2171
3441 3440
3441 3442
1500 1499
4215 4216
53 54
88 89
1186 1185
2723 2724
224 223
2515 2514
2428 2427
4205 4204
1946 1945
586 587
4213 4212
1363 1364
3332 3333
3588 3589
3134 3133
2832 2833
2514 2513
181 180
2950 2949
1857 1856
314 315
670 669
757 758
1936 1935
1117 1116
1551 1552
1595 1594
3219 3218
3076 3075
3990 3991
2618 2619
4197 4198
3508 3507
4351 4352
2274 2273
99 98
2518 2519
4278 4279
2931 2930
806 805
4029 4028
600 599
3102 3103
2360 2359
1403 1404
503 502
2520 2521
3297 3298
3024 3023
861 860
2467 2468
2269 2270
4278 4277
4453 4454
3364 3365
223 222
1622 1621
3892 3891
902 901
3253 3254
2461 2462
3930 3929
2450 2449
1174 1175
297 298
2454 2455
3428 3429
1526 1527
1600 1599
2739 2740
2014 2015
3649 3648
3503 3504
3769 3768
3423 3422
527 526
4261 4260
1239 1238
1729 1728
4317 4316
655 654
2252 2253
42 43
3970 3969
350 349
304 305
3201 3200
2950 2951
1128 1129
3140 3139
4098 4097
2013 2012
2508 2507
2123 2122
3359 3360
2733 2732
3604 3605
1370 1369
487 488
636 637
2102 2103
402 401
2089 2088
1999 1998
4329 4328
1032 1031
2825 2824
377 378
2111 2110
450 449
637 638
2070 2069
4033 4032
2383 2384
2697 2696
701 700
3335 3334
1467 1466
3205 3206
4173 4174
574 575
1271 1272
147 148
4249 4250
957 956
1985 1984
843 844
1812 1813
2522 2521
3907 3906
2677 2678
2124 2125
2723 2722
1336 1337
2431 2432
2699 2700
2293 2294
1302 1303
841 840
39 38
1136 1135
2399 2400
3253 3252
174 173
2669 2668
3694 3695
3200 3199
2561 2560
1795 1796
2892 2891
2219 2220
3995 3994
1389 1390
2878 2877
202 201
2462 2463
521 520
308 309
1437 1438
2512 2511
2820 2819
2547 2546
3086 3087
1073 1072
1564 1565
347 346
4374 4375
2247 2246
1094 1093
4321 4322
4025 4024
1386 1385
1811 1812
1985 1986
3731 3730
849 850
3817 3816
975 974
3721 3720
4479 3779
1226 1225
969 970
3034 3033
4065 4064
1696 1695
236 235
1808 1809
2068 2067
2120 2121
3325 3324
1162 1163
795 796
2868 2867
2609 2608
3414 3413
4425 4426
2371 2372
3032 3033
3639 3638
594 595
6 7
3683 3682
3938 3939
3502 3501
3863 3864
3874 3875
3699 3700
503 504
620 621
2987 2988
1685 1686
3095 3094
1620 1621
1134 1135
3097 3096
847 848
1712 1713
1368 1369
2602 2603
1464 1463
2277 2276
686 685
3342 3341
210 209
779 780
491 490
1087 1086
723 722
2025 2026
880 879
2499 2500
3082 3081
1539 1538
3093 3092
542 541
2916 2915
3468 3469
3968 3967
4323 4324
3727 3726
3996 3997
1941 1940
2425 2424
1304 1303
1177 1178
609 608
1589 1590
1520 1519
1988 1987
567 568
4438 4439
3466 3465
4313 4314
855 856
269 268
73 72
3159 3160
3514 3513
1615 1614
4248 4247
1452 1451
2432 2433
506 507
239 240
3547 3548
2605 2606
3296 3297
4438 4437
4284 4285
3723 3722
3575 3576
2187 2188
2128 2129
30 31
1861 1862
2517 2516
1631 1630
2138 2139
823 824
476 475
3262 3261
518 517
2817 2816
3886 3887
3382 3383
2067 2066
635 634
266 265
2839 2840
1518 1517
3767 3766
2645 2646
3394 3393
1717 1718
2656 2655
1025 1026
3509 3510
3131 3132
105 104
969 968
2518 2517
344 345
1062 1063
4205 4206
1373 1372
540 541
1875 1876
1771 1770
2379 2378
1561 1560
3438 3437
3542 3541
2791 2790
3450 3449
2231 2232
3952 3953
2497 2498
1054 1055
47 48
1690 1689
2101 2100
1036 1035
1973 1974
2382 2381
81 82
3246 3245
2170 2171
2053 2052
91 92
2725 2726
1221 1222
3031 3032
4305 4304
1142 1141
3626 3625
2961 2962
595 596
3956 3955
3802 3803
576 577
11 10
1842 1841
1876 1877
1465 1466
1660 1659
904 905
1895 1894
691 692
4047 4046
2177 2176
538 539
2346 2345
3526 3525
2107 2108
727 726
444 445
1153 1154
1853 1852
1827 1826
2511 2510
2179 2180
285 286
3896 3895
152 151
3419 3420
1744 1743
13 14
342 343
4318 4484
605 604
921 920
2103 2104
3749 3748
1268 1267
1428 1427
3587 3588
4008 4009
2620 2619
442 441
1279 1280
367 366
464 463
1334 1333
631 630
3657 3658
4148 4147
3345 3344
2130 2129
2269 2268
484 483
2205 2204
315 4477
3780 3781
67 66
1755 4481
253 252
2423 2424
1734 1735
4219 4220
2892 2893
2389 2390
459 458
3286 3285
1643 1642
2091 2090
1757 1756
2459 2460
250 251
3065 3066
376 377
1184 1183
1036 1037
2682 2683
2894 2893
185 184
2666 2665
3373 3374
4131 4130
70 69
2747 2748
954 953
3924 3925
2900 2901
1204 1205
160 161
951 952
824 825
2066 2065
94 93
3976 3977
2025 2024
130 129
1210 1211
162 161
155 154
1523 1524
228 229
3288 3289
3664 3663
2061 2060
1754 1753
3482 3481
2352 2353
2492 2491
3302 3303
4394 4395
3776 3775
3967 3966
4417 4418
2092 2093
522 523
792 793
2155 2154
744 745
3392 3391
1331 1332
3693 3692
2227 2226
1061 1060
3327 3328
2672 2673
4353 4352
1755 1756
4300 4299
2352 2351
3171 3172
1704 1705
2690 2691
2551 2550
2374 2375
408 409
2927 2926
2840 2841
2010 2011
3954 3953
853 852
3645 3644
1530 1531
3417 3416
3959 3958
681 680
658 657
2503 2504
1389 1388
2802 2803
1794 1793
692 693
1800 1801
3112 3111
4415 4416
3570 3569
460 461
274 275
1412 1413
998 999
4265 4264
1753 1752
3931 3930
1785 1786
1551 1550
3905 3906
3812 3813
3574 3575
1233 1232
2376 2375
3751 3752
3606 3607
2173 2172
3198 3197
1816 1817
2245 2244
1345 1344
3666 3667
2680 2679
1328 1327
4183 4182
1230 1229
862 861
4357 4356
19 18
182 183
643 642
3466 3467
1180 1181
4470 4469
395 394
2151 2152
2100 2099
4291 4290
1506 1505
313 314
4208 4209
3733 3734
1601 1600
1461 1462
3515 3516
59 60
1855 1854
1926 1925
4095 4094
3480 3479
2707 2706
4343 4342
1142 1143
3572 3571
158 159
750 749
2453 2452
4036 4037
1241 1240
2630 2629
3347 3346
3720 3719
1731 1732
878 879
1925 1924
477 478
1723 1722
457 458
1682 1683
2444 2445
2584 2583
2254 2253
3271 3270
1491 1490
3871 3870
1616 1615
2653 2654
2716 2715
3541 3540
955 956
2312 2311
1306 1305
147 146
1106 1105
4491 3652
684 685
1695 1694
2828 2829
3684 3683
4431 4430
1107 1106
651 650
1041 1040
1026 1027
3175 3174
1643 1644
3875 3876
1209 1208
3663 3662
2668 2667
676 677
4004 4003
2876 2877
3167 3166
1479 1478
641 642
1315 1314
2644 2645
2866 2867
1019 1018
1126 1127
351 350
8 7
2335 2336
2686 2685
1264 1265
3994 3993
1344 1343
2952 2953
2712 2711
1065 1064
4361 4362
3162 3161
102 101
4270 4269
2692 2691
1477 1478
242 243
4092 4093
4330 4331
769 768
4158 4157
1930 1931
3991 3992
2501 2500
4187 4188
3305 3304
136 135
3865 3866
379 380
757 756
104 103
1100 1101
1268 1269
12 13
189 190
3174 3173
3857 3858
1050 1051
4308 4309
4368 4369
1230 1231
1322 1321
4326 4327
2106 2105
3570 3571
3190 3189
4075 4076
2419 2418
2270 2271
2657 2658
2798 2797
2845 2846
4468 4498
4037 4038
2301 2300
566 565
3552 3553
3690 3689
497 498
2004 2005
3560 3561
2119 2120
2370 2369
687 686
2747 2746
3697 3696
654 653
2076 2077
3988 3989
268 267
2249 2248
4169 4170
4166 4165
2279 2280
523 524
643 644
802 803
1645 1644
3523 3522
1245 1244
3548 3549
4176 4175
3067 3066
1346 1345
2043 2042
1671 1670
4367 4366
1929 1930
3816 3815
1521 1522
2459 2458
3104 3105
563 562
2779 2780
2379 2380
2033 2032
2325 2326
3276 3275
3124 3125
1688 1687
1394 1393
4452 4453
3837 3838
1708 1707
258 257
788 787
2233 2232
4175 4174
1458 1459
9 8
1247 1246
3447 3446
3205 3204
3141 3140
1410 1409
3762 3761
4106 4105
3912 3911
662 661
1840 1841
54 55
346 345
1473 1472
4248 4249
3222 3223
3318 3317
1450 1451
3966 3965
3025 3024
2956 2955
2363 2364
3316 3315
85 86
1952 1951
1121 1120
2898 2897
357 358
585 584
3669 3668
3359 3358
432 431
2407 2406
3984 3983
2087 2088
3709 3710
677 678
1348 1349
192 193
838 839
353 354
22 21
3536 3537
3841 3840
3526 3527
2872 2871
1797 1798
4432 4433
3197 3196
1301 1300
238 239
2431 2430
2062 2063
731 732
720 719
83 84
2743 2744
1831 1830
2650 2649
420 419
3313 3312
1581 1580
1064 1063
1081 1080
534 535
1473 1474
733 734
4447 4446
197 198
2917 2918
1495 1496
2475 2474
3781 3782
2608 2607
3941 3940
982 981
1895 1896
2671 2670
4327 4328
1730 1731
2772 2771
287 286
4006 4007
2397 2398
1170 1171
1457 1458
1214 1213
1092 1093
2577 2578
4315 4316
4303 4304
4016 4017
3701 3702
4237 4238
2998 2997
965 964
631 632
2003 2004
724 723
1447 1446
2922 2921
1183 1182
1558 1557
528 527
4039 4038
3491 3492
1454 1453
1254 1255
2654 2655
1091 1090
1815 1814
2225 2226
2210 2209
1575 1574
923 922
451 450
3844 3845
962 961
923 924
2353 2354
4335 4336
1240 1239
2986 2985
2564 2565
1544 1545
2374 2373
1334 1335
3077 3076
2252 2251
2818 2817
1189 1188
3680 3679
4308 4307
1803 1804
4311 4310
2094 2093
3631 3630
2137 2138
2118 2117
24 25
991 992
1954 1953
4145 4144
3688 3689
4125 4124
300 4494
647 648
1748 1747
3835 3834
3778 3777
3508 3509
1436 1435
3725 3724
4031 4032
1152 1153
1199 1198
948 947
3479 3478
4127 4126
4229 4228
2629 2628
4473 949
2930 2929
1637 1636
1133 1132
3770 3771
1936 1937
172 171
2968 2967
3460 3461
668 669
3494 3495
1516 1517
3703 3704
101 100
3715 3714
996 997
3295 3294
1793 1792
2177 2178
3913 3912
515 516
241 242
1209 1210
3371 3370
1668 1667
3622 3623
3934 3933
339 340
4242 4243
473 472
3950 3951
2239 2238
4135 4136
3161 3160
2699 2698
212 211
2320 2321
2714 2713
29 28
1498 1497
1741 1742
4089 4090
2473 2474
2467 2466
1776 1777
2447 2448
3598 3599
3420 3421
4010 4011
3415 3416
2209 2208
510 509
633 632
2114 2115
3381 3382
4499 2858
4342 4341
2078 2079
4075 4074
4331 4332
876 875
952 953
2444 2443
1870 1871
660 661
3126 3125
3409 3410
3474 3473
790 791
963 964
1403 1402
2924 2923
4441 4440
702 701
2835 2836
3946 3947
3377 3378
1533 1532
2193 2194
116 117
399 400
1669 1670
837 838
4284 4283
763 762
1949 1948
4422 4423
2481 2480
1987 1986
3046 3047
1454 1455
3115 3114
4186 4185
2906 2907
3145 3146
3919 3918
3957 3956
2309 2308
1146 1145
1903 1904
3686 3687
1975 1976
788 789
4297 4298
870 871
201 200
3322 3321
3783 3782
4268 4269
90 91
2142 2143
2293 2292
3880 3879
1882 1883
3413 3412
1698 1697
4449 4450
648 649
407 406
1515 1516
2200 2199
2761 2760
3306 3307
596 597
1016 1017
3923 3922
2613 2614
4306 4307
2136 2135
1911 1912
3398 3397
1676 1677
3177 3176
3425 3424
1546 1545
670 671
2306 2305
3448 3449
2442 2441
4309 4310
3611 3610
375 376
1108 1107
3942 3943
837 836
3156 3155
3095 3096
2158 2157
2862 2861
4396 4395
3234 3235
81 80
2643 2642
4083 4084
3849 3850
2391 2392
2800 2801
2289 2288
1298 1299
3147 3146
548 547
3866 3867
2027 2028
4380 4379
4116 4117
2170 2169
427 426
828 827
188 189
2639 2638
4011 4012
2173 2174
2469 2470
3231 3232
2971 2970
626 625
2086 2085
4273 4272
1717 1716
3905 3904
1425 1424
3591 3592
1886 1885
2422 2421
493 492
917 916
593 594
93 92
3404 3403
2687 2686
3310 3309
3505 3504
2575 2574
3164 3165
4282 4283
2196 2197
1309 1310
2815 2816
448 449
2822 2821
1784 1785
3916 3917
195 194
604 603
1398 1397
131 130
2109 2108
3215 3214
2570 2569
2056 2055
4147 4146
140 139
3840 3839
283 284
3581 3580
2304 2303
3291 3292
972 971
1488 1487
2886 2887
1647 1646
320 319
4066 4065
4146 4145
963 962
2733 2734
3341 3340
3318 3319
676 675
1410 1411
3346 3345
2630 2631
3674 3673
1457 1456
877 878
3818 3819
3010 3009
1997 1996
761 762
202 203
3529 3528
3121 3120
2530 2531
3129 3128
699 700
2667 2666
4042 4043
833 832
3179 3178
1534 1535
819 820
4287 4286
1560 1559
3482 3483
3130 3131
3826 3825
3610 3609
440 441
2215 2216
4462 4461
818 817
899 900
1448 1449
2934 2935
3963 3964
2344 2345
3897 3896
3873 3872
1469 1470
4279 4280
3867 3868
1164 1165
4161 4162
741 740
4240 4239
1375 1374
1849 1848
359 360
66 65
3227 3226
3304 3303
1228 1227
3750 3751
2417 2416
2395 2396
1237 1236
1823 1822
120 119
309 310
989 988
2001 2000
778 779
3794 3795
1434 1433
452 451
3209 3210
125 126
872 871
2322 2323
2369 2368
3176 3175
2542 2541
3127 3128
587 588
2706 2705
2914 2915
1805 1804
2659 2660
1385 1384
199 198
1585 1586
1371 1372
3922 3921
2845 2844
1498 1499
4275 4274
419 418
1323 1322
3224 3223
1571 1572
4230 4229
2401 2400
1733 1734
3962 3963
1893 1892
1376 1377
2529 2528
1012 1013
3427 3426
2214 2215
2803 2804
3496 3495
4030 4031
4254 4255
3053 3054
1544 1543
1307 1306
467 468
3454 3455
1259 1260
1485 1484
424 423
895 894
292 291
1744 1745
2074 2075
983 982
1289 1290
3464 3465
944 943
2925 2926
1014 1015
3707 3708
1648 1647
2694 2695
4276 4277
1398 1399
2664 2665
2448 2449
552 553
1673 1674
3422 3421
1447 1448
3530 3529
651 652
4 5
313 312
3705 3704
1329 1328
911 912
378 379
3040 3039
1160 4482
4066 4067
2272 2273
2627 2628
4130 4129
1224 1225
3493 3492
2047 2046
556 555
3314 3315
1590 1591
924 925
1680 1681
1692 1691
2506 2505
715 716
3577 3576
1610 1611
440 439
1166 1167
4139 4138
4235 4234
1401 1402
3859 3860
2005 2006
246 245
3220 3221
4450 4451
3907 3908
2805 2804
1415 1414
3590 3591
3737 3738
1420 1421
2811 2810
4409 4408
1408 1407
3374 3375
4042 4041
1770 1769
951 950
1460 1461
1115 1116
3729 3728
344 343
2012 2011
2553 2554
3714 3713
3627 3628
2453 2454
1835 1836
3060 3061
3621 3622
1602 1601
1702 1703
2032 2031
1126 1125
2897 2896
1706 1705
3261 3260
3001 3002
1541 1540
1762 1763
1042 1041
2019 2020
3743 3742
2185 2184
633 634
1569 1570
2538 2537
3263 3262
3736 3737
4434 4433
464 465
1527 1528
4318 4317
3103 3104
2981 2980
304 303
215 216
1022 1021
1961 1962
3143 3142
2486 2487
3817 3818
323 324
1257 1256
3180 3179
619 618
2488 2487
225 224
3165 3166
1885 1884
2262 2263
2916 2917
627 628
2795 2796
1190 1189
1973 1972
3662 3661
2368 2367
1248 1247
2891 2890
1879 1878
1250 1249
3939 3940
3016 3015
1318 1319
1118 1117
3830 3829
211 210
2768 2767
4262 4263
2972 2973
2822 2823
769 770
3007 3006
3212 3213
205 206
1636 1635
3156 3157
1033 1034
14 15
1823 1824
2880 2879
4122 4123
3918 3917
2140 2139
663 664
883 884
3094 3093
1144 1145
3091 3092
2721 2720
3586 3585
1853 1854
546 545
1740 1739
2885 2886
1891 1890
3390 3391
405 406
2741 2740
2023 2022
565 564
4045 4046
2328 2329
1815 1816
4311 4312
4233 4232
1788 1789
3616 3615
3040 3041
886 887
2307 2306
1125 1124
4107 4106
826 825
2439 2438
2126 2127
4381 4382
1336 1335
3811 3810
2385 2386
2716 2717
2711 2710
4398 4397
2643 2644
4026 4027
1429 1430
3773 3774
4054 4053
2275 2276
4222 4223
3362 3361
2544 2545
2399 2398
238 237
4456 4455
1683 1684
2682 2681
3085 3084
2201 2200
3332 3331
79 80
1442 1441
2421 2420
2470 2471
726 725
2539 2538
483 482
1659 1658
3451 3450
2795 2794
2242 2243
854 855
2908 2909
4127 4128
3079 3078
2436 2435
208 209
3116 3117
2556 2555
2612 2611
1905 4497
1749 1748
3058 3059
3792 3793
1844 1843
743 742
1235 1234
3068 3069
2058 2057
4413 4412
613 614
2201 2202
3395 3394
4103 4104
4058 4057
2223 2224
1934 1935
2604 2603
2131 2132
2191 2192
2157 2156
3694 3693
2230 2231
2984 2985
2285 2286
1502 1503
3320 3321
3566 3565
2543 2544
839 840
3973 3972
2463 2464
2552 2551
2964 2963
3949 3948
4301 4300
2010 2009
4404 4405
3395 3396
3481 3480
2717 2718
125 124
1158 1159
3228 3227
3442 3443
3439 3440
3567 3568
1287 1286
2396 2397
4222 4221
3978 3977
4294 4295
371 370
4020 4021
3027 3028
2415 2416
4401 4400
817 816
1920 1919
573 574
722 721
904 903
3389 3390
1564 1563
2339 2338
3311 3312
1024 1023
4421 4420
24 23
4251 4250
3603 3602
684 683
2597 2596
3884 3885
3080 3079
2113 2112
2168 2167
1073 1074
1783 1782
2227 2228
360 361
3386 3385
3545 3546
1781 1782
3687 3688
2566 2565
1472 1471
2054 2053
1869 1868
3278 3277
232 233
1652 1651
131 132
2128 2127
1995 1994
391 392
3675 3674
1915 1916
3770 3769
1814 1813
1474 1475
1374 1373
3797 3796
2310 2311
3452 3451
2236 2235
876 877
2657 2656
1237 1238
3326 3325
834 833
471 470
3216 3215
145 146
3071 3072
3372 3371
1233 1234
2969 2968
226 225
1825 1826
936 935
591 592
4237 4236
781 782
3825 3824
933 932
1404 1405
3432 3431
610 611
2781 2782
2858 2857
2996 2995
2612 2613
3561 3562
1012 1011
2953 2954
4123 4124
4369 4370
3181 3180
3072 3073
2241 2242
1555 1554
1070 1071
2857 2856
2765 2766
2735 2736
4236 4235
1261 1260
747 748
1000 999
3793 3794
3089 3090
1891 1892
1304 1305
3232 3233
2547 2548
3933 3932
3356 3355
3964 3965
1326 1327
3745 3746
4385 4384
1493 1492
870 869
2562 2563
1641 1640
3207 3206
2394 2393
2848 2849
3780 3779
199 200
1104 1105
3257 3256
728 729
2992 2993
320 321
1120 1119
1181 1182
4072 4073
2148 2149
3148 3149
1122 1121
2923 2922
1480 1479
3635 3634
3430 3431
1482 1481
2763 2762
4139 4140
411 412
1671 1672
2596 2595
1946 1947
1834 1835
4121 4122
886 885
1245 1246
582 583
4451 4452
2634 2635
1475 1476
2839 2838
2134 2133
702 703
1908 1909
4357 4358
3037 3036
3731 3732
3137 3136
2597 2598
2214 2213
614 615
3729 3730
4104 4105
109 110
3301 3302
1991 1990
191 192
1672 1673
2647 2646
310 311
1408 1409
1222 4476
1881 1880
4294 4293
2263 2264
1867 1868
1150 1149
469 468
1236 1235
1650 1651
2700 2701
1540 1539
3037 3038
169 168
4446 4445
2966 2965
2009 2008
2181 2182
4178 4177
1970 1971
4002 4001
2175 2176
3121 3122
516 517
766 765
1406 1405
2091 2092
4026 4025
1273 1272
2783 2784
1932 1933
3101 3102
4302 4301
646 647
977 978
2257 2258
2073 2072
1897 1898
194 193
3023 3022
3282 3281
3184 3185
4190 4191
413 414
2634 2633
1476 1477
1991 1992
3901 3900
2213 2212
1365 1366
2676 2675
3724 3723
1543 1542
1909 1910
1684 1685
1613 1614
835 836
1692 1693
3298 3299
539 540
116 115
2034 2033
2018 2017
2912 2911
1426 1427
234 233
2890 2889
1089 1088
1274 1275
2186 2185
1638 1637
456 455
830 831
112 113
994 995
3790 3791
3886 3885
1278 1279
547 546
1266 1267
735 734
3758 3757
340 341
2496 2497
4158 4159
2956 2957
3004 3003
329 328
374 373
2082 2083
1460 1459
4197 4196
2591 2592
2888 2887
2361 2362
1302 1301
1320 1319
3379 3380
4282 4281
987 986
758 759
2440 2441
4000 3999
444 443
2328 2327
19 20
2413 2412
251 252
2591 2590
4135 4134
672 671
874 875
306 305
409 410
852 851
3282 3283
2819 2818
3150 3149
2451 2452
3565 3564
1525 1526
1528 1529
1926 1927
3269 3268
1380 1379
1779 1778
2810 2809
3909 3908
640 641
2301 2302
1596 1595
613 612
3921 3920
4399 4398
4069 4068
3893 3892
3108 3107
606 605
914 915
3969 3968
1321 1320
939 940
784 785
3231 3230
1340 1341
3855 3856
1045 1046
1607 1608
1625 1626
2575 2576
945 944
3946 3945
586 585
2051 2052
249 248
3145 3144
3333 3334
1131 1132
1082 1083
1579 1578
496 495
3852 3853
141 140
607 606
2967 2966
1253 1252
2651 2650
2688 2687
1355 1356
1678 1677
2040 2039
4358 4359
2826 2827
1922 1921
1942 1941
2381 2380
4090 4091
1693 1694
1160 1159
1549 1550
728 727
849 848
525 526
2264 2265
4195 4196
3712 3711
1099 1100
988 987
351 352
241 240
2484 2483
41 42
1378 1377
1650 1649
2573 2574
2494 2493
175 174
3365 3366
1468 1467
3656 3657
3406 3407
1417 1416
4359 4360
1156 1157
4160 4159
2054 2055
1193 1194
2490 4471
913 912
1810 1811
2734 2735
4407 4408
226 227
3203 3202
2238 2237
1739 1738
1489 1488
1681 1682
616 615
2030 2031
768 767
2456 2455
1923 1922
3230 3229
3884 3883
4318 4319
1620 1619
4389 4390
4056 4057
1168 1167
2144 2143
3848 3847
3258 3257
3266 3267
1046 1047
3445 3446
1530 1529
667 668
1179 1180
2978 2979
429 428
256 255
165 164
390 389
1379 1378
1365 1364
3879 3878
1190 1191
2058 2059
3100 3101
4378 4377
4200 4201
476 477
3193 3194
3655 3656
1144 1143
1663 1662
3881 3882
3073 3074
2678 2679
2712 2713
3808 3809
3243 3242
4214 4213
3246 3247
2098 2099
1445 1446
1665 1666
4155 4154
318 317
1772 1771
2309 2310
182 181
3785 3784
2552 2553
943 942
1649 1648
3224 3225
3192 3193
744 743
4292 4291
274 273
1997 1998
2932 2931
3074 3075
978 979
3638 3637
845 846
571 570
1626 1627
338 339
2122 2121
4330 4329
750 751
4010 4009
1375 1376
1610 1609
858 859
1591 1592
3871 3872
1330 1331
4143 4144
3929 3928
77 78
2409 2408
3185 3186
4179 4180
847 846
3497 3496
976 977
1281 1280
2938 2939
4245 4246
2527 2526
1604 1605
1784 1783
1428 1429
3820 3821
3109 3110
791 792
942 941
909 908
2130 2131
3489 3488
1313 1314
2542 2543
1512 1511
955 954
3594 3593
3417 3418
798 799
3259 3260
1537 1536
3143 3144
1918 1917
3151 3150
3888 3887
2027 2026
965 966
300 299
970 971
2994 2995
1714 1715
2146 2145
2290 2291
4443 4442
1792 1791
3005 3004
410 411
1877 1878
494 493
4456 4457
3086 3085
1583 1584
2738 2737
2726 2727
393 394
1001 1000
975 976
3007 3008
4459 4460
1953 1952
3831 3832
3989 3990
1007 1008
2464 2465
446 445
465 466
2831 2832
2437 2438
3517 3516
170 169
1278 1277
1113 1114
4096 4095
61 60
2779 2778
4392 4391
3018 3017
3461 3462
2525 2524
3056 3055
550 551
396 395
1727 1726
4256 4257
2775 2776
1844 1845
479 480
4322 4323
3802 3801
3632 3631
2766 2767
3276 3277
2881 2882
2362 2363
3241 3242
1220 1221
267 266
1244 1243
4221 4220
1104 1103
3739 3740
1015 1016
1633 1632
2976 2977
2050 2051
3136 3135
1039 1038
2951 2952
1504 1505
2266 2265
1084 1083
3043 3042
4356 4355
1719 1718
3650 3651
804 805
2164 2165
4463 4462
2383 2382
336 337
3119 3118
2472 2471
1211 1212
2035 2034
4465 4466
3706 3705
3524 3525
789 790
1445 1444
1887 1886
4368 4367
2271 2272
1485 1486
1606 1605
1380 1381
1082 1081
1741 1740
1959 1960
1883 1884
4271 4272
3458 3459
1056 1057
3512 3511
3047 3048
2245 2246
1184 1185
4406 4405
1484 1483
490 489
108 109
2623 2622
1513 1512
4434 4435
3608 3609
1343 1342
1711 1710
4354 4355
1691 1690
1383 1384
3776 3777
3433 3432
221 222
3348 3349
919 920
1231 1232
1040 1039
2615 2616
949 950
118 119
71 70
1828 1829
1882 1881
3584 3583
3600 3601
990 991
2140 2141
2365 2364
1622 1623
3524 3523
715 714
1632 1631
2807 2806
3559 3560
1291 1292
2878 2879
2927 2928
1440 1441
3814 3813
2266 2267
3611 3612
157 158
3628 3629
4253 4252
627 626
118 117
4030 4029
1880 1879
1966 1967
473 474
1729 1730
1511 1510
2082 2081
132 133
2729 2728
3418 3419
184 183
3307 3308
1481 1480
3143 4493
40 41
3587 3586
2344 2343
2940 2941
4266 4267
3287 3286
2161 2160
3641 3642
1047 1048
4404 4403
3379 3378
3707 3706
3084 3083
3554 3553
3759 3760
1219 1218
154 153
2945 2946
3695 3696
2934 2933
2391 2390
2948 2947
3836 3835
1165 1166
2794 2793
2730 2729
629 628
639 638
2592 2593
2499 2498
4055 4054
1214 1215
1087 1088
563 564
1613 1612
2781 2780
3937 3938
1423 1424
52 53
1283 1282
166 167
3585 3584
3727 3728
2697 2698
2240 2239
1259 1258
6 5
4014 4013
2774 2775
296 297
4190 4189
2174 2175
568 569
3531 3530
2642 2641
645 646
3083 3082
3487 3488
431 430
1297 1296
3749 3750
336 335
57 58
698 697
2247 2248
3642 3643
2111 2112
3184 3183
3904 3903
3388 3387
2836 2837
3647 3646
438 437
37 36
1138 1139
1519 1518
156 155
2236 2237
2865 2866
1324 1325
2808 2807
2944 2945
1934 1933
961 960
3088 3087
3645 3646
3578 3579
2972 2971
3564 3563
940 941
1412 1411
2673 2674
4465 4464
2842 2843
2117 2116
3927 3928
2855 2856
3070 3071
666 665
1763 1764
1596 1597
3186 3187
1496 1497
2797 2796
1353 1354
11 12
2792 2791
973 974
482 481
3115 3116
179 178
1013 1014
3203 3204
3281 3280
2808 2809
2813 2814
2589 2590
3653 3652
287 288
1561 1562
4113 4112
559 558
4184 4185
388 387
3671 3672
2858 2859
262 263
1808 1807
4132 4131
4348 4349
3109 3108
3562 3563
3436 3435
1316 1317
2089 2090
2183 2184
1915 1914
2495 2494
3800 3799
269 270
818 819
1542 1541
3775 3774
1202 1201
1754 1755
4418 4419
2186 2187
1353 1352
4192 4193
1367 1368
1525 1524
3029 3030
3614 3615
3182 3183
3316 3317
794 793
1799 1798
4096 4097
3056 3057
2958 2957
3999 3998
2545 2546
1438 1439
2495 2496
764 763
2445 2446
1440 1439
3718 3719
2581 2582
1176 1177
1981 1980
2019 2018
2318 2319
3229 3228
2158 2159
2275 2274
764 765
3671 3670
2847 2848
2072 2071
4108 4109
1094 1095
3666 3665
3222 3221
832 831
324 325
3987 3988
3408 3407
1861 1860
567 566
1759 1758
1967 1968
1749 1750
4466 4467
4169 4168
806 807
1508 1507
2703 2702
699 698
3754 3755
1351 1352
3650 3649
3739 3738
3612 3613
2884 2883
1923 1924
2784 2785
2814 2815
2593 2594
1371 1370
775 774
1698 1699
696 697
1031 1030
2904 2905
3467 3468
2465 2466
4121 4120
3018 3019
4430 4429
3490 3489
1482 1483
3826 3827
1715 1716
4457 4458
2849 2850
2326 2327
3931 3932
1851 1852
2217 2218
708 709
2044 2045
2765 2764
4088 4089
2367 2366
3331 3330
3202 3201
190 191
2876 2875
2586 2587
4056 4055
1392 1391
3471 3470
1216 1217
3453 3452
1502 1501
327 328
3747 3748
3910 3909
4437 4436
1558 1559
3910 3911
2335 2334
3153 3152
749 748
22 23
1394 1395
616 617
4120 4119
2041 2042
4118 4119
2692 2693
2626 2625
3129 3130
4397 4396
2854 2853
2598 2599
294 293
1888 1889
2490 2491
2754 2753
3809 3810
2281 2282
1285 1284
3795 3796
3982 3983
4383 4382
282 281
946 947
4349 4350
232 231
3556 3555
4289 4288
2530 2529
3484 3485
4364 4363
1493 1494
2533 2532
1675 1674
3324 3323
2479 2480
2284 2285
984 985
4319 4320
3520 3519
1599 1598
4017 4018
3690 3691
1850 1849
687 688
2043 2044
2549 2548
2156 2155
2340 2339
4093 4094
2413 2414
2133 2132
1464 1465
4052 4053
4454 4455
4086 4085
271 270
1127 1128
1625 1624
908 907
1819 1818
2594 2595
1363 1362
2860 2861
2234 2235
3100 3099
3536 3535
1983 1982
4014 4015
1141 1140
1119 1118
4255 4256
3410 3411
432 433
1416 1415
2874 2873
3538 3537
3053 3052
1085 1086
3038 3039
3048 3049
2408 2407
1686 1687
3573 3574
968 967
2722 2721
4198 4199
2349 2348
230 231
2567 2566
375 374
1251 1250
4063 4064
2589 2588
1679 1680
1667 1666
973 972
2346 2347
2720 2719
3608 3607
2924 2925
87 86
528 529
1205 1206
333 334
583 584
1196 1197
4321 4320
3089 3088
2834 2833
1395 1396
425 426
3925 3926
2493 2492
301 300
3510 3511
3761 3760
3412 3411
4485 820
416 417
4366 4365
2224 2225
5
5 1
1 3
2 1
4 1
3
1 2
3 1
4
2 1
4 3
2 3
4
2 3
4 3
1 2
4
3 4
2 3
2 1
2
1 2
4
1 2
1 3
1 4
6
2 3
5 6
1 2
5 4
4 3
7
3 1
4 3
5 7
2 1
5 3
5 6
4
3 1
2 1
4 2
3
2 1
3 1
2
1 2
5
4 2
2 1
5 2
1 3
2
1 2
9
3 1
2 1
1 5
1 6
1 9
4 1
1 7
1 8
6
6 1
3 2
3 4
2 1
4 5
6
1 6
1 5
1 4
2 1
3 1
7
3 2
1 2
1 4
2 5
6 1
2 7
2
2 1
5
1 5
1 2
1 3
4 1
8
5 1
4 1
1 3
1 7
8 1
1 6
1 2
6
4 5
2 6
1 2
1 4
1 3
4
1 2
3 1
3 4
6
2 1
2 5
3 6
1 3
4 2
7
2 5
1 2
3 1
3 7
4 2
6 3
6
3 1
2 1
1 4
5 3
5 6
2
1 2
6
2 1
5 6
3 1
3 4
3 5
5
2 1
3 1
5 3
4 3
2
2 1
4
1 3
4 2
1 2
5
4 3
3 5
2 1
1 3
6
3 4
1 2
4 5
2 3
6 5
6
2 1
3 5
5 6
1 3
3 4
8
3 7
5 2
1 3
2 1
3 6
8 4
4 2
5
1 3
1 2
2 4
2 5
3
2 1
3 1
5
3 1
2 1
4 2
2 5
13
8 9
8 7
10 9
4 5
2 3
4 3
6 5
2 1
12 11
11 10
6 7
12 13
1
6
4 5
2 3
6 5
1 2
4 3
4
2 1
2 3
4 3
7
5 6
5 3
7 5
2 1
3 4
3 1
2
2 1
2
2 1
4
4 1
1 3
1 2
8
6 5
3 5
7 5
2 1
3 4
1 3
8 7
4
1 2
1 4
1 3
6
5 6
2 1
2 3
5 4
4 3
6
1 2
5 6
3 1
5 3
3 4
6
5 1
3 1
4 1
1 6
1 2
5
4 3
3 5
1 3
1 2
4
2 3
4 3
2 1
6
1 2
6 5
5 4
4 3
2 3
6
4 5
4 3
2 1
3 2
5 6
5
2 3
1 2
4 3
5 4
3
1 3
1 2
9
9 1
3 1
5 1
1 2
1 6
7 1
4 1
1 8
5
1 3
2 4
2 1
2 5
3
1 3
1 2
2
1 2
9
8 7
8 9
4 5
3 2
6 7
5 6
4 3
1 2
3
1 3
1 2
3
2 1
3 1
8
3 4
7 6
6 5
2 3
2 1
8 7
4 5
4
2 1
2 3
4 3
6
2 1
2 4
5 2
1 3
6 3
8
5 6
7 8
5 4
1 2
7 6
3 2
3 4
5
4 2
1 2
3 1
2 5
5
1 2
1 5
4 1
1 3
5
3 4
3 5
1 2
3 1
3
2 1
3 1
2
1 2
8
2 1
5 6
3 2
4 2
3 5
7 8
7 2
1
6
4 3
2 1
6 5
2 3
5 4
3
2 1
3 1
6
3 4
5 4
2 1
2 3
5 6
2
2 1
4
3 1
1 2
4 2
2
1 2
5
1 2
3 4
3 2
5 4
4
4 3
2 1
1 3
7
2 4
2 1
6 3
1 3
3 7
5 2
2
1 2
4
2 3
1 2
4 3
5
1 2
1 3
4 1
5 1
8
2 4
2 3
6 3
7 4
4 5
1 2
8 3
7
1 2
3 1
1 4
3 6
7 6
2 5
8
5 7
3 5
6 5
8 7
1 2
4 3
3 1
12
11 10
2 1
9 8
11 12
8 7
7 6
6 5
5 4
3 4
2 3
9 10
4
2 1
1 4
3 1
3
2 3
1 2
2
2 1
5
2 4
1 3
5 2
1 2
7
1 3
6 1
1 5
1 2
4 1
1 7
4
4 3
2 1
1 3
5
1 2
4 1
3 1
1 5
8
5 6
3 5
7 8
3 1
1 2
5 7
4 3
6
2 5
3 1
4 2
6 3
1 2
