50
50
6 3
15 30
13 6
8 17
26 13
18 37
9 19
38 19
14 28
25 50
17 35
41 20
21 10
4 2
24 49
43 21
13 27
20 10
17 34
42 21
7 3
23 11
4 9
14 7
8 16
44 22
14 29
8 4
23 47
23 46
32 16
20 40
15 7
19 39
2 5
9 18
15 31
22 45
11 5
24 12
5 10
25 12
11 22
18 36
1 3
6 12
33 16
1 2
24 48
50
28 14
10 21
9 19
4 8
17 8
20 41
5 2
19 38
18 9
20 40
30 15
15 31
10 5
39 19
3 1
26 13
18 37
6 13
5 11
47 23
22 44
34 17
8 16
4 9
6 12
14 29
21 42
23 11
23 46
49 24
14 7
20 10
36 18
33 16
13 27
16 32
24 12
6 3
1 2
4 2
45 22
12 25
15 7
11 22
7 3
50 25
35 17
43 21
48 24
50
14 15
9 10
4 50
11 10
42 46
30 29
33 34
20 19
16 17
35 36
15 16
39 38
33 32
23 24
29 28
23 22
9 8
4 3
26 25
43 30
25 24
35 34
16 41
40 39
7 6
5 6
41 42
14 13
13 12
18 17
2 1
21 22
26 27
8 7
21 20
27 28
2 3
37 38
49 35
40 45
11 12
5 4
19 18
30 31
31 32
48 34
44 21
21 47
36 37
50
4 11
17 48
8 29
5 17
50 17
5 33
19 3
20 37
12 42
2 44
11 30
15 36
10 23
34 11
49 47
1 2
7 3
23 31
10 38
11 12
46 44
4 18
25 47
30 45
15 41
3 2
24 21
39 36
3 6
5 16
40 18
7 43
7 10
5 3
9 3
27 18
16 21
4 15
26 8
9 20
9 13
28 8
2 32
8 3
35 4
4 2
14 9
7 22
25 19
50
33 19
1 3
35 5
12 7
3 16
21 45
3 19
31 6
4 28
28 38
20 29
30 22
6 37
7 20
10 11
1 25
20 32
27 21
9 7
24 8
2 1
1 23
5 46
41 32
18 34
13 10
36 20
9 48
14 5
5 1
21 2
16 22
49 20
12 42
40 9
39 24
7 47
8 1
26 12
6 18
10 6
4 3
6 3
44 23
15 4
37 50
14 43
17 14
7 5
50
21 43
12 6
23 47
32 16
18 36
7 3
18 9
24 12
44 22
24 48
22 45
8 16
22 11
7 14
2 5
13 26
34 17
10 21
9 4
11 5
19 38
27 13
8 4
10 20
31 15
49 24
20 41
7 15
12 25
6 13
21 42
23 46
10 5
15 30
2 4
50 25
37 18
17 8
2 1
39 19
14 29
19 9
28 14
33 16
1 3
6 3
23 11
35 17
40 20
50
2 4
46 23
2 1
3 7
12 24
24 48
6 3
43 21
8 16
19 38
16 33
1 3
6 13
44 22
20 41
22 45
7 14
42 21
30 15
22 11
17 34
15 31
4 9
5 2
17 8
15 7
23 11
16 32
10 5
37 18
49 24
10 21
17 35
13 27
14 28
47 23
29 14
39 19
10 20
12 6
25 12
4 8
26 13
11 5
36 18
20 40
18 9
9 19
50 25
50
1 42
1 13
1 50
1 39
1 18
31 1
1 32
1 45
36 1
28 1
1 26
1 14
43 1
1 29
1 9
1 25
11 1
1 40
41 1
1 44
1 37
30 1
1 48
1 19
49 1
10 1
1 23
38 1
7 1
1 20
27 1
34 1
2 1
1 15
1 47
24 1
33 1
22 1
1 21
12 1
46 1
1 8
6 1
35 1
4 1
1 16
1 3
5 1
17 1
50
23 42
20 19
23 24
7 6
4 3
47 19
16 15
34 35
16 17
44 22
29 28
7 50
5 49
7 41
9 10
7 8
40 39
3 2
18 19
24 25
31 32
33 32
21 20
17 18
34 33
25 26
46 17
12 13
8 9
27 28
30 29
36 35
45 11
38 39
31 30
43 38
23 22
38 37
11 10
1 2
14 15
21 22
37 36
26 27
13 14
4 5
6 5
48 39
12 11
50
1 35
1 30
40 1
24 1
34 1
27 1
1 38
1 18
19 1
10 1
1 41
14 1
1 50
11 1
1 48
1 17
25 1
1 6
1 20
21 1
39 1
1 49
42 1
1 29
1 13
1 5
47 1
1 37
1 45
1 9
1 23
46 1
36 1
1 4
28 1
2 1
12 1
1 7
1 31
33 1
22 1
1 44
32 1
1 16
1 3
1 26
1 15
1 43
8 1
50
1 26
1 34
2 1
1 8
1 32
33 1
1 15
7 1
47 1
1 4
1 24
12 1
1 31
1 27
1 49
21 1
1 38
45 1
1 20
36 1
29 1
1 39
13 1
35 1
1 10
1 22
1 50
1 44
1 11
1 6
1 17
46 1
5 1
37 1
41 1
1 9
28 1
1 16
23 1
3 1
48 1
1 19
1 42
1 30
14 1
25 1
1 40
18 1
43 1
50
3 5
3 4
6 9
44 20
9 24
3 23
45 48
2 1
37 4
38 29
15 42
30 2
8 16
22 15
6 20
25 1
15 1
34 28
36 2
7 8
13 32
39 13
7 6
9 35
18 8
29 11
10 11
48 50
43 11
10 14
26 46
27 26
10 45
6 26
3 2
9 31
11 21
40 6
49 12
19 2
2 6
10 3
13 2
18 28
17 9
33 22
41 10
2 12
7 47
50
5 10
10 21
17 35
7 14
44 22
22 45
34 17
9 19
50 25
6 13
38 19
20 10
47 23
33 16
12 25
22 11
5 2
37 18
9 4
14 28
12 24
13 27
20 40
39 19
8 4
16 8
6 12
6 3
2 1
16 32
36 18
3 1
3 7
17 8
42 21
48 24
23 11
7 15
20 41
24 49
13 26
46 23
29 14
11 5
9 18
4 2
15 30
43 21
31 15
50
30 47
7 1
16 22
39 9
4 6
29 10
2 3
9 24
7 12
2 9
4 18
32 31
27 19
46 39
5 10
43 15
5 17
5 1
45 30
33 4
13 6
7 50
1 16
48 38
34 18
38 34
22 35
41 33
30 17
20 10
8 4
15 5
1 11
11 19
42 26
35 40
31 3
36 23
10 14
25 12
44 20
37 16
48 49
1 28
1 4
9 21
7 23
3 26
2 1
50
12 11
13 46
25 24
17 16
13 14
39 38
41 23
19 20
48 2
28 27
6 5
40 45
27 26
10 9
12 13
40 39
4 5
7 8
22 23
15 14
10 11
17 18
8 9
41 43
38 37
36 44
33 32
21 22
36 37
36 47
35 34
50 38
34 33
24 23
3 4
29 30
20 21
16 15
31 32
2 1
30 49
28 29
35 36
18 19
30 31
15 42
25 26
3 2
6 7
50
25 50
21 10
19 39
7 15
6 12
1 2
49 24
20 10
8 16
8 4
40 20
14 28
3 1
45 22
44 22
25 12
5 10
17 8
13 26
41 20
17 35
12 24
6 3
7 3
21 43
21 42
34 17
48 24
36 18
38 19
6 13
5 2
9 19
31 15
14 7
16 33
32 16
2 4
27 13
11 5
23 11
9 4
23 47
11 22
9 18
29 14
46 23
37 18
15 30
50
7 15
7 3
18 37
13 6
15 31
13 27
8 16
8 17
48 24
6 3
11 22
3 1
32 16
34 17
11 5
29 14
2 4
10 5
12 24
10 20
38 19
11 23
47 23
28 14
16 33
21 42
18 9
23 46
20 41
12 25
18 36
24 49
40 20
25 50
43 21
10 21
12 6
35 17
4 9
22 44
4 8
19 39
45 22
5 2
30 15
1 2
13 26
19 9
14 7
50
21 22
1 2
34 33
47 14
5 4
6 7
19 20
46 21
16 15
37 42
10 11
13 14
48 22
22 23
21 20
12 11
32 31
39 40
41 23
49 40
37 36
8 9
26 25
16 17
39 45
35 34
36 35
28 29
24 23
18 19
44 14
39 38
43 14
4 3
26 27
5 6
14 15
21 50
18 17
7 8
13 12
9 10
38 37
3 2
30 31
24 25
33 32
27 28
30 29
50
24 29
41 8
10 1
4 21
9 13
3 1
26 5
36 9
13 24
32 47
21 22
27 40
23 33
25 44
5 14
15 2
2 1
8 9
23 9
32 50
16 12
20 46
35 37
5 6
17 48
2 27
24 39
42 23
30 8
28 6
1 12
31 5
5 7
32 26
34 29
32 43
4 20
2 8
13 38
19 7
4 35
15 17
45 20
23 49
2 5
25 16
18 12
8 11
4 2
50
1 6
1 28
1 7
1 42
43 1
45 1
50 1
1 25
1 18
17 1
19 1
48 1
47 1
14 1
16 1
12 1
3 1
13 1
1 11
31 1
49 1
27 1
4 1
41 1
8 1
1 36
35 1
39 1
1 46
1 26
1 33
1 30
44 1
29 1
20 1
32 1
10 1
34 1
2 1
1 23
1 40
15 1
24 1
1 22
38 1
21 1
5 1
9 1
37 1
50
39 19
7 3
21 42
16 32
31 15
15 7
6 13
2 4
2 1
3 1
18 37
26 13
7 14
24 12
8 16
19 9
22 11
16 33
23 47
36 18
4 8
40 20
15 30
10 21
21 43
23 11
5 2
3 6
12 25
46 23
50 25
20 10
19 38
28 14
34 17
20 41
5 11
24 48
17 35
18 9
29 14
22 44
6 12
27 13
8 17
5 10
22 45
9 4
49 24
50
29 30
39 38
30 31
26 25
36 35
25 24
33 32
39 40
4 3
28 27
7 6
17 18
13 14
10 9
8 7
24 23
20 21
6 5
14 15
42 9
20 19
4 5
37 36
35 34
11 10
23 22
15 44
17 16
15 16
2 1
2 3
12 11
43 49
46 37
45 24
26 27
12 13
8 9
38 37
15 47
32 50
20 48
41 18
21 22
32 31
28 29
39 43
33 34
18 19
50
1 2
6 5
30 31
9 8
10 9
23 22
18 46
43 45
15 16
36 37
32 31
49 32
27 26
34 35
17 18
40 39
3 41
39 38
22 21
32 33
43 33
3 2
14 13
35 36
50 6
29 30
5 4
4 3
21 48
47 27
8 7
20 21
18 19
28 44
34 33
42 11
28 27
26 25
20 19
16 17
11 12
11 10
14 15
24 23
6 7
13 12
29 28
37 38
24 25
50
1 31
34 1
36 1
27 1
26 1
1 11
1 49
1 39
1 21
1 50
1 3
30 1
44 1
1 35
9 1
1 42
41 1
1 19
29 1
1 6
12 1
38 1
23 1
40 1
1 45
17 1
22 1
5 1
46 1
25 1
1 14
1 37
8 1
10 1
1 7
1 32
1 13
4 1
15 1
16 1
1 24
1 2
47 1
1 20
1 18
1 48
33 1
1 43
28 1
50
3 6
34 15
30 32
3 4
13 18
17 43
10 28
42 17
2 40
12 6
25 39
15 12
21 6
24 4
30 35
3 7
15 22
30 26
31 9
15 37
23 3
19 12
47 43
18 38
11 36
3 44
25 20
27 10
1 5
8 10
1 8
38 46
49 38
16 45
23 50
16 15
3 11
9 6
18 26
17 12
28 33
2 3
26 48
2 20
29 26
2 41
6 13
6 14
2 1
50
43 40
6 7
28 27
31 30
26 25
29 28
41 9
17 18
33 34
27 26
5 4
34 35
1 2
12 13
35 36
16 17
38 37
2 49
39 38
25 24
19 20
4 3
9 8
48 7
32 31
14 15
23 24
3 2
30 29
50 23
21 22
9 10
11 10
6 5
44 13
47 24
1 46
19 18
8 7
45 27
15 16
32 33
12 11
21 20
37 36
14 42
22 23
14 13
40 39
50
16 33
11 22
20 40
10 5
26 13
47 23
19 9
37 18
8 4
7 3
18 9
39 19
46 23
28 14
17 34
17 8
4 9
48 24
10 21
7 15
8 16
2 5
12 6
3 6
50 25
19 38
22 45
21 42
17 35
22 44
14 29
10 20
16 32
5 11
11 23
12 25
4 2
36 18
3 1
30 15
27 13
13 6
12 24
20 41
24 49
7 14
15 31
2 1
43 21
50
3 1
9 7
17 18
31 33
49 50
1 2
47 49
47 48
43 45
22 21
29 27
45 47
9 11
15 16
25 27
39 37
38 37
3 4
5 6
35 36
41 43
24 23
35 37
39 41
34 33
27 28
25 26
5 7
15 17
9 10
13 15
7 8
11 12
5 3
21 23
19 20
32 31
25 23
11 13
14 13
29 31
21 19
44 43
45 46
39 40
30 29
19 17
42 41
35 33
50
24 49
18 37
24 12
9 19
19 38
16 32
43 21
3 7
18 9
28 14
10 20
11 5
8 16
7 15
25 12
5 2
4 8
20 41
20 40
6 3
6 13
44 22
23 46
23 47
25 50
4 2
24 48
45 22
11 22
3 1
19 39
18 36
42 21
8 17
17 35
14 7
1 2
33 16
23 11
21 10
13 26
6 12
14 29
5 10
17 34
13 27
30 15
9 4
15 31
50
18 19
20 21
8 7
31 32
34 35
22 21
3 43
28 29
9 8
9 10
27 26
2 1
35 36
46 20
31 30
33 34
45 49
33 32
15 16
16 17
25 47
7 6
27 28
4 3
23 22
5 6
50 15
17 18
29 30
2 3
37 38
14 13
27 48
39 40
9 44
10 11
19 20
37 36
26 25
25 24
23 24
12 11
13 12
3 42
14 15
5 4
45 31
39 38
41 2
50
25 24
10 9
33 32
33 34
50 35
16 17
22 48
40 39
10 11
2 1
20 21
35 36
42 8
19 18
11 12
28 27
31 32
26 27
38 37
23 45
36 37
34 35
26 25
23 22
29 30
6 5
21 22
16 15
8 7
13 14
8 9
28 29
18 17
9 47
39 38
44 10
49 2
6 43
12 13
8 41
24 23
5 4
14 15
6 7
31 30
25 46
4 3
20 19
3 2
50
1 17
27 1
1 50
8 1
9 1
21 1
1 34
1 36
25 1
42 1
16 1
43 1
41 1
4 1
38 1
1 30
39 1
1 15
1 3
44 1
32 1
46 1
1 12
1 2
1 13
1 48
1 5
1 45
1 20
18 1
23 1
37 1
1 6
26 1
35 1
1 14
28 1
1 31
22 1
47 1
33 1
7 1
29 1
11 1
10 1
19 1
1 24
1 49
1 40
50
14 1
49 30
19 41
42 20
6 1
25 35
44 11
31 3
8 3
21 25
15 9
6 10
14 19
31 43
5 20
32 46
3 13
37 13
4 36
2 5
3 2
26 7
10 28
1 4
16 27
27 29
39 34
16 4
48 10
42 47
26 30
12 18
50 12
24 14
38 3
1 2
32 2
22 13
34 2
17 40
33 32
6 12
45 4
19 21
11 17
11 2
8 9
1 7
23 21
50
5 6
15 16
33 31
25 23
45 47
14 13
37 39
1 3
39 41
27 25
32 31
9 11
7 8
38 37
35 36
40 39
22 21
19 17
3 5
23 21
26 25
43 44
5 7
29 31
18 17
9 10
2 1
43 41
7 9
28 27
17 15
19 20
46 45
33 34
45 43
35 33
12 11
48 47
24 23
3 4
13 15
35 37
47 49
11 13
29 27
29 30
21 19
41 42
50 49
50
8 16
7 15
7 14
8 17
24 12
24 48
26 13
22 44
37 18
22 45
23 11
3 7
43 21
38 19
12 6
34 17
17 35
32 16
18 9
5 10
22 11
2 1
47 23
10 21
10 20
20 40
5 2
15 31
50 25
9 19
3 1
30 15
5 11
16 33
4 8
39 19
2 4
49 24
36 18
25 12
9 4
21 42
13 27
20 41
3 6
28 14
6 13
14 29
23 46
50
14 13
10 11
9 8
15 16
30 31
29 28
38 37
22 23
25 24
24 23
19 48
25 26
28 47
11 12
38 39
8 49
3 2
35 36
28 27
22 21
22 41
13 12
4 5
21 20
37 36
44 29
43 25
19 18
34 33
6 42
30 29
8 7
45 34
10 9
32 33
34 35
7 6
16 17
33 46
4 3
31 32
50 40
19 20
17 18
15 14
27 26
40 39
6 5
2 1
50
48 28
31 32
33 34
30 45
3 4
28 27
38 37
17 16
32 33
38 39
1 41
6 7
6 5
10 9
15 14
21 22
17 18
26 25
29 28
9 8
20 21
25 24
14 13
16 15
2 3
34 35
13 12
49 20
4 44
11 12
47 7
19 18
30 29
42 29
5 4
7 8
30 31
35 36
24 23
40 39
23 22
37 36
20 19
27 26
1 2
28 43
10 11
47 50
46 30
50
32 31
11 12
49 50
29 27
11 13
41 43
23 25
41 42
15 17
15 13
33 35
25 26
18 17
19 21
39 37
47 45
47 49
31 29
28 27
1 2
23 21
7 9
8 7
45 43
41 39
47 48
19 17
1 3
5 6
31 33
22 21
24 23
15 16
40 39
20 19
3 5
13 14
27 25
29 30
5 7
45 46
43 44
35 36
11 9
9 10
3 4
33 34
35 37
38 37
50
3 1
18 37
44 22
11 5
7 15
12 24
29 14
23 11
11 22
31 15
3 7
30 15
10 21
27 13
1 2
8 17
4 9
32 16
42 21
4 8
6 3
13 26
45 22
5 2
10 5
16 8
46 23
6 12
13 6
34 17
16 33
50 25
25 12
20 10
14 28
4 2
36 18
41 20
49 24
9 18
17 35
40 20
14 7
19 9
19 38
23 47
43 21
39 19
48 24
50
25 26
25 23
38 37
16 15
49 47
37 39
41 42
7 8
14 13
41 43
12 11
17 15
3 4
18 17
45 43
29 30
44 43
2 1
9 7
31 32
11 13
35 37
3 1
21 22
39 40
5 3
45 46
35 36
21 19
19 20
21 23
35 33
29 27
28 27
25 27
33 34
23 24
41 39
45 47
11 9
48 47
6 5
5 7
19 17
31 29
50 49
33 31
13 15
9 10
50
9 10
32 33
29 28
28 45
11 12
14 15
34 35
18 42
17 16
49 31
1 2
38 39
2 3
17 18
5 4
27 26
33 34
46 1
28 27
12 13
24 23
5 6
31 32
17 41
5 50
3 4
21 20
6 48
35 36
15 16
8 9
22 43
44 34
21 22
31 30
40 39
47 43
8 7
37 36
13 14
37 38
19 18
11 10
6 7
24 25
25 26
19 20
30 29
23 22
50
44 1
33 1
1 18
19 1
20 1
15 1
1 12
35 1
8 1
29 1
1 34
1 42
48 1
40 1
1 23
31 1
1 2
1 22
43 1
17 1
1 47
1 16
1 50
1 6
41 1
1 39
1 27
1 3
1 7
1 11
1 5
1 32
24 1
13 1
37 1
14 1
1 36
1 9
30 1
1 28
1 25
1 10
1 46
38 1
1 4
45 1
49 1
21 1
26 1
50
10 11
40 39
26 27
30 31
3 4
50 46
13 14
6 7
28 27
16 17
15 14
23 22
8 7
12 11
20 19
37 38
22 21
38 39
31 32
17 18
47 40
36 37
34 33
42 23
48 36
15 16
5 4
29 30
23 24
25 26
28 29
35 34
1 2
21 20
45 33
9 10
8 9
18 19
2 43
42 44
6 5
35 49
13 12
19 46
24 25
6 41
33 32
35 36
2 3
50
21 10
8 4
35 17
49 24
5 10
18 36
1 3
6 13
24 48
12 6
44 22
2 1
16 33
32 16
2 5
13 26
18 9
3 7
19 39
8 16
3 6
4 9
11 22
21 43
30 15
11 23
19 38
45 22
12 24
25 12
7 14
28 14
21 42
47 23
41 20
7 15
10 20
40 20
27 13
2 4
17 34
9 19
37 18
29 14
17 8
5 11
46 23
15 31
25 50
50
2 1
20 1
1 41
29 1
5 1
9 1
23 1
1 21
42 1
1 36
6 1
47 1
7 1
1 48
1 30
22 1
18 1
1 3
1 38
1 44
1 24
1 16
37 1
46 1
19 1
12 1
25 1
27 1
1 15
1 33
1 8
1 40
1 35
17 1
1 11
1 10
1 32
1 43
28 1
1 34
4 1
49 1
1 45
1 14
26 1
13 1
1 39
50 1
31 1
50
47 15
9 8
24 23
45 24
18 19
42 21
43 23
16 15
12 48
38 37
24 25
2 3
34 33
4 3
17 18
29 49
36 35
21 20
30 29
46 31
28 29
14 15
40 39
27 44
8 7
17 16
28 27
10 9
11 12
50 36
22 23
31 30
27 26
38 39
36 37
34 35
13 12
25 26
21 22
41 5
10 11
7 6
33 32
4 5
14 13
32 31
20 19
2 1
6 5
50
35 34
15 16
19 18
20 19
34 33
4 41
4 5
45 36
22 42
48 5
4 3
47 3
22 23
20 21
5 6
29 30
16 17
9 8
9 10
37 38
39 40
14 13
21 22
13 12
46 16
35 36
2 3
25 26
28 27
1 2
24 23
18 17
31 32
44 3
33 32
43 36
28 29
8 7
46 49
30 31
11 12
11 10
36 37
7 6
38 39
15 14
26 27
3 50
25 24
50
15 7
2 4
21 12
38 12
2 8
40 11
6 37
26 12
48 6
50 25
5 16
30 39
28 2
3 2
23 3
19 3
46 45
1 2
42 41
2 9
41 9
36 10
43 10
7 3
17 14
3 5
7 13
18 27
33 34
49 28
8 22
11 9
24 19
18 16
31 6
14 8
23 30
45 40
20 33
35 19
4 6
43 47
12 7
2 29
20 5
44 25
25 11
20 32
10 9
50
31 15
5 10
42 21
22 45
37 18
10 20
39 19
11 22
14 29
18 9
17 35
22 44
12 25
33 16
26 13
1 2
5 11
16 8
4 9
48 24
3 6
23 46
36 18
2 4
40 20
9 19
43 21
50 25
49 24
32 16
38 19
27 13
34 17
4 8
41 20
6 12
6 13
11 23
7 3
17 8
47 23
15 7
5 2
15 30
21 10
14 28
1 3
14 7
24 12
50
23 24
5 4
3 4
28 27
7 8
17 18
37 41
10 9
21 20
33 34
6 7
48 38
10 11
46 2
50 16
16 15
12 13
38 37
24 25
1 2
14 13
45 40
21 49
16 47
9 8
22 23
39 40
18 19
19 20
29 28
35 36
26 27
31 30
15 14
38 39
22 21
11 12
44 39
17 16
31 32
6 5
29 30
33 32
2 3
37 36
34 35
37 42
26 25
29 43
