300
400
112 111
292 291
13 12
70 71
211 210
144 143
19 18
295 294
166 165
352 351
116 117
324 323
362 363
3 4
76 77
283 282
61 60
377 376
154 155
118 117
145 144
330 331
59 58
135 134
365 364
193 194
28 29
277 276
105 106
214 215
353 354
97 98
274 275
290 289
384 398
115 116
343 342
328 327
202 203
282 281
67 68
228 229
379 378
81 80
261 260
177 178
108 107
2 1
330 329
271 272
184 183
167 166
165 164
45 44
163 393
203 204
50 51
106 107
150 151
320 319
389 388
391 113
143 142
238 239
54 55
356 355
9 10
34 35
169 170
387 386
26 27
313 312
197 198
32 33
84 83
213 214
248 249
360 359
256 257
288 289
24 25
123 124
346 347
21 20
128 127
45 46
121 122
132 133
333 334
3 2
240 239
265 266
377 378
220 219
158 159
7 6
227 226
195 194
156 157
180 181
267 266
234 233
181 182
333 332
341 340
252 253
397 7
339 340
224 225
114 115
94 93
49 50
63 62
128 129
191 192
69 68
265 264
126 125
357 356
244 245
338 394
161 160
75 76
339 338
153 152
367 366
202 201
336 335
299 298
311 310
303 302
127 126
307 306
205 206
189 188
52 51
369 370
285 284
245 246
172 171
119 120
206 207
182 183
155 156
48 47
14 13
101 100
237 238
242 241
149 148
235 234
173 174
268 267
33 34
211 212
163 162
157 158
179 180
223 222
79 80
86 87
137 136
147 146
358 357
23 399
30 29
278 277
42 43
39 38
16 15
23 24
30 31
35 36
186 187
251 252
38 37
321 322
269 270
196 197
384 383
65 66
236 237
347 348
243 244
218 219
337 336
122 123
96 95
279 280
273 274
209 208
124 125
152 151
296 295
98 99
210 209
72 71
85 86
187 188
7 8
225 226
11 10
62 61
176 177
163 164
129 130
130 131
88 89
139 138
291 290
262 263
27 28
242 243
281 280
247 246
140 139
74 73
46 47
360 361
328 329
395 130
374 375
306 305
84 85
161 162
199 200
104 105
368 369
77 78
75 74
169 168
293 292
217 216
220 221
120 121
258 257
199 198
186 185
223 224
175 176
366 365
216 215
114 113
208 207
264 263
48 49
349 348
113 112
150 149
309 310
341 342
101 102
132 131
325 324
314 313
293 294
36 37
307 308
59 60
355 354
43 44
92 93
320 321
332 331
273 272
9 8
136 135
316 317
254 255
375 376
386 385
96 97
371 372
15 14
184 185
137 138
314 315
309 308
240 241
260 259
322 323
58 57
229 230
148 147
319 318
259 258
103 104
119 118
69 70
236 235
53 52
108 109
351 350
349 350
344 345
90 89
91 90
367 368
110 111
190 191
335 334
4 5
202 396
268 269
271 270
248 247
154 153
174 175
276 275
25 26
16 17
392 158
285 286
361 362
372 373
83 82
66 67
300 301
134 133
100 99
304 305
141 140
40 41
56 57
22 21
56 55
316 315
262 261
286 287
382 383
358 359
249 250
363 364
63 64
205 204
221 222
296 297
390 389
12 11
343 344
230 231
73 72
370 371
379 380
39 40
79 78
337 338
218 217
299 300
91 92
103 102
170 171
31 32
298 297
284 283
64 65
54 53
42 41
232 233
304 303
20 19
385 384
195 196
352 353
256 255
193 192
201 200
81 82
302 301
142 141
325 326
288 287
190 189
388 387
345 346
167 168
6 5
228 227
317 318
160 159
326 327
88 87
400 136
110 109
232 231
311 312
95 94
173 172
382 381
250 251
179 178
18 17
381 380
279 278
22 23
374 373
254 253
212 213
145 146
400
87 88
110 109
86 85
62 63
217 216
269 270
137 138
297 296
279 278
195 196
186 187
163 164
322 323
293 292
385 386
245 246
273 274
251 250
170 169
3 2
258 257
192 193
209 208
349 350
247 246
187 188
140 139
61 62
125 126
323 324
115 116
97 96
35 36
28 29
166 167
182 183
35 34
139 138
7 6
52 51
381 382
102 103
352 353
252 251
227 228
76 77
153 152
12 13
194 195
338 337
189 190
99 100
21 22
153 154
16 15
364 363
239 238
31 30
114 115
112 113
183 184
137 136
373 374
296 295
14 15
5 6
117 116
172 173
350 351
114 113
84 85
297 298
105 106
72 73
318 319
279 280
121 120
184 185
289 288
265 266
241 240
19 20
212 211
200 201
192 191
125 124
310 311
39 40
351 352
374 375
229 228
127 126
249 250
220 219
247 248
20 21
54 55
226 227
301 300
90 89
142 143
145 144
44 45
125 393
379 380
338 339
382 383
65 66
19 18
371 372
379 378
367 366
57 56
238 237
111 110
344 345
273 272
70 71
313 312
298 299
53 52
348 347
39 38
254 253
43 42
202 203
66 67
328 329
142 141
171 172
321 320
25 26
135 136
370 371
262 263
87 86
163 162
221 222
256 257
64 65
144 143
13 14
325 326
59 60
128 129
164 165
214 213
151 150
4 5
303 302
134 135
232 233
11 10
365 366
11 12
123 124
186 185
202 201
356 355
381 380
244 243
245 244
285 286
178 179
50 49
315 316
4 3
8 7
224 223
41 42
255 256
105 104
206 207
204 205
275 276
94 93
141 140
88 89
48 47
267 268
81 82
93 92
130 131
176 175
392 127
225 224
176 177
74 73
222 223
339 340
124 391
90 91
282 281
70 69
157 156
295 294
196 197
322 321
370 369
132 133
72 71
259 258
287 288
197 198
376 377
333 334
372 373
174 175
58 57
365 364
173 174
150 149
118 117
283 282
171 170
181 182
17 16
188 189
314 315
17 18
120 119
32 31
146 145
41 40
181 180
215 216
277 276
336 337
396 20
94 95
156 155
8 9
299 300
348 349
10 9
376 375
304 303
30 29
122 123
129 130
215 214
309 308
346 347
265 264
331 330
301 302
207 208
97 98
255 254
342 343
290 289
253 252
103 104
319 320
26 27
148 149
76 75
345 346
38 37
161 162
327 326
267 266
131 132
400 265
248 249
36 37
83 84
46 45
212 213
33 34
239 240
50 51
1 2
336 335
22 23
360 359
236 237
313 314
95 96
311 312
385 384
286 287
270 271
231 232
99 98
199 198
107 106
161 160
191 190
109 108
378 377
342 341
218 217
383 384
333 332
261 262
354 353
241 242
67 68
260 259
158 157
331 394
357 358
235 234
44 43
82 83
47 46
361 362
152 151
280 281
368 367
56 55
147 146
148 147
127 128
307 308
310 309
343 344
263 264
359 358
100 101
63 64
210 211
111 112
210 209
118 119
134 133
329 330
335 334
325 324
368 369
107 108
388 387
78 77
32 33
229 230
340 341
165 166
28 27
91 92
24 23
199 200
179 180
102 101
356 357
307 306
277 278
354 355
398 291
362 363
204 203
54 53
387 386
218 219
205 206
177 178
59 58
221 220
284 283
122 121
305 304
242 243
388 389
75 74
48 49
69 68
271 272
316 317
78 79
155 154
291 290
193 194
235 236
261 260
390 389
226 225
80 79
268 269
167 168
160 159
169 168
327 328
159 158
317 318
169 395
361 360
294 293
81 80
234 233
61 60
274 275
68 397
331 332
90 399
25 24
292 291
305 306
231 230
284 285
400
119 120
272 273
100 99
312 311
235 236
140 141
385 384
345 346
15 14
108 109
319 318
263 264
285 286
274 273
83 82
44 45
170 169
15 16
93 92
237 236
321 320
53 54
142 143
208 207
311 310
69 70
286 287
178 179
285 284
106 107
202 203
119 118
309 308
278 277
378 377
122 123
111 112
353 352
232 231
303 304
212 211
177 176
220 219
152 153
224 225
266 265
318 393
317 318
135 136
130 129
211 210
258 259
376 377
56 57
242 243
239 240
323 324
342 341
202 201
134 135
233 232
387 386
221 222
134 133
191 190
299 300
11 10
100 101
118 117
238 237
27 26
61 60
385 386
117 116
41 42
289 288
72 73
47 48
367 368
292 291
255 256
90 91
323 322
361 360
368 369
302 303
8 9
283 282
60 59
181 182
336 337
36 391
148 149
61 62
128 127
52 53
97 96
10 9
103 102
201 200
136 137
336 335
239 238
25 24
297 298
338 339
175 174
214 213
263 262
397 175
197 196
313 314
84 85
58 57
209 210
12 11
194 193
110 109
106 105
124 123
270 269
150 151
276 275
121 122
335 334
301 300
81 82
381 382
21 22
387 388
298 299
209 208
102 101
257 256
183 182
244 245
70 71
352 351
349 350
144 143
1 2
241 242
400 280
108 107
167 166
364 365
125 124
6 5
392 278
78 77
261 260
50 51
36 35
354 353
130 131
265 264
8 7
329 328
375 376
365 366
203 204
192 193
86 87
186 187
162 163
259 260
196 195
223 222
125 126
327 328
56 55
3 4
146 147
176 175
363 364
40 41
350 351
219 218
141 142
98 97
340 339
309 310
32 31
322 321
173 174
324 325
37 38
114 115
17 18
269 268
343 344
33 32
340 341
21 20
132 131
189 188
235 234
234 233
83 84
227 228
213 212
33 34
166 165
85 86
153 154
277 276
65 64
35 34
362 361
205 206
290 291
88 87
359 358
36 37
198 199
12 13
345 344
205 204
80 79
342 343
280 279
274 275
149 150
165 164
356 355
43 44
17 16
254 253
294 293
89 90
307 308
5 4
315 316
63 62
54 55
367 366
164 163
378 379
93 94
178 177
188 187
192 191
20 19
173 172
332 333
396 190
68 69
183 184
155 156
65 66
383 382
198 197
326 327
75 76
267 266
25 26
314 315
148 147
398 188
331 332
320 395
160 159
49 50
151 152
39 38
331 330
98 99
139 138
374 375
338 337
373 372
248 249
96 95
29 30
156 157
257 258
195 194
23 22
190 189
250 249
388 389
216 215
180 179
28 27
326 325
72 71
254 255
2 3
253 252
92 91
372 371
145 144
333 334
171 172
104 105
128 129
369 370
348 349
293 292
246 245
158 159
221 220
316 317
200 199
247 248
218 217
18 19
81 80
77 76
68 67
138 137
225 226
397 399
185 184
295 294
127 126
302 301
295 296
113 114
207 206
374 373
289 290
168 169
305 306
162 161
357 356
333 394
354 355
228 229
217 216
243 244
261 262
185 186
168 167
271 272
52 51
40 39
24 23
247 246
380 379
89 88
104 103
313 312
42 43
268 267
227 226
48 49
47 46
280 281
180 181
58 59
380 381
161 160
67 66
7 6
28 29
215 214
283 284
307 306
113 112
157 158
74 73
329 330
31 30
155 154
75 74
389 390
240 241
384 383
94 95
45 46
296 297
121 120
319 320
271 270
252 251
347 348
359 360
78 79
13 14
231 230
140 139
64 63
346 347
116 115
132 133
230 229
371 370
358 357
251 250
279 278
304 305
282 281
145 146
111 110
170 171
287 288
223 224
363 362
400
285 286
276 275
162 163
251 250
332 333
365 364
36 35
90 91
252 251
208 207
38 39
111 110
295 296
103 104
100 101
23 22
67 66
237 236
113 112
82 81
224 223
73 74
140 141
331 330
143 144
176 175
126 393
338 339
112 111
154 155
237 238
367 366
11 12
185 184
178 177
363 362
138 139
180 179
142 143
188 189
209 208
309 310
155 156
67 68
90 89
162 161
225 224
351 350
313 312
61 60
315 316
264 263
19 18
326 325
212 213
195 196
307 306
25 26
237 400
171 170
227 226
39 40
37 36
332 331
42 41
200 199
34 33
345 346
13 12
83 82
282 281
384 383
176 177
85 86
336 335
279 280
392 147
9 8
362 361
144 145
41 40
45 46
121 120
387 386
215 216
246 247
210 209
232 233
335 334
375 374
307 308
196 197
96 95
262 261
126 127
65 64
273 272
326 327
373 374
27 28
242 243
15 16
327 328
275 274
358 357
105 106
184 183
101 102
137 138
69 68
133 132
119 118
189 190
79 78
215 214
20 19
131 132
195 194
182 183
278 277
258 259
3 2
296 297
6 7
343 342
84 83
24 25
340 341
346 347
234 233
93 92
239 240
304 305
87 88
151 152
198 199
141 142
222 223
146 145
221 220
152 153
15 14
369 368
325 324
382 383
352 353
377 376
261 260
93 94
129 130
14 13
192 191
87 86
47 48
123 124
116 115
206 207
289 288
300 301
355 356
140 139
353 354
66 65
117 118
9 10
57 58
53 52
342 341
48 49
386 385
340 339
114 113
280 281
337 338
166 167
32 31
334 333
128 129
186 185
278 279
287 288
42 43
11 10
228 229
97 96
181 182
156 157
270 269
241 240
367 368
70 71
128 127
4 3
391 44
204 203
50 51
287 286
191 190
276 277
28 29
388 389
76 75
232 231
72 71
299 300
265 266
355 354
168 169
263 262
292 291
220 219
257 258
72 73
126 125
98 97
6 5
108 107
57 56
158 399
295 294
305 306
397 75
366 365
69 70
390 389
337 336
360 361
115 114
122 123
324 323
164 163
352 351
360 359
137 136
50 49
394 9
283 284
249 248
35 34
268 269
55 54
297 298
256 257
245 244
158 159
192 193
2 1
247 248
53 54
99 98
20 21
134 133
164 165
149 148
381 380
289 290
291 290
221 222
234 235
44 45
387 388
238 239
370 371
122 121
167 168
26 27
55 56
321 320
301 302
78 77
267 266
205 204
293 294
379 380
256 255
17 16
181 180
147 146
120 119
330 329
198 197
135 136
323 322
116 117
43 44
92 91
22 21
100 99
173 174
384 385
267 268
321 322
171 172
172 173
308 309
303 302
231 230
226 225
174 175
255 254
312 311
201 202
311 310
124 125
299 298
357 356
228 227
314 313
52 51
211 210
62 61
217 216
372 373
84 85
316 317
245 246
319 320
62 63
58 59
178 179
95 94
188 187
103 102
149 150
59 60
4 5
348 347
319 318
213 214
235 236
315 314
31 30
203 202
160 159
109 110
64 63
148 147
363 364
285 284
89 88
271 272
108 109
24 23
211 212
372 371
229 230
170 169
264 265
158 157
344 345
253 252
8 7
76 77
344 343
242 241
150 151
259 260
18 17
37 38
348 349
303 304
193 194
249 250
46 47
74 75
166 165
153 154
375 376
201 200
130 131
253 254
358 359
379 378
218 219
394 398
329 328
80 79
271 270
318 317
81 80
381 382
206 205
33 32
282 283
217 218
378 377
187 186
370 369
293 292
243 244
273 274
134 135
105 104
107 106
40 396
395 36
160 161
29 30
350 349
400
145 146
36 35
263 264
69 68
111 110
100 99
273 272
52 51
17 16
58 57
34 33
265 264
400 395
228 227
42 41
187 188
338 337
359 358
274 273
373 374
335 334
105 106
122 121
150 149
177 176
169 168
276 275
173 172
35 34
361 362
366 365
219 220
286 287
32 33
317 318
249 248
94 93
350 349
92 91
349 348
203 202
86 85
47 48
241 242
147 148
220 221
216 215
199 200
288 289
328 327
226 225
235 236
217 216
125 124
173 174
247 246
370 369
385 384
254 253
324 323
26 27
233 232
75 74
59 60
336 335
72 73
341 342
269 268
393 188
375 376
369 368
136 137
239 238
29 30
66 67
226 227
105 104
385 386
244 243
237 236
197 196
303 304
344 345
25 24
167 168
257 258
145 144
355 354
247 248
191 190
26 25
184 183
195 194
223 222
315 316
357 356
107 106
251 250
82 81
48 49
347 346
295 296
195 196
88 87
109 108
293 292
131 132
260 261
234 235
300 301
280 281
324 325
229 228
121 120
157 158
32 31
242 243
178 179
172 171
182 181
395 126
257 256
277 278
353 352
162 163
368 367
99 98
359 360
329 330
45 46
139 138
164 165
78 77
159 160
254 255
299 298
314 315
12 11
383 384
112 113
165 166
155 154
135 134
19 18
308 309
98 97
253 252
37 36
156 157
364 363
281 282
293 294
337 336
29 28
201 202
249 250
297 296
221 222
348 347
265 266
238 237
163 164
54 53
149 148
13 12
351 352
382 383
259 258
339 340
128 127
301 302
391 367
372 373
94 95
377 378
22 21
65 66
123 124
333 332
143 144
80 81
109 110
45 44
274 275
184 185
153 154
180 181
300 299
10 9
42 43
343 344
378 379
91 90
61 60
17 18
294 295
380 381
215 214
89 90
318 319
55 56
317 316
267 266
190 189
224 225
1 2
120 119
83 84
377 376
40 39
341 340
52 53
305 304
206 205
356 355
239 240
333 334
140 141
15 16
8 9
366 367
270 271
285 284
117 118
125 126
230 229
288 287
262 261
171 170
142 143
297 298
203 204
345 346
338 339
200 201
251 252
24 23
217 218
70 69
286 285
332 331
260 259
230 231
8 7
116 115
283 282
102 103
73 74
283 284
191 192
93 92
87 86
207 206
309 310
189 188
169 170
3 4
76 75
78 79
111 112
57 56
328 329
213 214
291 292
388 387
68 67
83 82
76 77
21 20
162 161
175 176
280 279
129 128
197 198
277 276
389 398
49 50
310 311
95 96
194 193
28 27
23 22
267 268
156 155
192 193
10 11
389 390
372 371
350 351
330 331
71 72
326 327
210 209
62 61
397 338
59 58
64 65
103 104
302 303
207 208
5 4
62 63
129 130
279 278
140 139
262 263
151 152
271 272
15 14
71 70
63 64
320 321
38 37
375 374
208 209
269 270
177 178
321 322
306 307
394 371
41 40
185 186
101 100
136 135
255 256
116 117
114 113
153 152
290 291
205 204
388 389
146 147
319 320
40 399
84 85
19 20
364 365
308 307
312 311
39 38
5 6
325 326
2 3
379 380
234 233
245 244
322 323
312 313
245 246
102 101
354 353
342 343
30 31
289 290
386 387
6 7
297 396
314 313
96 97
212 213
55 54
231 232
131 130
46 47
133 134
127 126
167 166
179 180
211 210
159 158
88 89
79 80
122 123
241 240
392 214
107 108
138 137
14 13
118 119
361 360
115 114
381 382
132 133
219 218
212 211
50 51
182 183
198 199
223 224
358 357
151 150
43 44
370 371
305 306
187 186
174 175
160 161
363 362
142 141
400
190 191
117 116
311 310
44 45
297 296
28 27
119 118
357 358
32 31
292 293
223 224
347 346
46 47
84 83
381 380
317 316
151 150
160 161
254 255
288 289
243 244
261 262
153 152
29 30
347 348
204 203
269 268
17 18
11 12
50 49
196 197
268 267
263 262
234 235
41 42
362 363
77 78
278 277
56 55
315 314
287 288
322 323
115 114
155 154
361 362
284 283
325 324
216 215
104 103
233 234
120 121
21 22
66 65
330 329
41 40
177 176
137 136
205 204
134 135
335 336
38 39
178 177
242 241
64 65
269 270
307 308
128 127
164 165
392 173
393 223
193 194
328 327
384 383
257 258
17 16
365 364
287 286
48 47
359 358
196 195
364 363
158 159
244 245
232 231
184 185
371 370
181 180
190 189
57 56
146 145
201 202
115 116
277 276
100 101
266 267
316 315
124 125
146 147
295 296
62 61
221 220
105 104
212 213
281 282
374 375
340 341
395 71
62 63
141 140
169 170
379 380
238 237
81 80
289 290
246 245
6 5
178 179
144 145
320 319
301 302
399 167
232 233
343 344
54 55
149 150
388 387
251 252
333 332
75 76
130 129
19 18
64 63
386 385
9 10
240 241
271 270
249 250
326 325
131 132
179 180
132 133
157 158
106 107
384 385
309 308
7 8
34 35
351 352
164 163
45 46
106 105
143 144
202 203
4 5
348 349
306 305
123 124
370 369
59 58
174 175
400 177
300 299
98 99
214 215
339 338
143 142
1 2
119 120
367 366
198 199
31 30
317 318
346 345
260 261
280 279
72 71
118 117
79 78
171 172
28 29
139 140
172 173
100 99
279 278
206 207
303 304
13 12
314 313
61 60
193 192
356 357
354 355
23 24
312 311
376 375
252 253
20 19
166 165
210 209
218 217
81 82
154 153
93 94
246 247
229 230
43 42
166 167
183 184
276 275
373 372
122 121
66 67
304 305
263 264
225 224
292 291
156 155
214 213
70 71
366 365
76 77
353 352
125 126
351 350
378 379
112 111
331 332
368 369
299 298
96 97
102 101
138 139
242 243
320 321
123 122
350 349
272 273
10 11
24 25
353 354
284 285
322 321
53 54
377 376
397 173
73 74
156 157
14 15
79 80
201 200
89 88
183 182
148 147
6 7
188 187
250 251
371 372
170 171
373 374
85 86
248 247
253 254
4 3
32 33
286 285
303 302
377 378
127 126
13 14
333 334
167 168
142 141
318 319
383 382
222 223
49 48
43 44
26 25
218 219
273 274
60 59
82 83
94 95
301 300
216 217
176 175
345 344
53 52
69 70
381 382
169 168
342 341
136 135
327 326
173 174
92 91
113 114
388 389
75 74
340 339
134 133
259 258
211 212
221 222
229 228
254 391
50 51
103 102
187 186
227 226
205 206
198 197
37 36
189 188
16 15
109 110
182 181
360 359
191 192
283 282
225 226
328 329
256 255
386 387
373 394
87 88
120 398
330 331
109 108
307 306
389 390
36 35
211 210
208 207
309 310
248 249
40 39
324 323
33 34
239 238
239 240
237 236
265 264
26 27
200 199
84 85
338 337
92 93
159 160
342 343
20 21
235 236
360 361
110 111
163 162
367 368
23 22
365 396
231 230
68 69
185 186
148 149
161 162
130 131
38 37
334 335
272 271
90 89
128 129
112 113
57 58
68 67
72 73
293 294
294 295
152 151
260 259
107 108
2 3
138 137
290 291
313 312
8 9
228 227
336 337
297 298
274 275
95 96
52 51
219 220
209 208
265 266
356 355
257 256
98 97
87 86
280 281
194 195
90 91
400
131 132
88 89
186 185
337 336
389 390
309 308
323 322
308 307
262 261
70 71
339 338
263 264
8 7
200 201
105 104
341 340
301 300
252 251
260 261
193 194
46 45
350 351
137 391
90 91
386 385
51 52
75 76
119 118
5 6
16 17
181 182
157 156
346 345
219 220
244 245
353 354
166 167
207 208
50 49
144 145
366 365
243 242
285 284
127 126
41 42
106 105
372 371
205 206
77 76
136 137
164 163
191 190
28 29
378 377
175 174
380 381
95 96
130 131
352 353
301 302
75 74
149 148
314 315
26 27
168 167
258 257
115 114
55 56
106 107
296 295
258 259
286 285
269 268
299 300
16 15
214 215
361 360
36 37
123 122
256 255
368 367
356 355
216 217
271 272
48 49
168 169
333 332
389 388
283 282
213 214
177 178
311 312
15 14
53 54
44 43
171 170
215 216
3 2
31 32
294 295
354 355
294 293
152 153
378 379
367 366
81 82
72 73
251 250
349 348
325 326
365 364
134 135
87 86
315 316
88 87
77 78
250 249
34 35
196 197
398 390
154 153
335 336
278 277
192 394
128 127
205 204
141 140
383 384
260 259
170 393
292 291
226 227
101 100
399 189
387 388
28 27
84 85
108 107
244 243
71 72
25 26
46 47
80 79
52 53
253 252
155 156
375 374
210 211
100 99
343 342
260 397
13 12
154 155
324 323
225 226
197 198
57 56
103 104
4 3
222 221
57 58
400 391
84 83
268 267
242 241
361 362
299 298
199 200
171 172
63 64
309 310
193 192
12 11
10 11
297 296
369 368
24 23
138 137
358 359
210 209
197 396
102 103
237 238
228 229
194 195
273 272
225 224
123 124
109 110
142 143
275 274
313 314
19 18
380 379
146 147
134 133
98 99
91 92
311 310
66 65
60 59
247 248
307 306
162 161
165 164
266 265
344 345
179 180
381 382
335 334
9 10
223 224
113 112
33 32
44 45
319 320
284 283
188 189
229 230
111 110
358 357
162 163
17 18
196 195
262 263
233 232
66 67
376 375
35 36
212 213
270 269
231 230
122 121
126 125
313 312
7 6
89 90
39 40
82 83
74 73
329 328
165 166
24 25
357 356
329 330
306 305
331 332
2 1
265 264
350 349
363 362
95 94
290 291
320 321
111 112
255 254
369 370
130 129
136 135
55 54
327 328
190 189
223 222
183 184
191 192
373 374
220 221
39 38
344 343
173 174
109 108
68 67
62 61
8 9
161 160
286 287
317 316
30 29
347 348
304 303
93 92
141 142
288 287
249 248
34 33
297 298
140 139
119 120
158 159
113 114
97 96
176 175
238 239
338 337
288 289
202 201
58 59
64 65
387 386
94 93
148 147
22 21
21 20
69 68
51 50
150 151
359 360
219 218
186 187
101 102
247 246
275 276
129 128
241 240
273 274
116 117
340 339
212 211
334 333
330 331
149 150
234 233
318 317
325 324
62 63
22 23
256 257
31 30
254 253
78 79
305 304
373 372
236 235
302 303
183 182
41 40
61 60
160 159
177 176
117 118
132 133
271 270
347 346
145 146
139 138
199 198
218 217
207 206
179 178
203 204
203 202
281 282
80 81
70 69
231 232
280 279
157 158
185 184
276 277
228 227
240 239
321 322
279 278
188 187
327 326
42 43
371 370
20 19
395 224
290 289
384 385
364 363
48 47
5 4
169 170
246 245
281 280
38 37
124 125
14 13
266 267
143 144
292 293
291 392
234 235
116 115
97 98
342 341
151 152
181 180
173 172
382 383
351 352
85 86
208 209
237 236
319 318
120 121
377 376
400
356 357
253 252
191 190
236 235
302 303
21 20
52 51
156 155
65 64
14 13
118 117
282 281
91 92
293 294
98 99
366 367
37 36
300 299
278 279
104 105
399 79
262 263
15 16
94 95
228 227
62 63
142 141
275 276
58 59
68 69
375 374
139 138
394 157
107 106
1 2
111 110
112 113
50 51
281 280
348 349
120 119
235 234
353 354
8 9
337 338
56 55
125 124
9 10
135 136
59 60
331 330
225 224
44 43
364 365
170 171
372 371
385 384
125 126
86 85
151 150
176 175
23 22
196 195
361 362
246 247
49 50
10 11
371 370
334 335
279 280
160 161
323 324
312 313
67 66
28 27
383 382
147 146
285 284
255 256
376 377
268 269
163 164
350 351
26 27
258 257
216 215
95 96
213 214
274 273
294 295
129 130
373 372
194 193
210 211
296 295
352 353
29 30
321 322
383 384
271 270
5 6
79 78
196 197
184 183
15 14
292 293
264 265
131 130
237 238
154 153
45 44
202 201
152 151
274 275
148 149
124 123
18 17
189 188
303 304
278 277
19 18
240 239
268 267
317 316
159 395
61 60
335 336
19 20
366 365
221 220
202 203
52 53
315 314
160 159
240 241
158 157
229 230
309 308
310 309
175 174
228 229
85 84
237 236
242 243
135 134
367 368
87 88
319 318
359 360
272 273
321 320
178 179
53 54
312 311
47 48
217 218
238 239
380 379
42 41
161 162
58 57
341 342
326 325
374 373
199 200
173 174
379 378
84 83
75 74
61 62
224 223
113 114
291 292
8 7
378 377
122 123
140 141
63 64
48 49
276 277
345 344
212 213
329 328
234 233
352 351
264 263
21 22
322 323
222 221
388 387
119 118
245 246
71 72
333 332
254 255
93 94
127 128
100 99
167 168
204 205
81 82
370 369
97 96
34 33
302 301
245 244
68 67
311 310
127 126
3 4
152 153
90 89
38 39
398 379
358 357
345 346
147 148
233 232
117 116
185 184
163 162
332 331
269 270
149 150
35 34
57 56
350 349
120 121
159 158
347 346
136 137
139 140
91 90
143 144
87 86
215 214
254 253
339 338
259 258
98 97
177 178
248 249
267 266
43 42
381 382
362 363
101 102
341 340
107 108
108 109
250 249
203 204
324 325
79 80
340 339
313 314
364 363
191 192
354 355
29 28
380 381
301 300
223 222
154 155
305 306
81 80
209 210
72 73
145 144
195 194
368 369
156 157
347 348
308 307
70 69
198 197
389 390
16 17
82 83
190 189
75 76
230 231
115 116
207 206
73 74
76 77
297 296
219 220
103 102
105 106
128 129
358 359
319 320
40 41
104 103
234 397
396 353
343 342
110 109
271 272
165 164
336 337
171 172
327 328
205 206
168 169
83 392
25 24
112 111
45 46
248 247
132 133
386 385
172 173
167 166
315 316
25 26
208 207
183 182
165 166
243 244
5 4
393 373
266 265
317 318
211 212
262 261
181 182
198 199
101 100
232 231
92 93
283 282
355 356
285 286
30 31
134 133
185 186
122 121
386 387
217 216
389 388
40 39
252 251
187 186
260 259
33 32
2 3
307 306
71 70
24 23
343 344
327 326
46 47
88 89
32 31
179 180
177 176
12 13
209 208
36 35
260 261
219 218
227 226
65 66
360 361
55 54
283 284
226 225
257 256
138 137
330 329
334 333
131 132
263 391
130 400
250 251
287 286
77 78
376 375
200 201
298 297
241 242
169 170
304 305
298 299
187 188
193 192
11 12
288 287
142 143
288 289
7 6
180 181
291 290
289 290
38 37
115 114
146 145
400
182 181
107 108
283 284
358 357
92 93
307 308
204 203
82 81
337 338
371 372
367 366
369 370
354 353
276 277
7 6
276 275
208 209
127 126
13 12
10 11
141 140
262 263
313 314
350 349
77 76
378 377
4 5
15 16
236 235
317 316
152 153
224 223
168 169
216 217
336 335
187 186
183 182
396 159
241 240
319 318
99 98
53 54
363 364
176 175
147 146
266 267
206 205
376 375
125 124
38 37
333 334
42 41
256 255
121 120
349 348
285 284
352 351
381 380
358 359
208 207
69 68
137 136
38 39
304 305
79 80
330 331
273 274
300 299
102 101
56 55
91 90
273 272
244 245
83 84
298 299
247 248
289 288
78 79
141 142
20 19
132 131
110 109
178 179
200 199
379 378
75 76
266 265
154 155
394 340
388 389
331 332
191 192
24 25
239 238
365 364
115 116
159 158
214 213
22 23
96 95
173 172
39 40
14 15
185 186
207 206
8 7
32 31
268 267
52 53
6 5
263 264
86 87
175 174
9 8
112 113
105 106
85 86
322 323
298 297
102 103
353 352
230 231
374 373
341 340
22 21
29 30
121 122
134 133
226 227
326 325
312 311
116 117
249 250
192 193
90 89
361 362
18 19
67 66
342 343
134 135
181 180
124 123
366 365
30 31
302 301
4 3
140 139
303 302
319 320
120 119
279 280
388 397
287 288
56 57
249 248
332 333
29 28
128 129
122 123
232 233
215 216
351 350
377 376
363 362
324 325
203 202
286 287
155 156
341 342
215 214
165 164
328 329
389 390
143 142
340 339
167 168
78 77
297 296
33 34
64 63
112 111
271 270
48 47
283 282
310 309
74 73
251 252
47 46
329 330
65 66
68 67
167 166
32 33
12 11
130 129
111 110
260 261
256 257
280 281
197 196
59 60
229 230
295 296
337 336
262 261
311 310
235 234
160 159
222 221
228 229
195 194
45 46
201 200
59 58
108 109
307 306
70 69
24 23
133 132
231 232
44 45
199 198
356 357
72 71
239 240
395 12
49 50
295 294
14 13
368 367
171 170
344 343
28 27
315 316
213 212
275 274
117 118
131 130
73 72
37 36
98 97
1 2
305 306
221 220
399 249
212 211
294 293
55 54
10 9
282 281
217 218
205 204
285 286
91 92
301 300
152 393
361 360
70 71
61 60
391 220
75 74
348 347
222 223
151 150
259 260
195 196
371 370
334 335
331 392
258 257
43 44
269 268
374 375
149 148
27 26
355 356
166 165
163 162
147 148
278 277
237 236
170 169
119 118
197 198
386 387
137 138
400 22
51 50
94 93
252 253
253 254
174 173
225 226
385 384
188 187
345 346
379 380
290 289
194 193
258 259
42 43
96 97
326 327
178 177
387 388
151 152
48 49
242 243
383 384
158 157
61 62
180 179
100 101
185 184
127 128
139 138
359 360
149 150
322 321
106 107
191 190
269 270
211 210
161 160
135 136
144 143
125 126
145 146
183 184
103 104
318 317
345 344
85 84
225 224
164 163
20 21
291 292
242 241
347 346
40 41
114 113
382 383
188 189
114 115
218 219
309 308
58 57
369 368
99 100
172 171
324 323
246 245
321 320
36 35
339 338
314 315
210 209
156 157
386 385
201 202
220 219
2 3
303 304
247 246
80 81
105 104
243 244
293 292
17 16
51 52
278 279
251 250
89 88
328 327
162 161
63 62
254 255
265 264
234 233
313 312
83 82
106 398
190 189
382 381
154 153
145 144
88 87
237 238
34 35
373 372
272 271
94 95
64 65
291 290
176 177
26 25
355 354
228 227
17 18
400
125 124
146 145
141 142
98 99
161 162
31 32
121 122
92 91
363 362
267 268
262 263
105 106
378 379
43 44
141 140
279 278
148 147
228 227
350 351
371 370
250 249
285 284
270 269
73 74
312 311
291 292
22 21
201 200
207 206
268 269
348 347
369 368
394 138
62 63
102 101
368 367
110 111
282 283
35 34
65 66
340 339
65 64
25 24
134 135
89 90
47 46
112 113
264 263
236 237
335 334
188 187
72 73
332 333
211 210
126 397
16 17
248 247
281 280
294 293
231 230
164 165
308 307
305 304
131 132
348 349
121 120
239 240
107 106
139 140
151 150
306 307
85 86
291 290
213 214
381 382
70 71
137 136
126 125
117 118
383 384
355 356
3 2
230 229
69 68
19 18
338 339
233 234
51 50
237 238
14 15
104 103
45 46
8 9
317 318
149 148
156 157
93 94
188 189
171 172
209 210
352 353
312 313
242 241
372 373
366 365
76 77
286 287
252 251
383 382
246 245
172 173
216 217
45 44
280 279
55 56
219 220
346 347
342 341
255 256
223 222
330 329
303 302
143 144
4 5
128 129
277 278
204 203
320 319
1 2
194 193
308 309
310 309
225 226
21 20
299 298
363 364
3 4
132 133
40 39
296 297
388 389
234 235
174 173
158 157
326 327
74 75
303 304
6 5
161 160
195 194
60 61
124 123
130 129
27 26
97 98
294 295
249 248
218 217
60 59
207 208
198 197
130 131
151 152
366 367
37 38
285 286
385 384
242 243
138 137
192 191
72 71
18 17
209 208
287 288
43 42
99 100
213 212
86 87
380 379
190 189
80 81
13 14
167 166
34 33
138 139
265 264
359 360
270 271
317 316
133 134
354 353
298 297
6 7
16 15
261 262
54 53
283 284
205 206
9 10
361 360
328 327
83 82
359 358
80 79
385 386
343 342
35 36
180 181
204 205
49 50
376 375
179 178
170 169
378 377
276 275
352 351
257 256
185 184
56 57
96 95
318 319
84 83
282 281
123 122
227 226
361 362
396 313
144 145
253 254
332 331
142 143
325 326
156 155
118 119
51 52
313 314
335 336
277 276
28 29
89 88
321 320
357 358
149 150
136 135
393 88
58 59
180 179
315 314
252 253
147 146
322 321
343 344
258 257
104 105
47 48
316 315
272 271
221 220
48 49
201 202
174 175
224 225
338 337
52 53
37 36
246 247
260 261
114 113
11 10
302 301
275 274
184 183
158 159
30 31
186 185
120 119
152 153
162 163
334 333
82 81
57 58
126 127
181 182
272 273
293 292
387 388
196 197
112 111
244 245
95 94
62 61
350 349
328 329
183 182
154 153
28 27
331 330
391 40
244 243
79 78
340 341
178 177
160 159
229 228
224 223
300 299
266 265
376 377
25 26
69 70
67 68
251 250
200 199
373 374
371 372
126 400
325 324
117 116
23 22
395 195
29 30
101 100
323 322
108 107
289 290
264 399
289 288
305 306
114 115
296 295
190 191
381 380
175 176
198 199
345 344
369 370
127 128
203 202
177 176
240 241
168 169
192 193
102 103
40 41
232 231
54 55
163 164
215 214
87 88
24 23
168 167
110 109
78 77
267 266
84 85
66 67
64 63
259 260
233 232
254 255
171 170
310 311
336 337
75 76
274 273
215 216
13 12
42 41
92 93
166 165
221 222
32 33
392 280
346 345
187 186
20 19
258 259
390 389
91 90
108 109
301 300
39 38
386 387
357 356
12 11
324 323
239 238
236 235
219 218
196 195
7 8
116 115
375 374
355 354
211 212
365 364
96 97
154 155
304 398
1
3
1 2
2 3
2
2 1
3
3 2
2 1
3
2 3
2 1
4
2 1
3 4
3 2
3
2 1
3 2
3
2 1
3 2
3
2 1
3 2
2
1 2
2
2 1
4
2 1
3 2
4 3
3
1 2
3 2
1
3
2 1
3 2
2
1 2
3
2 3
2 1
3
2 1
3 2
5
3 4
5 4
2 1
2 3
3
2 1
2 3
5
3 4
2 3
5 4
1 2
3
2 3
1 2
4
2 3
4 3
1 2
1
4
1 2
3 4
2 3
4
2 3
3 4
1 2
1
6
3 2
4 3
5 4
5 6
2 1
4
2 1
3 4
2 3
5
3 4
2 3
1 2
5 4
4
4 3
1 2
3 2
5
2 3
4 3
1 2
4 5
2
1 2
4
2 3
1 2
3 4
6
1 2
3 4
5 4
5 6
3 2
4
3 4
2 3
1 2
4
4 3
2 3
1 2
5
3 2
4 3
2 1
4 5
4
2 1
4 3
2 3
1
1
4
1 2
3 2
4 3
3
3 2
1 2
2
2 1
4
1 2
2 3
3 4
3
3 2
1 2
1
5
2 3
1 2
4 3
4 5
6
6 5
4 3
5 4
2 3
1 2
5
1 2
5 4
4 3
2 3
2
2 1
4
2 3
3 4
1 2
5
1 2
4 3
3 2
5 4
3
2 3
2 1
3
3 2
1 2
1
5
3 4
1 2
4 5
2 3
3
2 3
2 1
6
1 2
3 4
4 5
3 2
6 5
5
5 4
1 2
3 2
3 4
5
3 2
5 4
3 4
1 2
4
3 2
3 4
2 1
1
2
1 2
2
2 1
4
2 3
2 1
3 4
2
2 1
4
2 1
3 4
3 2
4
3 4
3 2
2 1
3
3 2
2 1
4
4 3
3 2
2 1
5
5 4
2 1
2 3
4 3
3
2 3
1 2
5
2 3
4 5
1 2
3 4
4
4 3
1 2
3 2
2
2 1
2
1 2
4
2 1
4 3
2 3
2
2 1
2
2 1
3
3 2
2 1
7
4 5
4 3
2 1
3 2
5 6
6 7
5
5 4
3 4
1 2
2 3
7
7 6
3 4
6 5
2 1
4 5
3 2
5
2 3
1 2
5 4
3 4
4
1 2
2 3
4 3
1
3
2 3
1 2
2
1 2
3
2 1
3 2
4
2 3
4 3
1 2
3
3 2
2 1
2
2 1
4
4 3
1 2
2 3
4
3 2
2 1
3 4
2
1 2
3
2 1
2 3
3
1 2
3 2
4
4 3
2 1
3 2
4
3 4
1 2
3 2
5
1 2
5 4
3 2
3 4
2
1 2
4
1 2
4 3
3 2
4
3 4
2 3
2 1
5
3 2
4 3
1 2
5 4
3
2 3
1 2
3
3 2
2 1
1
3
2 1
2 3
4
1 2
3 2
3 4
8
8 7
2 3
3 4
5 6
1 2
4 5
7 6
4
1 2
2 3
4 3
7
6 5
1 2
3 2
6 7
4 5
3 4
3
2 1
3 2
1
3
2 1
2 3
1
2
1 2
3
3 2
2 1
2
1 2
4
2 1
2 3
4 3
1
2
2 1
5
3 2
4 5
3 4
1 2
3
2 3
2 1
4
2 3
1 2
4 3
4
1 2
4 3
2 3
7
4 3
2 3
1 2
4 5
5 6
7 6
3
1 2
2 3
6
6 5
4 3
2 1
3 2
5 4
5
4 5
3 2
2 1
3 4
6
6 5
5 4
3 4
2 3
1 2
2
1 2
2
1 2
6
5 4
2 3
1 2
6 5
3 4
2
1 2
4
2 3
3 4
2 1
7
2 3
6 7
5 4
6 5
1 2
4 3
2
2 1
4
1 2
3 2
3 4
5
2 1
3 4
4 5
3 2
4
2 1
3 4
2 3
3
1 2
2 3
3
2 3
1 2
3
2 1
3 2
2
2 1
3
2 1
3 2
4
4 3
3 2
1 2
2
2 1
3
1 2
3 2
5
1 2
5 4
3 4
2 3
3
2 1
2 3
5
3 4
1 2
3 2
4 5
5
3 2
1 2
4 5
3 4
5
4 5
2 3
1 2
3 4
3
3 2
2 1
5
2 3
3 4
2 1
5 4
4
3 4
3 2
1 2
4
2 3
4 3
2 1
2
1 2
3
2 1
3 2
5
2 1
3 2
5 4
4 3
3
2 1
3 2
6
5 4
4 3
5 6
2 1
3 2
1
5
4 3
2 1
2 3
4 5
3
2 1
3 2
2
1 2
6
2 1
3 4
5 6
3 2
5 4
5
2 3
5 4
3 4
1 2
1
4
2 3
4 3
1 2
3
3 2
1 2
3
2 3
2 1
9
6 5
4 3
7 6
8 9
2 1
3 2
7 8
4 5
3
2 1
2 3
1
2
2 1
5
3 4
5 4
3 2
1 2
5
3 4
2 1
4 5
2 3
1
4
3 4
2 3
1 2
6
6 5
4 5
4 3
2 3
2 1
2
1 2
2
1 2
4
3 4
1 2
3 2
2
1 2
3
2 1
3 2
5
1 2
4 5
4 3
3 2
2
1 2
3
2 3
2 1
2
1 2
1
4
4 3
3 2
2 1
2
1 2
4
2 1
4 3
2 3
6
4 5
3 2
3 4
1 2
5 6
5
4 5
2 3
4 3
2 1
4
3 4
3 2
1 2
3
2 3
1 2
3
2 1
3 2
3
2 1
2 3
3
2 3
2 1
5
3 4
3 2
2 1
5 4
3
1 2
3 2
4
3 2
3 4
1 2
3
2 1
2 3
4
4 3
1 2
2 3
1
1
4
2 3
4 3
1 2
4
1 2
4 3
3 2
1
2
1 2
2
1 2
1
2
2 1
4
3 4
3 2
1 2
4
2 3
1 2
3 4
5
1 2
4 5
3 4
2 3
5
2 1
4 3
3 2
4 5
5
4 3
2 1
4 5
3 2
4
3 4
2 1
3 2
4
2 1
3 2
4 3
1
2
1 2
2
1 2
4
3 4
2 3
1 2
2
2 1
3
2 1
3 2
3
2 1
2 3
1
4
1 2
2 3
4 3
3
1 2
3 2
1
3
2 3
1 2
2
2 1
5
4 5
2 1
2 3
4 3
4
2 3
3 4
1 2
3
2 1
3 2
3
1 2
3 2
3
1 2
3 2
2
2 1
4
2 3
4 3
1 2
4
2 1
3 2
3 4
6
3 2
3 4
4 5
2 1
6 5
4
3 2
2 1
3 4
8
3 4
2 3
7 8
6 5
1 2
4 5
7 6
4
3 2
1 2
4 3
6
2 3
5 4
6 5
1 2
4 3
3
2 3
2 1
1
3
1 2
2 3
1
4
2 1
3 2
4 3
2
1 2
2
1 2
4
2 1
2 3
4 3
5
3 2
4 5
3 4
1 2
1
4
3 4
2 1
3 2
4
1 2
2 3
4 3
3
3 2
1 2
3
3 2
1 2
2
2 1
5
3 4
4 5
2 1
2 3
7
2 1
5 4
3 4
6 7
5 6
2 3
6
4 5
4 3
2 3
2 1
5 6
7
4 3
4 5
6 7
2 3
1 2
5 6
3
1 2
3 2
1
2
2 1
3
3 2
1 2
1
3
1 2
3 2
3
3 2
1 2
2
2 1
4
2 1
4 3
3 2
4
3 4
1 2
3 2
6
6 5
3 4
2 3
4 5
2 1
3
2 1
3 2
5
3 4
1 2
2 3
5 4
4
2 3
3 4
2 1
3
1 2
3 2
4
3 4
2 1
2 3
3
3 2
2 1
3
1 2
2 3
5
4 3
4 5
2 3
1 2
3
3 2
1 2
4
3 4
2 3
1 2
