50
50
5 6
30 29
12 13
17 16
25 26
37 36
19 18
37 38
28 27
23 50
35 34
41 6
20 21
3 4
26 49
43 32
27 26
19 20
34 33
42 12
6 7
22 23
9 8
13 14
16 15
44 17
29 28
7 8
12 47
23 46
31 32
40 39
14 15
39 38
5 4
18 17
31 30
15 45
10 11
23 24
10 9
24 25
22 21
36 35
3 2
12 11
32 33
2 1
43 48
50
1 28
21 1
19 1
8 1
1 17
41 1
1 5
38 1
1 18
40 1
1 30
31 1
1 10
1 39
1 3
1 26
37 1
13 1
11 1
1 47
44 1
1 34
16 1
9 1
12 1
29 1
42 1
1 23
46 1
1 49
1 14
1 20
1 36
1 33
27 1
32 1
1 24
1 6
2 1
1 4
1 45
25 1
1 15
22 1
1 7
1 50
1 35
1 43
1 48
50
15 13
10 9
49 50
9 11
45 46
29 30
34 33
19 20
17 15
36 35
16 15
37 39
31 33
24 23
27 29
21 23
7 9
3 4
25 26
43 41
23 25
33 35
39 41
39 40
5 7
6 5
41 42
13 14
11 13
17 18
1 2
22 21
27 25
7 8
19 21
28 27
3 1
38 37
49 47
43 45
12 11
3 5
17 19
31 29
32 31
48 47
44 43
45 47
37 35
50
5 11
24 48
14 29
8 17
50 25
16 33
19 9
18 37
21 42
22 44
15 30
18 36
11 23
34 17
49 24
1 2
7 3
15 31
19 38
6 12
46 23
9 18
23 47
22 45
20 41
3 1
24 12
39 19
3 6
8 16
40 20
21 43
5 10
5 2
9 4
27 13
10 21
7 15
26 13
10 20
6 13
28 14
16 32
8 4
35 17
4 2
14 7
11 22
25 12
50
33 31
1 3
35 33
12 11
15 16
43 45
17 19
31 29
27 28
37 38
27 29
30 29
35 37
19 20
9 11
23 25
31 32
27 25
9 7
24 23
2 1
21 23
45 46
41 39
33 34
13 11
36 35
47 48
14 13
5 3
21 19
21 22
49 47
41 42
40 39
39 37
45 47
8 7
26 25
17 18
10 9
4 3
6 5
44 43
15 13
49 50
41 43
17 15
7 5
50
43 1
1 12
47 1
1 32
36 1
1 7
1 18
1 24
1 44
48 1
45 1
16 1
1 22
14 1
5 1
26 1
1 34
21 1
1 9
1 11
38 1
1 27
1 8
20 1
1 31
1 49
41 1
15 1
25 1
13 1
42 1
46 1
1 10
30 1
4 1
1 50
1 37
1 17
1 2
1 39
29 1
1 19
1 28
1 33
3 1
1 6
1 23
1 35
1 40
50
4 3
46 25
1 2
7 6
24 23
16 48
5 6
43 18
16 15
38 37
33 32
3 2
13 12
44 12
20 41
28 45
14 13
42 12
29 30
21 22
34 33
31 30
9 8
4 5
16 17
14 15
22 23
32 31
9 10
36 37
49 33
21 20
35 34
27 26
28 27
47 31
28 29
38 39
20 19
11 12
24 25
8 7
25 26
10 11
35 36
40 39
17 18
19 18
50 44
50
1 42
1 13
1 50
1 39
1 18
31 1
1 32
1 45
36 1
28 1
1 26
1 14
43 1
1 29
1 9
1 25
11 1
1 40
41 1
1 44
1 37
30 1
1 48
1 19
49 1
10 1
1 23
38 1
7 1
1 20
27 1
34 1
2 1
1 15
1 47
24 1
33 1
22 1
1 21
12 1
46 1
1 8
6 1
35 1
4 1
1 16
1 3
5 1
17 1
50
21 42
10 20
24 12
3 7
2 4
47 23
8 16
35 17
17 8
44 22
14 29
25 50
24 49
20 41
10 5
8 4
20 40
1 3
19 9
25 12
32 16
16 33
10 21
18 9
17 34
26 13
46 23
13 6
9 4
28 14
15 30
18 36
45 22
39 19
15 31
43 21
11 23
19 38
5 11
2 1
15 7
22 11
18 37
27 13
14 7
5 2
3 6
48 24
6 12
50
35 17
30 15
20 40
12 24
17 34
13 27
38 19
18 9
9 19
5 10
41 20
7 14
50 25
5 11
48 24
17 8
12 25
6 3
20 10
10 21
19 39
49 24
21 42
29 14
13 6
5 2
23 47
37 18
45 22
9 4
23 11
23 46
18 36
4 2
14 28
1 2
6 12
7 3
31 15
16 33
11 22
44 22
16 32
16 8
3 1
26 13
15 7
43 21
4 8
50
25 26
33 34
2 1
7 8
31 32
33 32
14 15
7 6
15 47
3 4
23 24
12 11
30 31
26 27
49 45
21 20
37 38
33 45
19 20
36 35
29 28
38 39
13 12
35 34
9 10
21 22
50 47
44 43
10 11
5 6
16 17
30 46
5 4
37 36
30 41
8 9
28 27
15 16
23 22
3 2
13 48
18 19
42 4
29 30
14 13
25 24
39 40
18 17
35 43
50
5 4
4 3
9 8
44 3
24 23
23 22
3 48
1 2
36 37
37 38
1 42
29 30
16 15
21 22
20 19
24 25
14 15
33 34
35 36
8 7
32 31
38 39
6 7
35 34
17 18
28 29
11 10
12 50
43 36
14 13
42 46
26 27
6 45
26 25
2 3
31 30
21 20
39 40
49 7
18 19
6 5
9 10
12 13
28 27
16 17
32 33
41 35
12 11
46 47
50
5 10
10 21
17 35
7 14
44 22
22 45
34 17
9 19
50 25
6 13
38 19
20 10
47 23
33 16
12 25
22 11
5 2
37 18
9 4
14 28
12 24
13 27
20 40
39 19
8 4
16 8
6 12
6 3
2 1
16 32
36 18
3 1
3 7
17 8
42 21
48 24
23 11
7 15
20 41
24 49
13 26
46 23
29 14
11 5
9 18
4 2
15 30
43 21
31 15
50
45 47
7 5
21 22
39 37
5 6
29 27
1 3
23 24
11 12
7 9
17 18
32 31
27 25
46 45
9 10
43 41
15 17
5 3
45 43
33 31
13 11
49 50
15 16
48 47
34 33
38 37
33 35
41 39
30 29
20 19
8 7
15 13
9 11
17 19
42 41
39 40
31 29
36 35
13 14
25 23
44 43
37 35
47 49
27 28
3 4
19 21
21 23
25 26
2 1
50
12 1
46 1
25 1
17 1
1 14
39 1
1 41
1 20
1 48
28 1
6 1
45 1
27 1
10 1
1 13
40 1
1 5
1 8
1 23
15 1
1 11
1 18
1 9
43 1
38 1
44 1
33 1
1 22
1 37
47 1
35 1
1 50
34 1
24 1
1 4
1 30
1 21
16 1
1 32
2 1
49 1
1 29
1 36
1 19
1 31
42 1
1 26
3 1
1 7
50
50 1
1 21
39 1
15 1
12 1
2 1
1 49
1 20
16 1
1 8
1 40
28 1
1 3
1 45
1 44
1 25
10 1
1 17
26 1
1 41
35 1
24 1
1 6
1 7
43 1
42 1
1 34
1 48
1 36
1 38
13 1
1 5
19 1
1 31
1 14
33 1
1 32
4 1
1 27
1 11
1 23
1 9
47 1
22 1
18 1
1 29
1 46
1 37
30 1
50
15 14
6 7
37 36
12 13
31 30
27 26
16 15
17 16
48 7
5 6
22 21
2 3
31 32
33 34
10 11
28 29
4 3
9 10
24 23
20 19
37 38
23 22
47 22
27 28
33 32
31 42
17 18
29 46
35 41
25 24
36 35
32 49
39 40
38 50
43 13
21 20
11 12
34 35
9 8
10 44
8 7
39 38
45 15
4 5
29 30
2 1
26 25
18 19
13 14
50
22 12
2 1
8 34
47 25
4 5
7 6
20 17
46 26
15 16
3 42
11 7
14 2
48 14
23 10
7 21
4 12
24 32
40 14
41 32
49 19
9 37
9 8
19 26
17 6
26 45
31 35
9 36
29 11
13 24
19 2
44 2
7 39
43 8
1 4
27 26
6 5
15 6
44 50
4 18
8 3
11 13
10 8
1 38
1 3
31 14
25 16
12 33
28 5
18 30
50
14 29
41 20
10 5
10 21
6 13
3 1
26 13
36 18
12 24
23 47
11 22
20 40
16 33
22 44
7 14
15 7
2 1
4 9
23 11
25 50
16 8
23 46
18 37
3 6
24 48
13 27
19 39
42 21
30 15
28 14
6 12
31 15
3 7
32 16
34 17
21 43
10 20
4 8
19 38
19 9
17 35
8 17
45 22
24 49
2 5
25 12
18 9
5 11
4 2
50
1 6
1 28
1 7
1 42
43 1
45 1
50 1
1 25
1 18
17 1
19 1
48 1
47 1
14 1
16 1
12 1
3 1
13 1
1 11
31 1
49 1
27 1
4 1
41 1
8 1
1 36
35 1
39 1
1 46
1 26
1 33
1 30
44 1
29 1
20 1
32 1
10 1
34 1
2 1
1 23
1 40
15 1
24 1
1 22
38 1
21 1
5 1
9 1
37 1
50
1 39
1 7
42 1
32 1
1 31
1 15
13 1
4 1
1 2
1 3
37 1
1 26
14 1
1 24
16 1
1 19
1 22
33 1
47 1
1 36
8 1
1 40
30 1
21 1
43 1
1 23
1 5
6 1
25 1
1 46
1 50
1 20
38 1
1 28
1 34
41 1
11 1
48 1
35 1
1 18
1 29
44 1
12 1
1 27
17 1
10 1
45 1
1 9
1 49
50
30 29
37 39
31 29
25 26
35 36
23 25
31 33
40 39
3 4
27 28
5 7
18 17
14 13
9 10
7 8
23 24
21 19
5 6
15 13
42 41
19 20
5 3
35 37
33 35
9 11
21 23
43 44
15 17
16 15
1 2
3 1
11 12
47 49
46 45
45 43
27 25
13 11
9 7
37 38
45 47
49 50
47 48
41 39
22 21
31 32
29 27
41 43
34 33
19 17
50
2 1
5 6
31 29
7 9
9 10
21 23
45 46
43 45
16 15
37 35
31 32
49 47
25 27
35 33
18 17
39 40
39 41
37 39
21 22
33 31
43 41
1 3
13 14
36 35
50 49
30 29
3 5
3 4
47 48
47 45
7 8
21 19
19 17
43 44
33 34
42 41
27 28
25 26
19 20
17 15
12 11
9 11
15 13
23 24
7 5
11 13
27 29
38 37
25 23
50
31 15
17 34
18 36
13 27
13 26
11 5
49 24
39 19
21 10
50 25
3 1
15 30
22 44
35 17
4 9
42 21
20 41
19 9
14 29
6 3
6 12
19 38
11 23
20 40
45 22
8 17
11 22
2 5
23 46
12 25
14 7
37 18
4 8
5 10
7 3
32 16
13 6
2 4
7 15
8 16
24 12
2 1
23 47
20 10
18 9
48 24
16 33
43 21
14 28
50
5 6
34 33
31 32
3 4
17 18
41 43
27 28
42 41
39 40
12 11
37 39
15 13
21 19
24 23
33 35
5 7
21 22
30 29
31 29
35 37
23 21
19 17
47 45
37 38
35 36
43 44
25 23
27 25
3 5
9 10
7 8
45 46
49 47
43 45
49 50
16 15
9 11
9 7
25 26
17 15
31 33
1 3
47 48
19 20
29 27
39 41
11 13
13 14
2 1
50
43 21
7 3
14 28
15 31
13 26
14 29
41 20
18 9
34 17
13 27
2 5
35 17
2 1
13 6
36 18
17 8
19 38
24 49
19 39
12 25
20 10
2 4
4 9
48 24
16 32
15 7
24 12
1 3
15 30
50 25
22 11
10 5
5 11
3 6
44 22
47 23
23 46
9 19
4 8
45 22
16 8
33 16
6 12
10 21
18 37
21 42
23 11
7 14
20 40
50
33 1
22 1
40 1
1 10
1 26
1 47
1 19
1 37
1 8
1 7
1 18
1 39
1 46
1 28
34 1
1 17
9 1
1 48
21 1
15 1
16 1
5 1
1 12
6 1
1 50
38 1
45 1
42 1
35 1
44 1
29 1
20 1
32 1
11 1
23 1
25 1
1 4
1 36
1 3
1 30
1 27
1 13
24 1
41 1
49 1
14 1
31 1
1 2
1 43
50
1 3
1 9
18 1
33 1
50 1
2 1
49 1
48 1
45 1
1 22
1 29
47 1
11 1
16 1
27 1
1 39
1 38
4 1
6 1
36 1
43 1
1 24
37 1
41 1
1 34
28 1
26 1
7 1
17 1
10 1
15 1
8 1
12 1
1 5
23 1
20 1
1 32
1 25
13 1
1 14
31 1
1 21
1 44
46 1
40 1
1 30
1 19
1 42
1 35
50
49 1
37 1
1 24
19 1
38 1
32 1
1 43
7 1
1 18
1 28
20 1
1 11
16 1
15 1
1 25
1 5
8 1
41 1
40 1
1 6
13 1
1 44
46 1
47 1
50 1
1 4
48 1
1 45
22 1
1 3
39 1
36 1
1 42
17 1
35 1
1 14
2 1
1 33
1 23
1 21
26 1
12 1
29 1
10 1
34 1
27 1
1 30
1 9
31 1
50
18 19
20 21
8 7
31 32
34 35
22 21
39 43
28 29
9 8
9 10
27 26
2 1
35 36
46 22
31 30
33 34
48 49
33 32
15 16
16 17
12 47
7 6
27 28
4 3
23 22
5 6
50 41
17 18
29 30
2 3
37 38
14 13
29 48
39 40
36 44
10 11
19 20
37 36
26 25
25 24
23 24
12 11
13 12
31 42
14 15
5 4
45 1
39 38
41 31
50
25 1
10 1
33 1
1 34
1 50
1 17
48 1
40 1
1 11
2 1
1 21
1 36
1 42
19 1
1 12
28 1
1 32
1 27
38 1
45 1
1 37
1 35
26 1
23 1
1 30
6 1
1 22
16 1
8 1
1 14
1 9
1 29
18 1
47 1
39 1
1 44
1 49
43 1
1 13
41 1
24 1
5 1
1 15
1 7
31 1
46 1
4 1
20 1
3 1
50
16 17
27 26
50 21
8 7
9 8
21 20
33 34
35 36
25 24
33 42
16 15
26 43
12 41
4 3
38 37
29 30
39 38
14 15
2 3
16 44
32 31
39 46
11 12
1 2
12 13
48 46
4 5
45 25
19 20
18 17
23 22
37 36
5 6
26 25
35 34
13 14
28 27
30 31
22 21
20 47
33 32
7 6
29 28
11 10
10 9
19 18
23 24
49 23
39 40
50
1 14
1 49
41 1
1 42
1 6
35 1
1 44
1 31
1 8
25 1
1 15
10 1
19 1
43 1
20 1
46 1
13 1
1 37
36 1
5 1
1 3
1 26
28 1
4 1
27 1
29 1
1 39
1 16
1 48
47 1
30 1
18 1
1 50
1 24
1 38
2 1
1 32
1 22
1 34
40 1
1 33
12 1
1 45
21 1
17 1
1 11
9 1
7 1
1 23
50
6 1
16 1
1 33
1 25
47 1
1 14
39 1
3 1
41 1
1 27
1 32
11 1
8 1
1 38
36 1
1 40
1 22
1 19
5 1
1 23
1 26
44 1
7 1
31 1
1 18
10 1
1 2
1 43
9 1
1 28
1 17
20 1
1 46
34 1
1 45
1 35
1 12
1 48
1 24
4 1
15 1
37 1
49 1
13 1
1 29
30 1
1 21
42 1
1 50
50
8 16
7 15
7 14
8 17
24 12
24 48
26 13
22 44
37 18
22 45
23 11
3 7
43 21
38 19
12 6
34 17
17 35
32 16
18 9
5 10
22 11
2 1
47 23
10 21
10 20
20 40
5 2
15 31
50 25
9 19
3 1
30 15
5 11
16 33
4 8
39 19
2 4
49 24
36 18
25 12
9 4
21 42
13 27
20 41
3 6
28 14
6 13
14 29
23 46
50
14 1
1 11
9 1
1 16
1 31
29 1
38 1
1 23
25 1
24 1
48 1
1 26
47 1
1 12
1 39
49 1
3 1
1 36
28 1
22 1
41 1
13 1
1 5
21 1
37 1
1 44
1 43
19 1
34 1
42 1
30 1
8 1
1 45
10 1
1 33
1 35
7 1
1 17
46 1
4 1
1 32
1 50
1 20
1 18
15 1
27 1
40 1
6 1
2 1
50
48 24
32 16
34 17
22 45
4 2
14 28
19 38
8 17
33 16
39 19
20 41
7 3
3 6
5 10
7 15
22 11
18 9
13 26
14 29
4 9
21 10
12 25
7 14
8 16
3 1
35 17
6 13
49 24
22 44
12 6
47 23
9 19
15 30
42 21
2 5
8 4
31 15
36 18
12 24
20 40
11 23
18 37
10 20
13 27
2 1
21 43
11 5
25 50
46 23
50
31 32
12 11
1 50
28 29
13 12
20 43
25 24
30 42
17 16
14 15
35 34
26 25
17 18
21 20
38 39
47 7
20 49
30 31
27 28
2 1
22 23
9 8
7 8
45 1
41 12
1 48
18 19
3 2
6 5
33 32
21 22
23 24
16 15
39 40
19 20
5 4
14 13
26 27
30 29
7 6
8 46
5 44
36 35
10 11
10 9
4 3
34 33
37 36
37 38
50
2 3
37 36
44 39
10 11
15 14
24 23
28 29
22 23
22 21
30 31
7 6
29 30
21 20
26 27
2 1
17 16
9 8
31 32
42 30
8 7
5 6
26 25
45 29
4 5
9 10
15 16
46 17
12 11
12 13
33 34
33 32
50 31
24 25
19 20
28 27
3 4
35 36
41 5
49 42
18 17
35 34
39 40
13 14
18 19
38 37
11 47
43 32
38 39
48 39
50
25 26
25 23
38 37
16 15
49 47
37 39
41 42
7 8
14 13
41 43
12 11
17 15
3 4
18 17
45 43
29 30
44 43
2 1
9 7
31 32
11 13
35 37
3 1
21 22
39 40
5 3
45 46
35 36
21 19
19 20
21 23
35 33
29 27
28 27
25 27
33 34
23 24
41 39
45 47
11 9
48 47
6 5
5 7
19 17
31 29
50 49
33 31
13 15
9 10
50
10 5
33 16
14 29
22 45
12 6
15 7
35 17
21 42
8 17
49 24
2 1
39 19
3 1
18 9
2 5
13 27
34 17
46 23
14 28
13 6
12 24
6 3
32 16
20 41
25 50
4 2
10 21
24 48
36 18
16 8
9 4
21 43
44 22
22 11
15 31
20 40
47 23
4 8
18 37
14 7
38 19
9 19
5 11
7 3
25 12
26 13
20 10
15 30
11 23
50
44 1
33 1
1 18
19 1
20 1
15 1
1 12
35 1
8 1
29 1
1 34
1 42
48 1
40 1
1 23
31 1
1 2
1 22
43 1
17 1
1 47
1 16
1 50
1 6
41 1
1 39
1 27
1 3
1 7
1 11
1 5
1 32
24 1
13 1
37 1
14 1
1 36
1 9
30 1
1 28
1 25
1 10
1 46
38 1
1 4
45 1
49 1
21 1
26 1
50
11 9
39 40
27 25
31 29
4 3
50 49
14 13
7 5
27 28
17 15
13 15
21 23
7 8
11 12
19 20
38 37
21 22
39 37
32 31
18 17
47 45
37 35
33 34
42 41
48 47
16 15
3 5
30 29
24 23
26 25
29 27
33 35
2 1
19 21
45 43
10 9
9 7
19 17
41 43
43 44
5 6
47 49
11 13
45 46
25 23
39 41
31 33
36 35
3 1
50
21 10
8 4
35 17
49 24
5 10
18 36
1 3
6 13
24 48
12 6
44 22
2 1
16 33
32 16
2 5
13 26
18 9
3 7
19 39
8 16
3 6
4 9
11 22
21 43
30 15
11 23
19 38
45 22
12 24
25 12
7 14
28 14
21 42
47 23
41 20
7 15
10 20
40 20
27 13
2 4
17 34
9 19
37 18
29 14
17 8
5 11
46 23
15 31
25 50
50
1 2
19 20
41 39
27 29
3 5
7 9
21 23
21 19
41 42
36 35
5 6
45 47
5 7
48 47
30 29
21 22
17 18
3 1
38 37
44 43
24 23
16 15
35 37
45 46
17 19
11 12
23 25
25 27
15 13
33 31
8 7
40 39
35 33
15 17
11 9
10 9
32 31
43 41
27 28
34 33
3 4
47 49
45 43
14 13
25 26
11 13
39 37
49 50
29 31
50
47 23
4 9
12 24
45 22
19 9
42 21
43 21
8 16
24 48
19 38
25 12
3 1
17 34
2 4
18 9
24 49
18 36
10 21
15 30
46 23
29 14
15 7
20 40
22 44
4 8
8 17
14 28
5 10
12 6
50 25
23 11
15 31
13 27
39 19
37 18
35 17
6 13
26 13
22 11
41 20
11 5
3 7
16 33
5 2
7 14
16 32
10 20
1 2
3 6
50
35 34
15 16
19 18
20 19
34 33
21 41
4 5
45 1
38 42
48 45
4 3
47 14
22 23
20 21
5 6
29 30
16 17
9 8
9 10
37 38
39 40
14 13
21 22
13 12
46 44
35 36
2 3
25 26
28 27
1 2
24 23
18 17
31 32
44 38
33 32
43 17
28 29
8 7
33 49
30 31
11 12
11 10
36 37
7 6
38 39
15 14
26 27
32 50
25 24
50
15 3
2 4
21 14
38 22
6 8
40 34
2 37
26 19
48 26
50 26
13 16
27 39
28 21
3 2
23 19
19 6
46 41
1 2
42 27
8 9
41 14
36 9
43 19
7 5
17 4
4 5
9 13
25 27
9 34
49 3
12 22
11 5
24 19
18 7
31 26
14 5
25 30
45 21
18 33
35 19
3 6
29 47
12 4
26 29
20 19
44 2
25 11
9 32
10 6
50
31 14
1 10
42 30
31 45
37 3
7 20
39 38
10 22
8 29
18 8
21 35
26 44
6 25
33 21
26 10
1 2
10 11
16 6
4 9
48 2
4 6
25 46
36 26
1 4
40 33
11 19
43 34
50 12
49 32
32 29
38 9
27 6
34 4
3 8
41 30
3 12
6 13
22 23
7 3
17 11
47 11
15 9
5 3
14 30
21 17
8 28
2 3
14 8
24 4
50
1 24
5 1
1 4
28 1
1 8
1 18
41 1
10 1
21 1
1 34
1 7
1 48
1 11
1 46
1 50
16 1
1 13
38 1
1 25
1 2
14 1
1 45
49 1
47 1
9 1
1 23
1 40
1 19
1 20
29 1
1 36
1 27
31 1
15 1
1 39
22 1
1 12
1 44
17 1
1 32
6 1
1 30
33 1
1 3
37 1
1 35
42 1
26 1
43 1
