50
50
6 2
14 30
13 4
7 17
26 13
5 37
9 19
38 34
8 28
19 50
22 35
41 32
21 15
4 1
35 49
43 21
9 27
20 1
31 34
42 40
7 1
23 19
1 9
14 11
15 16
44 19
6 29
8 7
10 47
40 46
32 5
37 40
15 10
4 39
1 5
11 18
26 31
40 45
11 10
24 13
7 10
25 1
2 22
11 36
1 3
9 12
33 19
1 2
15 48
50
28 27
19 21
17 19
7 8
17 15
39 41
5 3
37 38
18 17
39 40
30 29
29 31
10 9
39 37
3 1
26 25
35 37
11 13
9 11
47 45
43 44
34 33
15 16
7 9
11 12
27 29
41 42
23 21
45 46
49 47
14 13
20 19
36 35
33 31
25 27
31 32
24 23
6 5
1 2
4 3
45 43
23 25
15 13
21 22
7 5
50 49
35 33
43 41
48 47
50
15 13
10 9
49 50
9 11
45 46
29 30
34 33
19 20
17 15
36 35
16 15
37 39
31 33
24 23
27 29
21 23
7 9
3 4
25 26
43 41
23 25
33 35
39 41
39 40
5 7
6 5
41 42
13 14
11 13
17 18
1 2
22 21
27 25
7 8
19 21
28 27
3 1
38 37
49 47
43 45
12 11
3 5
17 19
31 29
32 31
48 47
44 43
45 47
37 35
50
5 11
39 48
11 29
12 17
50 7
19 33
19 18
19 37
8 42
3 44
27 30
13 36
14 23
34 33
49 32
1 2
7 2
30 31
22 38
10 12
46 12
4 18
39 47
35 45
3 41
3 1
24 21
39 36
1 6
7 16
40 4
2 43
3 10
5 4
9 4
27 26
16 21
5 15
26 2
16 20
2 13
28 10
11 32
8 5
35 18
4 1
14 3
17 22
25 16
50
1 33
3 1
1 35
1 12
16 1
45 1
19 1
1 31
28 1
38 1
29 1
1 30
37 1
20 1
11 1
25 1
32 1
1 27
1 9
1 24
1 2
23 1
46 1
1 41
34 1
1 13
1 36
48 1
1 14
1 5
1 21
22 1
1 49
42 1
1 40
1 39
47 1
1 8
1 26
18 1
1 10
1 4
1 6
1 44
1 15
50 1
43 1
1 17
1 7
50
21 43
12 6
23 47
32 16
18 36
7 3
18 9
24 12
44 22
24 48
22 45
8 16
22 11
7 14
2 5
13 26
34 17
10 21
9 4
11 5
19 38
27 13
8 4
10 20
31 15
49 24
20 41
7 15
12 25
6 13
21 42
23 46
10 5
15 30
2 4
50 25
37 18
17 8
2 1
39 19
14 29
19 9
28 14
33 16
1 3
6 3
23 11
35 17
40 20
50
4 3
46 42
1 2
7 6
24 23
12 48
5 6
43 34
16 15
38 37
33 32
3 2
13 12
44 30
27 41
34 45
14 13
42 12
29 30
21 22
34 33
31 30
9 8
4 5
16 17
14 15
22 23
32 31
9 10
36 37
49 8
21 20
35 34
27 26
28 27
47 23
28 29
38 39
20 19
11 12
24 25
8 7
25 26
10 11
35 36
40 39
17 18
19 18
50 9
50
42 15
12 13
50 16
38 39
17 18
31 30
31 32
45 42
36 35
28 27
25 26
13 14
12 43
28 29
8 9
24 25
11 10
39 40
32 41
44 19
36 37
30 29
48 17
18 19
7 49
10 9
22 23
38 37
7 6
19 20
27 26
34 33
2 1
14 15
47 21
24 23
33 32
22 21
20 21
12 11
2 46
7 8
6 5
35 34
4 3
15 16
2 3
5 4
17 16
50
42 1
20 1
1 24
7 1
4 1
1 47
16 1
1 35
1 17
1 44
29 1
50 1
49 1
41 1
1 10
1 8
40 1
3 1
1 19
1 25
1 32
33 1
21 1
1 18
34 1
1 26
1 46
1 13
1 9
1 28
30 1
36 1
1 45
1 39
31 1
1 43
23 1
38 1
11 1
1 2
1 15
1 22
37 1
1 27
1 14
1 5
6 1
1 48
12 1
50
35 33
30 29
39 40
23 24
33 34
25 27
38 37
18 17
17 19
9 10
41 39
13 14
50 49
9 11
48 47
17 15
23 25
6 5
20 19
19 21
37 39
49 47
41 42
29 27
13 11
5 3
45 47
37 35
45 43
9 7
23 21
45 46
35 36
4 3
27 28
1 2
11 12
7 5
31 29
31 33
21 22
44 43
31 32
16 15
3 1
26 25
15 13
43 41
7 8
50
25 26
33 34
2 1
7 8
31 32
33 32
14 15
7 6
13 47
3 4
23 24
12 11
30 31
26 27
49 15
21 20
37 38
11 45
19 20
36 35
29 28
38 39
13 12
35 34
9 10
21 22
50 11
44 29
10 11
5 6
16 17
34 46
5 4
37 36
26 41
8 9
28 27
15 16
23 22
3 2
5 48
18 19
42 39
29 30
14 13
25 24
39 40
18 17
30 43
50
5 4
4 3
9 8
44 13
24 23
23 22
43 48
1 2
36 37
37 38
37 42
29 30
16 15
21 22
20 19
24 25
14 15
33 34
35 36
8 7
32 31
38 39
6 7
35 34
17 18
28 29
11 10
10 50
43 22
14 13
3 46
26 27
37 45
26 25
2 3
31 30
21 20
39 40
49 3
18 19
6 5
9 10
12 13
28 27
16 17
32 33
41 39
12 11
42 47
50
2 10
15 21
9 35
9 14
44 3
4 45
34 30
1 19
50 13
6 13
38 32
20 9
47 33
33 17
18 25
22 19
5 2
37 14
9 4
1 28
11 24
26 27
21 40
39 24
8 1
16 15
11 12
6 5
2 1
6 32
36 27
3 1
1 7
17 1
42 20
48 44
23 8
2 15
20 41
1 49
4 26
46 44
29 18
11 2
11 18
4 2
5 30
43 14
31 16
50
10 47
7 2
17 22
39 17
5 6
29 16
1 3
20 24
1 12
3 9
2 18
32 30
27 18
46 37
5 10
43 12
13 17
5 3
45 18
33 11
13 5
10 50
3 16
48 29
34 16
38 31
15 35
41 7
30 18
20 11
8 3
15 8
9 11
14 19
42 5
3 40
31 20
36 1
1 14
25 10
44 18
37 22
48 49
4 28
2 4
11 21
4 23
10 26
2 1
50
12 1
46 1
25 1
17 1
1 14
39 1
1 41
1 20
1 48
28 1
6 1
45 1
27 1
10 1
1 13
40 1
1 5
1 8
1 23
15 1
1 11
1 18
1 9
43 1
38 1
44 1
33 1
1 22
1 37
47 1
35 1
1 50
34 1
24 1
1 4
1 30
1 21
16 1
1 32
2 1
49 1
1 29
1 36
1 19
1 31
42 1
1 26
3 1
1 7
50
50 1
1 21
39 1
15 1
12 1
2 1
1 49
1 20
16 1
1 8
1 40
28 1
1 3
1 45
1 44
1 25
10 1
1 17
26 1
1 41
35 1
24 1
1 6
1 7
43 1
42 1
1 34
1 48
1 36
1 38
13 1
1 5
19 1
1 31
1 14
33 1
1 32
4 1
1 27
1 11
1 23
1 9
47 1
22 1
18 1
1 29
1 46
1 37
30 1
50
13 15
7 5
35 37
13 11
29 31
25 27
15 16
15 17
48 47
6 5
21 22
3 1
32 31
34 33
11 9
29 27
3 4
10 9
23 24
19 20
38 37
21 23
47 45
28 27
31 33
41 42
18 17
45 46
39 41
23 25
35 36
47 49
40 39
49 50
43 41
19 21
12 11
35 33
7 9
43 44
7 8
37 39
45 43
5 3
30 29
1 2
25 26
19 17
14 13
50
22 3
2 1
32 34
47 23
3 5
7 5
20 16
46 4
5 16
11 42
11 7
14 6
48 25
23 2
13 21
11 12
21 32
40 14
41 14
49 9
28 37
9 3
3 26
17 14
12 45
34 35
2 36
29 19
17 24
19 15
44 4
21 39
43 15
2 4
27 26
6 2
15 8
40 50
12 18
8 4
3 13
10 6
4 38
1 3
31 16
25 17
17 33
28 13
11 30
50
29 1
1 41
1 10
21 1
13 1
1 3
1 26
1 36
24 1
47 1
22 1
40 1
33 1
44 1
14 1
1 15
1 2
9 1
1 23
50 1
1 16
46 1
37 1
6 1
48 1
27 1
39 1
1 42
1 30
1 28
12 1
1 31
7 1
1 32
1 34
43 1
20 1
8 1
38 1
1 19
35 1
17 1
1 45
49 1
5 1
1 25
1 18
11 1
1 4
50
5 6
27 28
6 7
42 23
19 43
18 45
2 50
24 25
17 18
17 16
19 18
23 48
31 47
14 13
16 15
12 11
3 2
13 12
10 11
31 30
42 49
27 26
4 3
9 41
8 7
35 36
35 34
39 38
46 9
25 26
32 33
29 30
13 44
29 28
20 19
32 31
10 9
34 33
2 1
22 23
39 40
15 14
24 23
21 22
38 37
21 20
5 4
9 8
37 36
50
39 37
7 5
41 42
31 32
31 29
15 13
11 13
3 4
2 1
3 1
35 37
26 25
13 14
24 23
15 16
19 17
22 21
31 33
45 47
36 35
7 8
40 39
29 30
19 21
41 43
23 21
5 3
5 6
23 25
46 45
50 49
20 19
37 38
28 27
34 33
39 41
9 11
47 48
33 35
18 17
29 27
43 44
11 12
27 25
15 17
9 10
43 45
9 7
49 47
50
30 21
8 39
31 2
4 26
10 36
10 25
9 33
40 14
3 4
2 28
5 7
18 6
14 9
8 10
2 8
18 24
21 8
1 6
15 3
42 19
4 20
5 3
8 37
30 35
10 11
16 23
42 44
5 17
16 9
1 2
3 1
2 12
12 49
46 1
45 15
27 8
13 2
9 6
19 38
16 47
45 50
5 48
41 36
22 9
16 32
29 24
9 43
34 10
19 15
50
2 1
3 6
31 15
4 9
5 10
11 23
23 46
22 45
16 8
37 18
16 32
49 24
13 27
35 17
18 9
20 40
20 41
19 39
11 22
33 16
43 21
1 3
7 14
36 18
50 25
30 15
2 5
2 4
24 48
47 23
4 8
21 10
19 9
22 44
17 34
42 21
14 28
13 26
10 20
17 8
12 6
5 11
15 7
12 24
7 3
6 13
14 29
38 19
25 12
50
30 31
34 33
36 35
27 26
26 25
10 11
49 16
38 39
20 21
50 2
2 3
30 29
34 44
34 35
9 8
42 17
20 41
18 19
29 28
5 6
12 11
38 37
23 22
40 39
45 17
17 16
22 21
5 4
37 46
25 24
13 14
36 37
8 7
10 9
6 7
31 32
12 13
4 3
15 14
16 15
23 24
1 2
36 47
19 20
17 18
48 22
33 32
43 7
28 27
50
4 6
34 25
3 32
1 4
8 18
12 43
27 28
42 40
10 40
12 5
5 39
15 12
21 14
24 9
12 35
6 7
12 22
30 19
31 24
3 37
23 22
19 5
47 15
35 38
26 36
4 44
25 15
27 23
3 5
9 10
5 8
27 46
49 17
7 45
16 50
16 8
10 11
9 5
5 26
17 4
19 33
1 3
18 48
6 20
29 17
17 41
1 13
6 14
2 1
50
43 17
7 4
21 28
24 31
21 26
28 29
41 38
18 1
34 26
22 27
3 5
35 27
2 1
13 4
36 29
17 1
26 38
20 49
27 39
19 25
20 19
1 4
2 9
48 42
18 32
15 3
24 2
2 3
9 30
50 20
22 6
10 1
9 11
2 6
44 34
47 4
42 46
4 19
4 8
45 40
16 2
33 26
1 12
14 21
8 37
12 42
23 9
6 14
26 40
50
16 33
11 22
20 40
10 5
26 13
47 23
19 9
37 18
8 4
7 3
18 9
39 19
46 23
28 14
17 34
17 8
4 9
48 24
10 21
7 15
8 16
2 5
12 6
3 6
50 25
19 38
22 45
21 42
17 35
22 44
14 29
10 20
16 32
5 11
11 23
12 25
4 2
36 18
3 1
30 15
27 13
13 6
12 24
20 41
24 49
7 14
15 31
2 1
43 21
50
2 3
8 9
18 17
33 32
18 50
2 1
48 49
2 48
30 45
21 22
28 29
32 47
11 10
16 15
27 26
38 39
37 38
4 3
6 5
36 35
17 43
23 24
37 36
26 41
33 34
28 27
26 25
7 6
17 16
10 9
15 14
8 7
12 11
4 5
23 22
20 19
31 32
24 25
13 12
13 14
31 30
20 21
44 14
24 46
40 39
29 30
18 19
42 20
34 35
50
49 1
37 1
1 24
19 1
38 1
32 1
1 43
7 1
1 18
1 28
20 1
1 11
16 1
15 1
1 25
1 5
8 1
41 1
40 1
1 6
13 1
1 44
46 1
47 1
50 1
1 4
48 1
1 45
22 1
1 3
39 1
36 1
1 42
17 1
35 1
1 14
2 1
1 33
1 23
1 21
26 1
12 1
29 1
10 1
34 1
27 1
1 30
1 9
31 1
50
19 7
21 6
2 8
32 2
35 21
21 22
25 43
29 4
8 9
10 1
2 27
1 2
36 13
46 45
25 31
34 28
37 49
22 33
16 3
17 3
46 47
2 7
28 15
3 4
17 23
6 4
50 14
18 11
30 27
3 2
38 13
11 14
15 48
40 35
23 44
11 3
20 6
34 37
15 26
6 25
24 1
9 12
7 13
21 42
15 11
3 5
45 33
1 39
41 16
50
12 25
5 10
16 33
34 17
50 25
17 8
24 48
20 40
11 5
1 2
21 10
36 18
42 21
9 19
12 6
14 28
32 16
27 13
19 38
22 45
37 18
35 17
13 26
11 23
30 15
3 6
22 11
8 16
4 8
14 7
9 4
29 14
9 18
23 47
19 39
44 22
49 24
21 43
13 6
20 41
12 24
2 5
15 7
7 3
15 31
23 46
2 4
10 20
1 3
50
17 8
13 27
50 25
4 8
4 9
10 21
34 17
36 18
12 25
21 42
8 16
21 43
20 41
2 4
19 38
30 15
19 39
15 7
3 1
22 44
16 32
23 46
12 6
2 1
13 6
48 24
5 2
45 22
20 10
9 18
11 23
18 37
6 3
13 26
17 35
14 7
14 28
31 15
11 22
23 47
16 33
3 7
14 29
5 11
5 10
9 19
24 12
49 24
40 20
50
14 13
49 47
39 41
42 41
6 5
33 35
44 43
31 29
8 7
23 25
15 13
9 10
17 19
41 43
19 20
45 46
11 13
37 35
35 36
3 5
3 1
26 25
27 28
3 4
25 27
27 29
39 37
16 15
48 47
45 47
29 30
17 18
50 49
24 23
38 37
1 2
32 31
22 21
34 33
39 40
33 31
11 12
45 43
19 21
15 17
11 9
7 9
5 7
23 21
50
5 6
15 16
33 31
25 23
45 47
14 13
37 39
1 3
39 41
27 25
32 31
9 11
7 8
38 37
35 36
40 39
22 21
19 17
3 5
23 21
26 25
43 44
5 7
29 31
18 17
9 10
2 1
43 41
7 9
28 27
17 15
19 20
46 45
33 34
45 43
35 33
12 11
48 47
24 23
3 4
13 15
35 37
47 49
11 13
29 27
29 30
21 19
41 42
50 49
50
16 15
15 14
14 13
17 16
23 24
25 48
25 26
8 44
36 37
12 45
22 23
7 6
43 5
37 38
11 12
33 34
35 34
31 32
17 18
10 9
21 22
1 2
47 16
21 20
20 19
40 39
4 5
31 30
50 27
19 18
2 3
29 30
11 10
33 32
8 7
38 39
4 3
49 14
35 36
24 25
8 9
27 42
27 26
4 41
6 5
27 28
13 12
29 28
3 46
50
14 1
1 11
9 1
1 16
1 31
29 1
38 1
1 23
25 1
24 1
48 1
1 26
47 1
1 12
1 39
49 1
3 1
1 36
28 1
22 1
41 1
13 1
1 5
21 1
37 1
1 44
1 43
19 1
34 1
42 1
30 1
8 1
1 45
10 1
1 33
1 35
7 1
1 17
46 1
4 1
1 32
1 50
1 20
1 18
15 1
27 1
40 1
6 1
2 1
50
48 19
32 5
34 32
25 45
4 1
23 28
1 38
9 17
33 16
39 38
12 41
7 1
3 6
8 10
14 15
22 19
18 3
6 26
27 29
5 9
21 10
22 25
7 14
6 16
3 1
35 26
6 13
49 33
25 44
12 8
47 34
2 19
5 30
42 26
3 5
8 1
31 8
36 20
15 24
16 40
10 23
11 37
15 20
5 27
2 1
11 43
11 10
21 50
46 26
50
1 32
12 1
50 1
1 29
13 1
43 1
25 1
42 1
17 1
1 15
35 1
26 1
1 18
21 1
1 39
1 47
49 1
1 31
1 28
2 1
1 23
9 1
1 8
1 45
1 41
48 1
1 19
3 1
6 1
33 1
1 22
1 24
16 1
1 40
1 20
5 1
14 1
1 27
30 1
7 1
46 1
44 1
36 1
1 11
10 1
4 1
34 1
37 1
1 38
50
3 1
35 37
44 43
11 9
13 15
23 24
29 27
23 21
21 22
31 29
5 7
30 29
19 21
27 25
1 2
15 17
7 9
32 31
42 41
7 8
6 5
25 26
45 43
5 3
10 9
16 15
46 45
11 12
13 11
34 33
31 33
50 49
25 23
20 19
27 28
4 3
36 35
41 39
49 47
17 18
33 35
40 39
14 13
19 17
37 38
45 47
43 41
39 37
48 47
50
26 1
1 25
1 38
1 16
1 49
39 1
42 1
8 1
1 14
43 1
1 12
1 17
4 1
1 18
1 45
30 1
1 44
1 2
1 9
32 1
13 1
37 1
1 3
22 1
40 1
1 5
46 1
36 1
1 21
20 1
23 1
1 35
1 29
1 28
27 1
34 1
24 1
1 41
47 1
1 11
1 48
1 6
7 1
1 19
1 31
1 50
1 33
15 1
10 1
50
1 10
1 33
29 1
45 1
1 12
1 15
1 35
42 1
17 1
1 49
1 2
1 39
1 3
1 18
5 1
27 1
1 34
1 46
28 1
1 13
24 1
1 6
1 32
41 1
50 1
1 4
21 1
48 1
1 36
1 16
1 9
43 1
1 44
1 22
31 1
40 1
1 47
8 1
37 1
1 14
1 38
19 1
11 1
1 7
1 25
1 26
1 20
30 1
23 1
50
22 44
16 33
18 9
9 19
10 20
7 15
12 6
17 35
4 8
14 29
34 17
42 21
24 48
20 40
23 11
15 31
2 1
22 11
21 43
8 17
47 23
16 8
50 25
6 3
20 41
39 19
27 13
3 1
7 3
11 5
5 2
32 16
12 24
6 13
18 37
7 14
36 18
9 4
15 30
28 14
25 12
10 5
46 23
19 38
4 2
22 45
24 49
10 21
13 26
50
10 11
40 39
26 27
30 31
3 4
50 49
13 14
6 7
28 27
16 17
15 14
23 22
8 7
12 11
20 19
37 38
22 21
38 39
31 32
17 18
47 11
36 37
34 33
42 33
48 34
15 16
5 4
29 30
23 24
25 26
28 29
35 34
1 2
21 20
45 10
9 10
8 9
18 19
32 43
37 44
6 5
11 49
13 12
29 46
24 25
21 41
33 32
35 36
2 3
50
21 8
8 6
35 27
49 23
9 10
16 36
1 3
6 13
7 48
12 9
44 2
2 1
19 33
32 21
4 5
11 26
18 8
3 7
1 39
8 16
4 6
5 9
4 22
7 43
30 15
5 23
32 38
45 29
22 24
25 5
7 14
28 14
3 42
47 33
41 24
6 15
12 20
40 17
27 12
1 4
4 34
3 19
37 35
29 15
17 14
6 11
46 10
1 31
9 50
50
1 2
19 20
41 39
27 29
3 5
7 9
21 23
21 19
41 42
36 35
5 6
45 47
5 7
48 47
30 29
21 22
17 18
3 1
38 37
44 43
24 23
16 15
35 37
45 46
17 19
11 12
23 25
25 27
15 13
33 31
8 7
40 39
35 33
15 17
11 9
10 9
32 31
43 41
27 28
34 33
3 4
47 49
45 43
14 13
25 26
11 13
39 37
49 50
29 31
50
47 45
7 9
23 24
45 43
19 17
42 41
43 41
15 16
47 48
37 38
25 23
3 1
33 34
3 4
18 17
47 49
35 36
19 21
29 30
46 45
29 27
15 13
39 40
43 44
7 8
15 17
27 28
9 10
12 11
50 49
23 21
29 31
25 27
39 37
37 35
35 33
11 13
26 25
22 21
41 39
11 9
5 7
31 33
5 3
13 14
31 32
19 20
1 2
5 6
50
17 35
16 2
1 19
7 20
28 34
31 41
5 1
45 14
18 42
48 8
3 4
47 4
23 2
21 12
6 4
30 20
17 4
4 9
10 6
38 26
40 16
8 14
22 12
11 13
46 42
36 25
3 1
26 22
10 28
2 1
19 24
6 18
32 21
44 8
5 33
43 15
29 10
3 8
12 49
31 25
12 1
2 11
37 17
4 7
39 18
11 15
27 24
32 50
18 25
50
15 13
3 4
21 19
38 37
7 8
40 39
35 37
26 25
48 47
50 49
15 16
37 39
28 27
3 1
23 21
19 17
46 45
1 2
42 41
7 9
41 39
36 35
43 41
7 5
17 15
3 5
11 13
25 27
33 34
49 47
21 22
11 9
24 23
18 17
31 29
14 13
29 30
45 43
31 33
35 33
5 6
45 47
12 11
27 29
20 19
44 43
25 23
31 32
10 9
50
31 15
5 10
42 21
22 45
37 18
10 20
39 19
11 22
14 29
18 9
17 35
22 44
12 25
33 16
26 13
1 2
5 11
16 8
4 9
48 24
3 6
23 46
36 18
2 4
40 20
9 19
43 21
50 25
49 24
32 16
38 19
27 13
34 17
4 8
41 20
6 12
6 13
11 23
7 3
17 8
47 23
15 7
5 2
15 30
21 10
14 28
1 3
14 7
24 12
50
24 1
4 5
4 2
1 28
8 2
18 12
2 41
8 10
4 21
34 32
7 2
48 17
11 10
46 25
50 6
10 16
13 8
1 38
25 21
2 1
11 14
45 35
43 49
5 47
4 9
23 10
40 25
19 13
20 3
16 29
36 32
27 8
10 31
12 15
39 9
7 22
12 1
44 37
2 17
32 15
3 6
30 7
11 33
3 2
32 37
35 15
35 42
17 26
31 43
