300
400
112 111
292 291
13 12
70 71
211 210
144 143
19 18
295 294
166 165
352 351
116 117
324 323
362 363
3 4
76 77
283 282
61 60
377 376
154 155
118 117
145 144
330 331
59 58
135 134
365 364
193 194
28 29
277 276
105 106
214 215
353 354
97 98
274 275
290 289
398 397
115 116
343 342
328 327
202 203
282 281
67 68
228 229
379 378
81 80
261 260
177 178
108 107
2 1
330 329
271 272
184 183
167 166
165 164
45 44
393 392
203 204
50 51
106 107
150 151
320 319
389 388
390 391
143 142
238 239
54 55
356 355
9 10
34 35
169 170
387 386
26 27
313 312
197 198
32 33
84 83
213 214
248 249
360 359
256 257
288 289
24 25
123 124
346 347
21 20
128 127
45 46
121 122
132 133
333 334
3 2
240 239
265 266
377 378
220 219
158 159
7 6
227 226
195 194
156 157
180 181
267 266
234 233
181 182
333 332
341 340
252 253
396 397
339 340
224 225
114 115
94 93
49 50
63 62
128 129
191 192
69 68
265 264
126 125
357 356
244 245
394 393
161 160
75 76
339 338
153 152
367 366
202 201
336 335
299 298
311 310
303 302
127 126
307 306
205 206
189 188
52 51
369 370
285 284
245 246
172 171
119 120
206 207
182 183
155 156
48 47
14 13
101 100
237 238
242 241
149 148
235 234
173 174
268 267
33 34
211 212
163 162
157 158
179 180
223 222
79 80
86 87
137 136
147 146
358 357
399 398
30 29
278 277
42 43
39 38
16 15
23 24
30 31
35 36
186 187
251 252
38 37
321 322
269 270
196 197
384 383
65 66
236 237
347 348
243 244
218 219
337 336
122 123
96 95
279 280
273 274
209 208
124 125
152 151
296 295
98 99
210 209
72 71
85 86
187 188
7 8
225 226
11 10
62 61
176 177
163 164
129 130
130 131
88 89
139 138
291 290
262 263
27 28
242 243
281 280
247 246
140 139
74 73
46 47
360 361
328 329
394 395
374 375
306 305
84 85
161 162
199 200
104 105
368 369
77 78
75 74
169 168
293 292
217 216
220 221
120 121
258 257
199 198
186 185
223 224
175 176
366 365
216 215
114 113
208 207
264 263
48 49
349 348
113 112
150 149
309 310
341 342
101 102
132 131
325 324
314 313
293 294
36 37
307 308
59 60
355 354
43 44
92 93
320 321
332 331
273 272
9 8
136 135
316 317
254 255
375 376
386 385
96 97
371 372
15 14
184 185
137 138
314 315
309 308
240 241
260 259
322 323
58 57
229 230
148 147
319 318
259 258
103 104
119 118
69 70
236 235
53 52
108 109
351 350
349 350
344 345
90 89
91 90
367 368
110 111
190 191
335 334
4 5
396 395
268 269
271 270
248 247
154 153
174 175
276 275
25 26
16 17
391 392
285 286
361 362
372 373
83 82
66 67
300 301
134 133
100 99
304 305
141 140
40 41
56 57
22 21
56 55
316 315
262 261
286 287
382 383
358 359
249 250
363 364
63 64
205 204
221 222
296 297
390 389
12 11
343 344
230 231
73 72
370 371
379 380
39 40
79 78
337 338
218 217
299 300
91 92
103 102
170 171
31 32
298 297
284 283
64 65
54 53
42 41
232 233
304 303
20 19
385 384
195 196
352 353
256 255
193 192
201 200
81 82
302 301
142 141
325 326
288 287
190 189
388 387
345 346
167 168
6 5
228 227
317 318
160 159
326 327
88 87
399 400
110 109
232 231
311 312
95 94
173 172
382 381
250 251
179 178
18 17
381 380
279 278
22 23
374 373
254 253
212 213
145 146
400
87 88
110 109
86 85
62 63
217 216
269 270
137 138
297 296
279 278
195 196
186 187
163 164
322 323
293 292
385 386
245 246
273 274
251 250
170 169
3 2
258 257
192 193
209 208
349 350
247 246
187 188
140 139
61 62
125 126
323 324
115 116
97 96
35 36
28 29
166 167
182 183
35 34
139 138
7 6
52 51
381 382
102 103
352 353
252 251
227 228
76 77
153 152
12 13
194 195
338 337
189 190
99 100
21 22
153 154
16 15
364 363
239 238
31 30
114 115
112 113
183 184
137 136
373 374
296 295
14 15
5 6
117 116
172 173
350 351
114 113
84 85
297 298
105 106
72 73
318 319
279 280
121 120
184 185
289 288
265 266
241 240
19 20
212 211
200 201
192 191
125 124
310 311
39 40
351 352
374 375
229 228
127 126
249 250
220 219
247 248
20 21
54 55
226 227
301 300
90 89
142 143
145 144
44 45
393 392
379 380
338 339
382 383
65 66
19 18
371 372
379 378
367 366
57 56
238 237
111 110
344 345
273 272
70 71
313 312
298 299
53 52
348 347
39 38
254 253
43 42
202 203
66 67
328 329
142 141
171 172
321 320
25 26
135 136
370 371
262 263
87 86
163 162
221 222
256 257
64 65
144 143
13 14
325 326
59 60
128 129
164 165
214 213
151 150
4 5
303 302
134 135
232 233
11 10
365 366
11 12
123 124
186 185
202 201
356 355
381 380
244 243
245 244
285 286
178 179
50 49
315 316
4 3
8 7
224 223
41 42
255 256
105 104
206 207
204 205
275 276
94 93
141 140
88 89
48 47
267 268
81 82
93 92
130 131
176 175
391 392
225 224
176 177
74 73
222 223
339 340
391 390
90 91
282 281
70 69
157 156
295 294
196 197
322 321
370 369
132 133
72 71
259 258
287 288
197 198
376 377
333 334
372 373
174 175
58 57
365 364
173 174
150 149
118 117
283 282
171 170
181 182
17 16
188 189
314 315
17 18
120 119
32 31
146 145
41 40
181 180
215 216
277 276
336 337
395 396
94 95
156 155
8 9
299 300
348 349
10 9
376 375
304 303
30 29
122 123
129 130
215 214
309 308
346 347
265 264
331 330
301 302
207 208
97 98
255 254
342 343
290 289
253 252
103 104
319 320
26 27
148 149
76 75
345 346
38 37
161 162
327 326
267 266
131 132
399 400
248 249
36 37
83 84
46 45
212 213
33 34
239 240
50 51
1 2
336 335
22 23
360 359
236 237
313 314
95 96
311 312
385 384
286 287
270 271
231 232
99 98
199 198
107 106
161 160
191 190
109 108
378 377
342 341
218 217
383 384
333 332
261 262
354 353
241 242
67 68
260 259
158 157
394 393
357 358
235 234
44 43
82 83
47 46
361 362
152 151
280 281
368 367
56 55
147 146
148 147
127 128
307 308
310 309
343 344
263 264
359 358
100 101
63 64
210 211
111 112
210 209
118 119
134 133
329 330
335 334
325 324
368 369
107 108
388 387
78 77
32 33
229 230
340 341
165 166
28 27
91 92
24 23
199 200
179 180
102 101
356 357
307 306
277 278
354 355
397 398
362 363
204 203
54 53
387 386
218 219
205 206
177 178
59 58
221 220
284 283
122 121
305 304
242 243
388 389
75 74
48 49
69 68
271 272
316 317
78 79
155 154
291 290
193 194
235 236
261 260
390 389
226 225
80 79
268 269
167 168
160 159
169 168
327 328
159 158
317 318
395 394
361 360
294 293
81 80
234 233
61 60
274 275
397 396
331 332
399 398
25 24
292 291
305 306
231 230
284 285
400
119 120
272 273
100 99
312 311
235 236
140 141
385 384
345 346
15 14
108 109
319 318
263 264
285 286
274 273
83 82
44 45
170 169
15 16
93 92
237 236
321 320
53 54
142 143
208 207
311 310
69 70
286 287
178 179
285 284
106 107
202 203
119 118
309 308
278 277
378 377
122 123
111 112
353 352
232 231
303 304
212 211
177 176
220 219
152 153
224 225
266 265
393 392
317 318
135 136
130 129
211 210
258 259
376 377
56 57
242 243
239 240
323 324
342 341
202 201
134 135
233 232
387 386
221 222
134 133
191 190
299 300
11 10
100 101
118 117
238 237
27 26
61 60
385 386
117 116
41 42
289 288
72 73
47 48
367 368
292 291
255 256
90 91
323 322
361 360
368 369
302 303
8 9
283 282
60 59
181 182
336 337
391 390
148 149
61 62
128 127
52 53
97 96
10 9
103 102
201 200
136 137
336 335
239 238
25 24
297 298
338 339
175 174
214 213
263 262
396 397
197 196
313 314
84 85
58 57
209 210
12 11
194 193
110 109
106 105
124 123
270 269
150 151
276 275
121 122
335 334
301 300
81 82
381 382
21 22
387 388
298 299
209 208
102 101
257 256
183 182
244 245
70 71
352 351
349 350
144 143
1 2
241 242
399 400
108 107
167 166
364 365
125 124
6 5
391 392
78 77
261 260
50 51
36 35
354 353
130 131
265 264
8 7
329 328
375 376
365 366
203 204
192 193
86 87
186 187
162 163
259 260
196 195
223 222
125 126
327 328
56 55
3 4
146 147
176 175
363 364
40 41
350 351
219 218
141 142
98 97
340 339
309 310
32 31
322 321
173 174
324 325
37 38
114 115
17 18
269 268
343 344
33 32
340 341
21 20
132 131
189 188
235 234
234 233
83 84
227 228
213 212
33 34
166 165
85 86
153 154
277 276
65 64
35 34
362 361
205 206
290 291
88 87
359 358
36 37
198 199
12 13
345 344
205 204
80 79
342 343
280 279
274 275
149 150
165 164
356 355
43 44
17 16
254 253
294 293
89 90
307 308
5 4
315 316
63 62
54 55
367 366
164 163
378 379
93 94
178 177
188 187
192 191
20 19
173 172
332 333
395 396
68 69
183 184
155 156
65 66
383 382
198 197
326 327
75 76
267 266
25 26
314 315
148 147
397 398
331 332
395 394
160 159
49 50
151 152
39 38
331 330
98 99
139 138
374 375
338 337
373 372
248 249
96 95
29 30
156 157
257 258
195 194
23 22
190 189
250 249
388 389
216 215
180 179
28 27
326 325
72 71
254 255
2 3
253 252
92 91
372 371
145 144
333 334
171 172
104 105
128 129
369 370
348 349
293 292
246 245
158 159
221 220
316 317
200 199
247 248
218 217
18 19
81 80
77 76
68 67
138 137
225 226
399 398
185 184
295 294
127 126
302 301
295 296
113 114
207 206
374 373
289 290
168 169
305 306
162 161
357 356
394 393
354 355
228 229
217 216
243 244
261 262
185 186
168 167
271 272
52 51
40 39
24 23
247 246
380 379
89 88
104 103
313 312
42 43
268 267
227 226
48 49
47 46
280 281
180 181
58 59
380 381
161 160
67 66
7 6
28 29
215 214
283 284
307 306
113 112
157 158
74 73
329 330
31 30
155 154
75 74
389 390
240 241
384 383
94 95
45 46
296 297
121 120
319 320
271 270
252 251
347 348
359 360
78 79
13 14
231 230
140 139
64 63
346 347
116 115
132 133
230 229
371 370
358 357
251 250
279 278
304 305
282 281
145 146
111 110
170 171
287 288
223 224
363 362
400
285 286
276 275
162 163
251 250
332 333
365 364
36 35
90 91
252 251
208 207
38 39
111 110
295 296
103 104
100 101
23 22
67 66
237 236
113 112
82 81
224 223
73 74
140 141
331 330
143 144
176 175
393 392
338 339
112 111
154 155
237 238
367 366
11 12
185 184
178 177
363 362
138 139
180 179
142 143
188 189
209 208
309 310
155 156
67 68
90 89
162 161
225 224
351 350
313 312
61 60
315 316
264 263
19 18
326 325
212 213
195 196
307 306
25 26
400 399
171 170
227 226
39 40
37 36
332 331
42 41
200 199
34 33
345 346
13 12
83 82
282 281
384 383
176 177
85 86
336 335
279 280
391 392
9 8
362 361
144 145
41 40
45 46
121 120
387 386
215 216
246 247
210 209
232 233
335 334
375 374
307 308
196 197
96 95
262 261
126 127
65 64
273 272
326 327
373 374
27 28
242 243
15 16
327 328
275 274
358 357
105 106
184 183
101 102
137 138
69 68
133 132
119 118
189 190
79 78
215 214
20 19
131 132
195 194
182 183
278 277
258 259
3 2
296 297
6 7
343 342
84 83
24 25
340 341
346 347
234 233
93 92
239 240
304 305
87 88
151 152
198 199
141 142
222 223
146 145
221 220
152 153
15 14
369 368
325 324
382 383
352 353
377 376
261 260
93 94
129 130
14 13
192 191
87 86
47 48
123 124
116 115
206 207
289 288
300 301
355 356
140 139
353 354
66 65
117 118
9 10
57 58
53 52
342 341
48 49
386 385
340 339
114 113
280 281
337 338
166 167
32 31
334 333
128 129
186 185
278 279
287 288
42 43
11 10
228 229
97 96
181 182
156 157
270 269
241 240
367 368
70 71
128 127
4 3
390 391
204 203
50 51
287 286
191 190
276 277
28 29
388 389
76 75
232 231
72 71
299 300
265 266
355 354
168 169
263 262
292 291
220 219
257 258
72 73
126 125
98 97
6 5
108 107
57 56
399 398
295 294
305 306
396 397
366 365
69 70
390 389
337 336
360 361
115 114
122 123
324 323
164 163
352 351
360 359
137 136
50 49
393 394
283 284
249 248
35 34
268 269
55 54
297 298
256 257
245 244
158 159
192 193
2 1
247 248
53 54
99 98
20 21
134 133
164 165
149 148
381 380
289 290
291 290
221 222
234 235
44 45
387 388
238 239
370 371
122 121
167 168
26 27
55 56
321 320
301 302
78 77
267 266
205 204
293 294
379 380
256 255
17 16
181 180
147 146
120 119
330 329
198 197
135 136
323 322
116 117
43 44
92 91
22 21
100 99
173 174
384 385
267 268
321 322
171 172
172 173
308 309
303 302
231 230
226 225
174 175
255 254
312 311
201 202
311 310
124 125
299 298
357 356
228 227
314 313
52 51
211 210
62 61
217 216
372 373
84 85
316 317
245 246
319 320
62 63
58 59
178 179
95 94
188 187
103 102
149 150
59 60
4 5
348 347
319 318
213 214
235 236
315 314
31 30
203 202
160 159
109 110
64 63
148 147
363 364
285 284
89 88
271 272
108 109
24 23
211 212
372 371
229 230
170 169
264 265
158 157
344 345
253 252
8 7
76 77
344 343
242 241
150 151
259 260
18 17
37 38
348 349
303 304
193 194
249 250
46 47
74 75
166 165
153 154
375 376
201 200
130 131
253 254
358 359
379 378
218 219
398 397
329 328
80 79
271 270
318 317
81 80
381 382
206 205
33 32
282 283
217 218
378 377
187 186
370 369
293 292
243 244
273 274
134 135
105 104
107 106
396 395
394 395
160 161
29 30
350 349
3
1 2
2 3
2
2 1
5
2 1
5 4
3 4
3 2
8
6 7
4 3
6 5
2 3
1 2
7 8
4 5
5
2 1
4 5
3 4
3 2
4
2 3
4 3
1 2
2
1 2
1
3
1 2
2 3
3
1 2
2 3
3
3 2
1 2
2
2 1
2
1 2
1
3
3 2
1 2
1
3
2 3
1 2
4
3 4
3 2
2 1
2
2 1
6
4 5
4 3
2 3
2 1
6 5
2
2 1
5
2 1
2 3
5 4
3 4
3
1 2
3 2
2
1 2
4
2 1
4 3
2 3
6
3 4
1 2
3 2
5 6
5 4
6
1 2
5 4
4 3
3 2
6 5
3
2 3
2 1
3
2 1
2 3
6
1 2
4 3
6 5
2 3
4 5
5
4 5
1 2
3 4
2 3
9
6 7
8 9
7 8
2 1
3 4
5 6
2 3
5 4
1
5
3 2
2 1
3 4
5 4
4
2 1
3 4
2 3
3
2 1
2 3
4
2 1
4 3
3 2
6
6 5
1 2
5 4
3 4
3 2
4
3 4
2 3
2 1
3
1 2
3 2
3
1 2
2 3
3
3 2
2 1
3
2 1
2 3
9
7 6
7 8
1 2
3 4
5 6
3 2
5 4
9 8
2
2 1
3
2 1
3 2
2
2 1
3
2 1
2 3
4
2 3
2 1
4 3
10
5 6
3 4
7 6
5 4
1 2
10 9
9 8
7 8
3 2
2
2 1
3
1 2
3 2
4
4 3
2 1
3 2
4
3 2
3 4
2 1
3
2 1
2 3
5
5 4
1 2
3 4
3 2
5
3 4
3 2
2 1
4 5
3
3 2
2 1
1
2
1 2
3
2 3
1 2
3
3 2
1 2
2
2 1
5
3 4
2 1
5 4
2 3
8
4 5
3 2
6 7
3 4
2 1
5 6
8 7
6
5 6
2 1
4 3
5 4
3 2
3
3 2
2 1
2
2 1
3
1 2
2 3
2
1 2
6
4 3
4 5
1 2
5 6
2 3
4
2 3
1 2
3 4
2
2 1
1
5
4 3
3 2
2 1
5 4
2
1 2
3
2 3
1 2
1
4
3 4
1 2
2 3
2
2 1
3
2 1
2 3
4
4 3
2 3
1 2
2
2 1
2
1 2
6
5 4
6 5
4 3
1 2
2 3
3
2 3
2 1
3
3 2
1 2
6
4 5
6 5
3 2
2 1
3 4
3
2 1
2 3
2
2 1
1
2
1 2
3
2 1
3 2
7
2 1
6 5
3 2
7 6
5 4
4 3
4
3 4
3 2
1 2
4
4 3
2 1
3 2
5
3 2
1 2
5 4
4 3
1
6
5 6
3 2
3 4
2 1
5 4
8
7 6
1 2
5 6
7 8
4 5
4 3
3 2
6
3 2
3 4
5 6
1 2
4 5
4
2 3
4 3
2 1
4
4 3
2 3
2 1
3
3 2
2 1
5
5 4
1 2
3 2
3 4
4
3 4
2 3
2 1
7
2 1
6 7
4 3
3 2
5 4
5 6
4
1 2
2 3
4 3
1
3
2 3
2 1
2
2 1
6
5 4
4 3
2 1
6 5
2 3
4
2 3
4 3
2 1
3
2 3
1 2
3
1 2
2 3
5
4 5
3 2
3 4
1 2
4
2 3
2 1
3 4
2
2 1
2
1 2
1
2
2 1
2
2 1
3
1 2
2 3
1
8
7 8
7 6
3 4
2 3
1 2
6 5
5 4
3
2 3
2 1
1
4
2 3
2 1
3 4
3
2 1
3 2
3
1 2
3 2
4
1 2
3 2
3 4
3
3 2
2 1
8
4 5
3 4
7 8
1 2
7 6
2 3
5 6
6
3 2
3 4
1 2
4 5
5 6
1
3
3 2
1 2
4
2 1
3 2
3 4
3
1 2
3 2
4
1 2
4 3
3 2
2
2 1
4
4 3
2 3
2 1
2
2 1
2
2 1
6
4 5
3 4
5 6
1 2
2 3
4
2 1
2 3
3 4
3
3 2
2 1
5
2 3
3 4
1 2
4 5
3
2 1
2 3
3
3 2
2 1
4
3 2
4 3
2 1
7
7 6
5 4
2 3
4 3
1 2
5 6
1
2
2 1
2
1 2
3
2 1
2 3
5
5 4
3 2
3 4
2 1
1
8
5 4
6 7
1 2
2 3
4 3
8 7
6 5
2
1 2
4
2 3
3 4
2 1
6
2 1
6 5
3 4
3 2
4 5
2
1 2
2
1 2
2
1 2
7
3 4
4 5
6 7
6 5
2 1
2 3
3
2 1
3 2
3
1 2
2 3
4
1 2
4 3
2 3
2
2 1
4
2 3
4 3
2 1
1
3
2 1
2 3
3
1 2
3 2
1
4
1 2
4 3
3 2
2
2 1
1
5
3 4
5 4
2 1
2 3
7
5 6
2 3
1 2
6 7
5 4
4 3
6
5 4
2 3
5 6
4 3
2 1
1
4
2 1
3 4
2 3
2
1 2
2
2 1
1
5
5 4
2 3
2 1
4 3
3
1 2
3 2
3
2 3
1 2
4
4 3
3 2
1 2
3
1 2
3 2
3
1 2
3 2
1
2
2 1
1
2
1 2
4
2 3
3 4
1 2
4
2 3
4 3
2 1
5
1 2
3 2
4 3
5 4
6
1 2
6 5
2 3
4 3
5 4
4
4 3
2 1
2 3
2
2 1
3
2 1
2 3
2
2 1
3
3 2
2 1
2
2 1
5
3 2
2 1
4 5
4 3
3
3 2
1 2
2
1 2
2
2 1
3
2 3
2 1
2
1 2
3
2 1
3 2
3
1 2
2 3
8
5 6
2 3
1 2
7 6
4 3
5 4
8 7
4
2 1
2 3
3 4
4
2 1
2 3
4 3
1
3
3 2
2 1
2
2 1
3
1 2
2 3
3
2 3
2 1
7
3 2
4 5
5 6
2 1
3 4
6 7
3
2 1
2 3
2
1 2
4
4 3
2 3
2 1
2
2 1
5
5 4
2 3
4 3
1 2
3
2 3
1 2
1
3
2 3
2 1
4
2 1
3 2
4 3
3
1 2
2 3
2
2 1
3
1 2
2 3
4
1 2
4 3
2 3
1
3
3 2
2 1
3
3 2
1 2
3
2 3
1 2
3
1 2
2 3
2
2 1
4
1 2
3 2
3 4
4
3 4
3 2
1 2
1
4
2 3
1 2
3 4
3
3 2
2 1
4
3 2
3 4
2 1
5
2 3
4 5
4 3
1 2
4
2 1
3 2
4 3
3
1 2
2 3
3
3 2
2 1
2
1 2
1
5
5 4
3 2
2 1
3 4
1
1
1
2
2 1
2
2 1
2
1 2
4
1 2
3 4
3 2
1
6
4 5
6 5
4 3
2 1
3 2
3
1 2
2 3
6
4 5
1 2
3 4
2 3
5 6
5
3 2
2 1
4 5
3 4
2
1 2
4
3 2
4 3
1 2
4
3 2
4 3
2 1
5
3 2
5 4
1 2
4 3
2
1 2
3
2 3
2 1
4
4 3
3 2
1 2
4
2 1
3 2
3 4
3
1 2
3 2
5
4 5
3 2
1 2
3 4
3
1 2
2 3
3
1 2
3 2
3
2 1
3 2
2
2 1
4
2 3
3 4
1 2
5
2 3
5 4
1 2
4 3
3
1 2
2 3
5
2 1
3 2
4 3
4 5
5
2 1
3 4
4 5
3 2
3
1 2
2 3
1
2
1 2
3
2 1
3 2
3
2 1
3 2
3
3 2
1 2
4
3 2
4 3
2 1
5
2 1
2 3
4 5
3 4
3
1 2
3 2
1200
731 730
893 894
38 37
599 598
1086 1087
323 322
99 98
556 555
561 562
432 431
134 133
113 114
663 662
702 703
675 674
721 720
186 185
162 163
559 558
153 152
1095 1094
265 266
759 758
667 668
392 393
625 626
191 190
1127 1128
86 85
765 766
1037 1036
430 431
636 635
643 642
404 405
728 729
671 672
1026 1027
1063 1062
1011 1010
683 684
829 828
151 152
920 921
68 67
771 772
99 100
907 906
720 719
515 516
890 889
728 727
776 775
667 666
1037 1038
767 768
1020 1021
862 861
743 742
313 314
707 708
65 66
63 62
722 723
108 109
349 350
555 554
1020 1019
457 456
532 531
60 59
442 443
1180 1181
658 659
1039 1038
646 647
918 917
123 124
1078 1079
1176 1177
276 277
1030 1031
645 646
403 404
1170 1171
879 880
20 21
769 768
860 861
333 334
632 633
367 366
645 644
1162 1161
115 116
394 393
53 54
961 962
629 628
88 87
546 545
514 515
884 885
459 460
6 5
541 540
52 51
1141 1142
766 767
1117 1118
281 280
466 465
255 254
724 725
1148 1147
563 564
401 400
601 602
26 27
1064 1065
177 176
971 970
446 447
584 585
1022 1021
346 345
716 717
16 15
103 102
1130 1131
655 654
787 786
1036 1035
868 869
543 544
556 557
100 101
167 168
229 228
131 132
872 871
765 764
507 508
965 964
300 301
386 387
572 573
151 150
212 211
824 823
344 345
899 900
697 696
331 332
922 921
1081 1082
665 666
226 227
285 286
831 832
261 260
1155 1156
751 752
118 119
930 929
919 918
144 143
828 827
1160 1161
488 487
1046 1047
818 819
379 378
944 943
155 156
1032 1033
740 739
661 660
247 248
888 887
796 795
756 757
1082 1083
79 80
324 323
740 741
841 840
718 719
252 251
560 561
605 606
206 207
65 64
382 381
441 440
29 28
1014 1015
733 732
172 171
734 733
1185 1184
177 178
369 368
790 789
507 506
1054 1055
835 836
1061 1060
952 951
407 408
146 145
820 819
505 504
71 70
491 492
877 876
1174 1175
841 842
388 389
1149 1148
374 373
935 934
262 263
1155 1154
870 871
334 335
938 939
33 32
848 849
776 777
307 306
153 154
1077 1078
267 266
122 123
527 528
994 993
1035 1034
945 946
282 281
622 623
204 205
82 81
569 570
588 589
554 553
863 864
872 873
813 814
39 40
907 908
1059 1058
679 680
223 222
257 256
293 292
467 468
686 687
496 495
751 750
1023 1024
188 189
692 693
641 640
383 384
739 738
536 537
1093 1094
391 390
929 928
812 813
354 353
1109 1110
658 657
434 435
129 130
966 965
208 209
1029 1028
754 755
498 497
140 141
824 825
676 677
1104 1105
987 986
644 643
48 47
629 630
607 606
340 339
37 36
1101 1102
1095 1096
470 469
663 664
125 126
178 179
851 850
735 736
526 527
451 450
651 652
63 64
1132 1131
1159 1160
289 288
343 342
4 3
574 573
577 578
738 737
224 225
721 722
148 149
700 699
297 298
810 811
442 441
1133 1132
453 452
956 955
1146 1147
164 165
319 320
6 7
50 49
834 833
1074 1075
415 416
287 288
572 571
544 545
1175 1176
904 905
520 521
412 411
1149 1150
116 117
886 885
656 657
1025 1024
158 157
536 535
620 621
694 695
526 525
523 522
1039 1040
710 709
1177 1178
954 955
875 874
352 351
77 76
982 983
330 331
1194 1195
119 120
1187 1186
1122 1121
792 793
780 781
267 268
681 680
285 284
448 447
1060 1059
774 773
367 368
1111 1110
1053 1054
41 42
133 132
748 747
376 377
1090 1091
753 752
930 931
187 186
978 979
577 576
944 945
428 429
319 318
424 423
196 197
400 399
315 316
417 416
839 838
926 927
191 192
769 770
348 347
781 782
128 127
618 617
1006 1007
1002 1001
1076 1077
60 61
169 170
147 146
354 355
759 760
661 662
1049 1050
895 894
89 90
395 396
853 854
980 981
725 726
653 652
155 154
1122 1123
482 483
303 302
1041 1040
709 708
604 603
797 798
466 467
1043 1042
184 185
134 135
601 600
1183 1184
1108 1107
421 420
10 9
948 947
135 136
1062 1061
1197 1198
991 992
221 220
1114 1113
61 62
925 926
224 223
159 158
634 633
263 264
843 842
502 501
111 110
993 992
868 867
270 269
856 855
832 833
1106 1107
106 107
359 360
26 25
571 570
130 131
311 312
1143 1144
897 898
1136 1137
13 14
399 398
294 295
258 257
187 188
1092 1093
1137 1138
9 8
174 173
996 997
617 616
529 530
1186 1185
1099 1100
375 376
1196 1195
83 84
1030 1029
718 717
361 362
421 422
19 20
1106 1105
982 981
580 581
873 874
1162 1163
201 200
1117 1116
380 379
624 625
592 593
1173 1172
522 521
424 425
91 90
1074 1073
34 33
879 878
1028 1027
433 434
672 673
22 23
843 844
881 880
782 783
852 853
11 12
976 977
502 503
735 734
94 93
242 241
232 231
933 932
516 517
690 691
362 363
445 446
112 113
849 850
371 370
260 259
731 732
798 799
1086 1085
207 208
700 701
713 712
746 745
1158 1159
925 924
1153 1154
581 582
825 826
851 852
105 104
1102 1103
575 574
488 489
464 463
1032 1031
455 456
513 514
139 138
396 397
485 484
1049 1048
957 956
848 847
43 44
401 402
975 974
520 519
742 741
953 954
269 268
318 317
1097 1096
550 549
230 229
702 701
1194 1193
748 749
693 694
317 316
112 111
147 148
857 858
594 593
912 911
524 525
74 73
410 411
716 715
640 639
129 128
209 210
579 578
1168 1167
84 85
724 723
299 300
983 984
543 542
760 761
998 999
968 967
619 620
585 586
395 394
305 306
602 603
650 651
214 213
315 314
1079 1080
870 869
137 138
1115 1114
1158 1157
194 195
1012 1013
241 240
479 478
1126 1125
915 916
256 255
615 616
372 373
311 310
490 489
706 707
1087 1088
988 989
332 333
346 347
637 636
711 712
1069 1068
493 492
967 966
1170 1169
451 452
990 991
552 551
455 454
24 23
575 576
1163 1164
863 862
243 244
761 762
139 140
1081 1080
1018 1019
677 678
933 934
785 784
297 296
444 443
789 788
1129 1128
932 931
254 253
494 493
486 487
309 310
509 508
1151 1152
337 338
568 567
461 462
689 690
816 815
122 121
610 609
166 165
11 10
217 218
387 388
830 829
409 408
461 460
50 51
501 500
795 794
94 95
427 428
665 664
1065 1066
588 587
807 806
118 117
216 215
791 790
928 927
494 495
193 194
35 34
529 528
1156 1157
939 940
270 271
344 343
1067 1068
335 336
46 45
17 18
29 30
252 253
773 772
511 512
627 626
621 622
753 754
855 854
1088 1089
917 916
406 405
356 357
248 249
883 882
473 474
1047 1048
1003 1002
184 183
957 958
96 97
95 96
276 275
157 156
1130 1129
198 199
566 567
736 737
1104 1103
1171 1172
52 53
568 569
1005 1004
271 272
1003 1004
976 975
426 427
308 307
985 986
480 481
802 803
57 58
1152 1153
31 30
1085 1084
418 419
486 485
1135 1134
181 182
70 69
4 5
234 235
1000 1001
688 689
1005 1006
278 277
763 762
547 546
648 649
1139 1138
900 901
1071 1070
31 32
698 697
952 953
320 321
608 607
190 189
1041 1042
120 121
591 590
432 433
949 948
1111 1112
505 506
475 474
481 482
1164 1165
595 594
259 258
163 164
423 422
997 998
548 549
406 407
213 212
973 974
418 417
826 827
535 534
358 357
375 374
676 675
638 637
251 250
904 903
124 125
454 453
963 962
936 935
1009 1010
211 210
509 510
512 513
45 44
595 596
1113 1112
994 995
89 88
220 219
1050 1051
750 749
1193 1192
744 745
552 553
744 743
597 598
950 949
1200 1199
631 630
22 21
882 881
541 542
372 371
857 856
1100 1101
238 237
71 72
511 510
179 180
800 799
180 181
614 615
537 538
837 838
1196 1197
67 66
1178 1179
1109 1108
746 747
670 671
902 901
883 884
219 218
814 815
364 363
439 438
897 896
942 941
203 202
533 534
1046 1045
169 168
17 16
648 647
340 341
523 524
227 228
611 610
591 592
597 596
859 858
348 349
385 386
985 984
951 950
1007 1008
1092 1091
1025 1026
778 779
321 322
960 959
475 476
920 919
519 518
973 972
891 890
59 58
1119 1120
49 48
247 246
876 875
497 496
327 328
624 623
729 730
299 298
714 715
430 429
969 968
477 478
469 468
1 2
415 414
673 674
1123 1124
366 365
1018 1017
710 711
245 246
840 839
1052 1053
579 580
865 866
668 669
654 653
548 547
583 582
1090 1089
273 274
865 864
1098 1099
1179 1180
1015 1016
924 923
141 142
222 221
938 937
947 946
805 804
1017 1016
1188 1189
686 685
1126 1127
713 714
1198 1199
240 239
908 909
57 56
818 817
436 435
1143 1142
886 887
810 809
341 342
845 844
705 704
350 351
196 195
784 783
835 834
659 660
18 19
634 635
1009 1008
678 679
584 583
656 655
289 290
470 471
797 796
1188 1187
906 905
913 912
380 381
1140 1139
604 605
55 54
532 533
274 275
459 458
988 987
464 465
439 440
472 471
811 812
808 809
1057 1056
438 437
305 304
450 449
698 699
7 8
980 979
145 144
391 392
499 500
845 846
866 867
785 786
706 705
631 632
46 47
25 24
902 903
937 936
1056 1055
43 42
1064 1063
778 777
499 498
445 444
326 325
1150 1151
159 160
294 293
1070 1069
166 167
587 586
763 764
402 403
1121 1120
217 216
1146 1145
484 483
280 279
562 563
551 550
377 378
539 538
160 161
599 600
352 353
370 369
775 774
642 641
822 821
696 695
143 142
539 540
1183 1182
420 419
613 614
383 382
685 684
940 941
237 236
56 55
41 40
1000 999
170 171
242 243
779 780
564 565
82 83
877 878
215 214
313 312
1083 1084
203 204
970 969
978 977
757 758
1066 1067
847 846
1181 1182
801 802
638 639
1124 1125
910 911
385 384
356 355
727 726
800 801
233 232
262 261
1169 1168
283 284
198 197
93 92
989 990
193 192
278 279
302 301
360 361
390 389
943 942
249 250
961 960
1165 1166
914 915
236 235
1141 1140
817 816
358 359
36 35
324 325
449 448
1022 1023
704 703
823 822
286 287
1119 1118
226 225
74 75
1173 1174
613 612
409 410
831 830
560 559
3 2
1057 1058
899 898
244 245
628 627
426 425
892 891
1136 1135
909 910
234 233
888 889
239 238
859 860
230 231
477 476
108 107
13 12
182 183
922 923
101 102
414 413
669 670
397 398
804 803
308 309
1045 1044
172 173
565 566
412 413
38 39
958 959
282 283
1115 1116
98 97
149 150
787 788
612 611
336 337
326 327
205 206
895 896
1014 1013
76 75
202 201
794 793
1191 1190
681 682
558 557
296 295
1192 1191
364 365
69 68
27 28
1073 1072
914 913
137 136
1012 1011
15 14
490 491
619 618
291 292
339 338
820 821
473 472
1134 1133
692 691
303 304
650 649
892 893
437 436
771 770
199 200
517 518
273 272
963 964
530 531
81 80
1076 1075
1043 1044
175 174
176 175
972 971
504 503
161 162
1071 1072
995 996
72 73
264 265
77 78
92 91
329 330
79 78
805 806
687 688
109 110
1144 1145
807 808
683 682
1190 1189
1051 1052
791 792
127 126
837 836
756 755
87 86
589 590
457 458
106 105
1034 1033
104 103
462 463
291 290
1098 1097
608 609
115 114
479 480
1167 1166
328 329
1200
1013 1014
344 343
544 545
597 596
603 602
1170 1171
223 222
622 623
677 678
1000 1001
922 921
229 228
704 703
150 151
848 847
1097 1096
562 563
91 90
370 369
154 155
908 907
601 600
493 492
509 508
724 723
624 623
288 287
515 516
650 649
775 774
604 603
1082 1083
69 68
1122 1123
71 72
1164 1163
1169 1170
610 611
1138 1139
812 811
1061 1060
227 226
1125 1124
130 129
1148 1149
445 444
516 517
840 839
807 806
41 42
815 814
855 856
125 124
17 16
1186 1187
1103 1102
582 581
12 13
986 985
497 496
307 308
664 663
412 413
1198 1197
1059 1058
48 47
637 636
701 702
955 956
186 185
594 595
398 397
252 251
598 599
376 375
694 695
11 10
240 241
1055 1054
346 345
566 567
357 356
235 236
1145 1146
49 48
970 969
757 758
1023 1024
925 924
469 470
111 112
764 765
1155 1154
267 268
1042 1043
935 934
401 402
348 347
804 805
646 647
54 53
1148 1147
532 533
670 669
370 371
181 182
371 372
69 70
152 153
282 283
842 841
557 556
424 425
514 515
483 484
934 933
73 72
255 254
1033 1034
930 929
677 676
414 413
115 116
507 506
576 577
87 88
731 730
193 194
1133 1134
582 583
763 762
748 749
1183 1184
1099 1100
1016 1017
1181 1180
78 77
417 416
904 903
473 474
592 591
653 652
835 836
459 460
358 359
733 732
1107 1108
24 25
448 449
1190 1189
316 317
771 772
394 395
842 843
991 992
615 614
175 174
172 173
1161 1162
1070 1071
197 196
438 439
379 378
1110 1111
190 189
996 997
98 99
531 532
466 467
339 340
119 118
742 743
243 244
1005 1004
599 600
940 941
686 685
877 876
253 252
198 199
458 459
621 620
122 121
1101 1100
117 118
108 109
716 715
778 779
879 878
189 188
329 328
1026 1025
130 131
134 133
882 883
589 588
408 409
528 529
474 475
681 680
310 309
292 293
866 865
541 540
977 978
75 76
1135 1136
328 327
679 680
105 106
925 926
829 828
1116 1117
587 586
524 523
67 66
813 814
204 205
1005 1006
720 719
320 321
354 355
723 722
428 427
1101 1102
607 606
290 289
734 733
517 518
13 14
963 964
993 994
539 540
1046 1047
1126 1127
150 149
946 945
844 843
1008 1007
211 212
513 512
999 998
185 184
249 250
799 798
19 18
685 684
682 683
296 297
688 689
838 839
429 428
630 631
916 915
968 969
1060 1059
133 132
144 145
901 902
45 46
939 940
219 218
780 779
327 326
821 822
871 870
139 138
157 158
955 954
268 269
1141 1140
750 749
409 410
850 849
526 525
281 282
231 232
81 80
86 85
257 256
387 388
634 633
564 565
656 655
1076 1075
669 668
959 960
598 597
119 120
326 325
237 238
162 161
684 683
1119 1120
575 574
344 345
808 809
336 337
769 768
918 917
44 43
85 84
89 88
1143 1144
338 339
115 114
987 986
248 247
309 308
522 521
1159 1158
504 503
818 817
863 864
200 199
638 637
864 865
213 214
1054 1053
908 909
727 728
979 980
666 667
702 703
758 759
1098 1097
443 442
389 388
1095 1096
735 734
674 673
850 851
966 967
658 659
462 461
931 930
546 547
608 607
126 125
181 180
117 116
62 61
354 353
1061 1062
316 315
894 893
725 726
522 523
757 756
430 429
948 947
635 636
1008 1009
127 126
1190 1191
82 81
50 49
153 154
542 543
909 910
418 417
892 893
57 56
208 209
1051 1050
792 791
89 90
156 155
363 362
736 737
437 436
620 619
519 520
299 298
831 832
349 350
588 587
897 898
858 859
483 482
845 846
187 188
341 340
353 352
484 485
554 555
935 936
553 554
801 800
234 233
314 313
203 202
488 489
287 286
956 957
129 128
492 491
551 550
147 146
318 317
782 783
692 691
323 324
992 993
654 653
938 937
962 961
1044 1043
446 447
928 929
616 617
821 820
558 559
860 861
1 2
872 871
897 896
536 535
905 904
534 533
94 93
714 713
318 319
846 847
983 984
38 37
769 770
1098 1099
612 613
761 762
111 110
12 11
1041 1042
1176 1177
1125 1126
1093 1094
958 959
34 33
981 980
6 7
1020 1021
60 61
738 739
240 239
347 346
1128 1127
107 108
505 504
1161 1160
271 272
276 275
830 829
120 121
38 39
1087 1086
267 266
207 206
661 662
954 953
608 609
918 919
705 704
716 717
798 797
272 273
14 15
519 518
486 485
886 887
1173 1172
555 556
790 789
470 471
728 729
99 100
1117 1118
708 709
966 965
538 539
701 700
186 187
194 195
400 399
1145 1144
225 226
453 452
527 528
335 336
722 721
949 950
1182 1181
164 165
1162 1163
824 825
351 352
142 141
246 245
83 84
945 944
113 114
274 275
239 238
325 324
773 772
690 691
1034 1035
1105 1106
80 79
662 663
1003 1002
1200 1199
499 498
549 548
827 828
584 583
1027 1028
329 330
686 687
622 621
853 854
576 575
1135 1134
718 717
678 679
234 235
860 859
781 782
975 974
19 20
224 223
179 180
1150 1151
1056 1055
1090 1091
15 16
561 562
699 698
1035 1036
879 880
493 494
7 8
1080 1079
1185 1186
54 55
970 971
776 775
1040 1039
161 160
1152 1153
420 419
995 994
833 832
767 766
320 319
899 900
446 445
331 330
39 40
558 557
1089 1088
509 510
857 858
270 271
214 215
305 306
1032 1031
1130 1129
1164 1165
788 789
366 367
447 448
403 404
627 628
627 626
30 29
1046 1045
27 26
911 912
1019 1020
949 948
648 649
589 590
610 609
387 386
1166 1167
783 784
1029 1028
487 486
1137 1136
774 773
764 763
926 927
941 942
645 646
788 787
473 472
104 105
503 502
83 82
1179 1180
569 568
1069 1070
989 988
1109 1110
1017 1018
260 259
315 314
289 288
744 745
102 103
26 25
139 140
651 650
202 201
151 152
50 51
475 476
905 906
1188 1189
358 357
1015 1016
524 525
987 988
561 560
831 830
47 46
884 885
192 191
1143 1142
724 725
549 550
560 559
876 875
476 477
834 833
563 564
1121 1122
128 127
726 727
693 694
1003 1004
217 218
87 86
874 875
140 141
815 816
1113 1112
729 730
146 145
374 373
372 373
1065 1066
367 368
442 441
385 386
434 433
915 914
1045 1044
787 786
643 644
257 258
499 500
122 123
389 390
907 906
230 231
657 658
489 490
854 855
399 398
982 981
496 495
281 280
247 246
1030 1031
9 10
478 479
208 207
381 380
1182 1183
652 651
1196 1197
1133 1132
334 335
301 300
1119 1118
923 924
1048 1047
237 236
1078 1079
660 661
1082 1081
736 735
1156 1157
577 578
264 263
581 580
574 573
606 605
454 453
759 760
920 919
356 355
816 817
697 698
1121 1120
466 465
406 405
436 435
159 160
9 8
1072 1071
673 672
21 20
1115 1116
1000 999
629 628
1063 1064
796 797
301 302
1132 1131
174 173
479 480
439 440
638 639
1002 1001
443 444
640 639
675 676
695 696
568 567
220 219
280 279
837 836
894 895
421 422
166 165
640 641
195 196
136 135
710 709
978 979
874 873
1021 1022
1081 1080
660 659
278 279
167 166
950 951
746 745
1149 1150
411 412
751 752
682 681
403 402
378 377
451 452
1073 1072
891 890
548 547
1049 1050
393 392
803 802
2 3
59 60
957 958
29 28
216 217
343 342
1147 1146
586 585
285 286
1108 1109
198 197
1037 1036
880 881
546 545
379 380
819 818
1026 1027
535 534
123 124
852 853
143 144
675 674
454 455
946 947
942 943
856 857
204 203
755 756
1077 1078
68 67
58 59
1049 1048
383 384
135 134
494 495
795 796
63 62
73 74
1177 1178
1130 1131
284 283
990 991
822 823
295 294
307 306
415 416
553 552
264 265
537 538
844 845
1038 1037
405 404
888 889
64 63
337 338
804 803
922 923
634 635
1012 1013
811 810
939 938
642 641
423 424
529 530
571 570
35 34
259 258
592 593
277 278
35 36
383 382
984 985
440 441
626 625
431 432
359 360
656 657
902 903
157 156
751 750
877 878
1052 1053
58 57
170 169
900 901
221 222
579 580
738 737
177 178
741 740
642 643
167 168
178 179
1033 1032
1156 1155
1085 1086
225 224
1104 1105
365 364
776 777
334 333
1076 1077
806 805
52 53
910 911
23 22
52 51
291 290
743 744
497 498
342 341
1174 1173
740 739
605 604
1024 1025
250 251
840 841
826 825
365 366
296 295
973 972
322 321
1178 1179
393 394
666 665
171 170
618 619
884 883
101 102
3 4
780 781
1103 1104
961 960
996 995
1194 1195
520 521
1074 1073
490 491
437 438
1106 1107
1166 1165
1092 1093
361 360
928 927
1068 1069
595 596
707 708
629 630
137 138
868 869
706 707
455 456
430 431
912 913
962 963
1023 1022
450 451
481 480
391 390
810 809
255 256
469 468
916 917
868 867
488 487
888 887
1159 1160
270 269
570 569
973 974
507 508
461 460
193 192
551 552
205 206
1194 1193
18 17
132 131
1009 1010
106 107
350 351
184 183
770 771
692 693
261 262
169 168
741 742
625 624
968 967
975 976
1052 1051
601 602
720 721
838 837
920 921
501 502
210 209
826 827
1141 1142
1058 1057
1199 1198
611 612
55 56
645 644
228 227
1169 1168
427 426
422 423
542 541
1153 1154
1088 1087
435 434
795 794
754 755
212 213
363 364
989 990
835 834
242 241
718 719
1062 1063
778 777
851 852
895 896
1015 1014
862 861
304 303
109 110
536 537
802 801
1187 1188
765 766
1192 1193
313 312
5 4
1074 1075
648 647
882 881
172 171
943 944
690 689
613 614
696 697
478 477
333 332
385 384
593 594
450 449
28 27
23 24
210 211
530 531
873 872
793 792
863 862
899 898
760 761
982 983
348 349
1039 1038
1091 1092
464 465
713 712
415 414
617 618
886 885
1114 1115
96 95
464 463
93 92
407 408
1068 1067
229 230
1192 1191
143 142
823 824
544 543
92 91
913 914
245 244
299 300
513 514
500 501
265 266
94 95
332 331
972 971
1085 1084
162 163
273 274
1064 1065
1176 1175
633 632
175 176
137 136
512 511
253 254
1094 1095
216 215
1174 1175
21 22
5 6
261 260
1138 1137
807 808
706 705
655 654
176 177
616 615
631 632
182 183
323 322
700 699
715 714
112 113
1011 1010
233 232
869 870
1112 1111
381 382
711 712
297 298
753 754
952 953
392 391
78 79
190 191
462 463
1056 1057
1139 1140
376 377
748 747
33 32
310 311
932 933
242 243
671 672
526 527
43 42
457 456
1007 1006
505 506
671 670
1011 1012
1124 1123
395 396
590 591
411 410
964 965
1184 1185
573 572
149 148
819 820
147 148
276 277
997 998
746 747
793 794
812 813
97 96
932 931
101 100
249 248
400 401
418 419
584 585
65 64
221 220
1114 1113
471 472
362 361
70 71
1158 1157
867 866
159 158
1152 1151
711 710
293 294
76 77
976 977
1019 1018
65 66
1195 1196
565 566
732 731
785 784
1167 1168
40 41
1040 1041
369 368
74 75
421 420
849 848
668 667
291 292
578 579
481 482
1128 1129
1029 1030
32 31
375 374
800 799
284 285
425 426
1067 1066
571 572
97 98
786 785
303 302
511 510
767 768
164 163
304 305
397 396
458 457
952 951
936 937
36 37
664 665
892 891
1089 1090
467 468
753 752
432 433
406 407
44 45
1172 1171
104 103
262 263
1083 1084
201 200
30 31
889 890
311 312
688 687
791 790
