300
400
112 111
292 291
13 12
70 71
211 210
144 143
19 18
295 294
166 165
352 351
116 117
324 323
362 363
3 4
76 77
283 282
61 60
377 376
154 155
118 117
145 144
330 331
59 58
135 134
365 364
193 194
28 29
277 276
105 106
214 215
353 354
97 98
274 275
290 289
398 397
115 116
343 342
328 327
202 203
282 281
67 68
228 229
379 378
81 80
261 260
177 178
108 107
2 1
330 329
271 272
184 183
167 166
165 164
45 44
393 392
203 204
50 51
106 107
150 151
320 319
389 388
390 391
143 142
238 239
54 55
356 355
9 10
34 35
169 170
387 386
26 27
313 312
197 198
32 33
84 83
213 214
248 249
360 359
256 257
288 289
24 25
123 124
346 347
21 20
128 127
45 46
121 122
132 133
333 334
3 2
240 239
265 266
377 378
220 219
158 159
7 6
227 226
195 194
156 157
180 181
267 266
234 233
181 182
333 332
341 340
252 253
396 397
339 340
224 225
114 115
94 93
49 50
63 62
128 129
191 192
69 68
265 264
126 125
357 356
244 245
394 393
161 160
75 76
339 338
153 152
367 366
202 201
336 335
299 298
311 310
303 302
127 126
307 306
205 206
189 188
52 51
369 370
285 284
245 246
172 171
119 120
206 207
182 183
155 156
48 47
14 13
101 100
237 238
242 241
149 148
235 234
173 174
268 267
33 34
211 212
163 162
157 158
179 180
223 222
79 80
86 87
137 136
147 146
358 357
399 398
30 29
278 277
42 43
39 38
16 15
23 24
30 31
35 36
186 187
251 252
38 37
321 322
269 270
196 197
384 383
65 66
236 237
347 348
243 244
218 219
337 336
122 123
96 95
279 280
273 274
209 208
124 125
152 151
296 295
98 99
210 209
72 71
85 86
187 188
7 8
225 226
11 10
62 61
176 177
163 164
129 130
130 131
88 89
139 138
291 290
262 263
27 28
242 243
281 280
247 246
140 139
74 73
46 47
360 361
328 329
394 395
374 375
306 305
84 85
161 162
199 200
104 105
368 369
77 78
75 74
169 168
293 292
217 216
220 221
120 121
258 257
199 198
186 185
223 224
175 176
366 365
216 215
114 113
208 207
264 263
48 49
349 348
113 112
150 149
309 310
341 342
101 102
132 131
325 324
314 313
293 294
36 37
307 308
59 60
355 354
43 44
92 93
320 321
332 331
273 272
9 8
136 135
316 317
254 255
375 376
386 385
96 97
371 372
15 14
184 185
137 138
314 315
309 308
240 241
260 259
322 323
58 57
229 230
148 147
319 318
259 258
103 104
119 118
69 70
236 235
53 52
108 109
351 350
349 350
344 345
90 89
91 90
367 368
110 111
190 191
335 334
4 5
396 395
268 269
271 270
248 247
154 153
174 175
276 275
25 26
16 17
391 392
285 286
361 362
372 373
83 82
66 67
300 301
134 133
100 99
304 305
141 140
40 41
56 57
22 21
56 55
316 315
262 261
286 287
382 383
358 359
249 250
363 364
63 64
205 204
221 222
296 297
390 389
12 11
343 344
230 231
73 72
370 371
379 380
39 40
79 78
337 338
218 217
299 300
91 92
103 102
170 171
31 32
298 297
284 283
64 65
54 53
42 41
232 233
304 303
20 19
385 384
195 196
352 353
256 255
193 192
201 200
81 82
302 301
142 141
325 326
288 287
190 189
388 387
345 346
167 168
6 5
228 227
317 318
160 159
326 327
88 87
399 400
110 109
232 231
311 312
95 94
173 172
382 381
250 251
179 178
18 17
381 380
279 278
22 23
374 373
254 253
212 213
145 146
400
87 88
110 109
86 85
62 63
217 216
269 270
137 138
297 296
279 278
195 196
186 187
163 164
322 323
293 292
385 386
245 246
273 274
251 250
170 169
3 2
258 257
192 193
209 208
349 350
247 246
187 188
140 139
61 62
125 126
323 324
115 116
97 96
35 36
28 29
166 167
182 183
35 34
139 138
7 6
52 51
381 382
102 103
352 353
252 251
227 228
76 77
153 152
12 13
194 195
338 337
189 190
99 100
21 22
153 154
16 15
364 363
239 238
31 30
114 115
112 113
183 184
137 136
373 374
296 295
14 15
5 6
117 116
172 173
350 351
114 113
84 85
297 298
105 106
72 73
318 319
279 280
121 120
184 185
289 288
265 266
241 240
19 20
212 211
200 201
192 191
125 124
310 311
39 40
351 352
374 375
229 228
127 126
249 250
220 219
247 248
20 21
54 55
226 227
301 300
90 89
142 143
145 144
44 45
393 392
379 380
338 339
382 383
65 66
19 18
371 372
379 378
367 366
57 56
238 237
111 110
344 345
273 272
70 71
313 312
298 299
53 52
348 347
39 38
254 253
43 42
202 203
66 67
328 329
142 141
171 172
321 320
25 26
135 136
370 371
262 263
87 86
163 162
221 222
256 257
64 65
144 143
13 14
325 326
59 60
128 129
164 165
214 213
151 150
4 5
303 302
134 135
232 233
11 10
365 366
11 12
123 124
186 185
202 201
356 355
381 380
244 243
245 244
285 286
178 179
50 49
315 316
4 3
8 7
224 223
41 42
255 256
105 104
206 207
204 205
275 276
94 93
141 140
88 89
48 47
267 268
81 82
93 92
130 131
176 175
391 392
225 224
176 177
74 73
222 223
339 340
391 390
90 91
282 281
70 69
157 156
295 294
196 197
322 321
370 369
132 133
72 71
259 258
287 288
197 198
376 377
333 334
372 373
174 175
58 57
365 364
173 174
150 149
118 117
283 282
171 170
181 182
17 16
188 189
314 315
17 18
120 119
32 31
146 145
41 40
181 180
215 216
277 276
336 337
395 396
94 95
156 155
8 9
299 300
348 349
10 9
376 375
304 303
30 29
122 123
129 130
215 214
309 308
346 347
265 264
331 330
301 302
207 208
97 98
255 254
342 343
290 289
253 252
103 104
319 320
26 27
148 149
76 75
345 346
38 37
161 162
327 326
267 266
131 132
399 400
248 249
36 37
83 84
46 45
212 213
33 34
239 240
50 51
1 2
336 335
22 23
360 359
236 237
313 314
95 96
311 312
385 384
286 287
270 271
231 232
99 98
199 198
107 106
161 160
191 190
109 108
378 377
342 341
218 217
383 384
333 332
261 262
354 353
241 242
67 68
260 259
158 157
394 393
357 358
235 234
44 43
82 83
47 46
361 362
152 151
280 281
368 367
56 55
147 146
148 147
127 128
307 308
310 309
343 344
263 264
359 358
100 101
63 64
210 211
111 112
210 209
118 119
134 133
329 330
335 334
325 324
368 369
107 108
388 387
78 77
32 33
229 230
340 341
165 166
28 27
91 92
24 23
199 200
179 180
102 101
356 357
307 306
277 278
354 355
397 398
362 363
204 203
54 53
387 386
218 219
205 206
177 178
59 58
221 220
284 283
122 121
305 304
242 243
388 389
75 74
48 49
69 68
271 272
316 317
78 79
155 154
291 290
193 194
235 236
261 260
390 389
226 225
80 79
268 269
167 168
160 159
169 168
327 328
159 158
317 318
395 394
361 360
294 293
81 80
234 233
61 60
274 275
397 396
331 332
399 398
25 24
292 291
305 306
231 230
284 285
400
119 120
272 273
100 99
312 311
235 236
140 141
385 384
345 346
15 14
108 109
319 318
263 264
285 286
274 273
83 82
44 45
170 169
15 16
93 92
237 236
321 320
53 54
142 143
208 207
311 310
69 70
286 287
178 179
285 284
106 107
202 203
119 118
309 308
278 277
378 377
122 123
111 112
353 352
232 231
303 304
212 211
177 176
220 219
152 153
224 225
266 265
393 392
317 318
135 136
130 129
211 210
258 259
376 377
56 57
242 243
239 240
323 324
342 341
202 201
134 135
233 232
387 386
221 222
134 133
191 190
299 300
11 10
100 101
118 117
238 237
27 26
61 60
385 386
117 116
41 42
289 288
72 73
47 48
367 368
292 291
255 256
90 91
323 322
361 360
368 369
302 303
8 9
283 282
60 59
181 182
336 337
391 390
148 149
61 62
128 127
52 53
97 96
10 9
103 102
201 200
136 137
336 335
239 238
25 24
297 298
338 339
175 174
214 213
263 262
396 397
197 196
313 314
84 85
58 57
209 210
12 11
194 193
110 109
106 105
124 123
270 269
150 151
276 275
121 122
335 334
301 300
81 82
381 382
21 22
387 388
298 299
209 208
102 101
257 256
183 182
244 245
70 71
352 351
349 350
144 143
1 2
241 242
399 400
108 107
167 166
364 365
125 124
6 5
391 392
78 77
261 260
50 51
36 35
354 353
130 131
265 264
8 7
329 328
375 376
365 366
203 204
192 193
86 87
186 187
162 163
259 260
196 195
223 222
125 126
327 328
56 55
3 4
146 147
176 175
363 364
40 41
350 351
219 218
141 142
98 97
340 339
309 310
32 31
322 321
173 174
324 325
37 38
114 115
17 18
269 268
343 344
33 32
340 341
21 20
132 131
189 188
235 234
234 233
83 84
227 228
213 212
33 34
166 165
85 86
153 154
277 276
65 64
35 34
362 361
205 206
290 291
88 87
359 358
36 37
198 199
12 13
345 344
205 204
80 79
342 343
280 279
274 275
149 150
165 164
356 355
43 44
17 16
254 253
294 293
89 90
307 308
5 4
315 316
63 62
54 55
367 366
164 163
378 379
93 94
178 177
188 187
192 191
20 19
173 172
332 333
395 396
68 69
183 184
155 156
65 66
383 382
198 197
326 327
75 76
267 266
25 26
314 315
148 147
397 398
331 332
395 394
160 159
49 50
151 152
39 38
331 330
98 99
139 138
374 375
338 337
373 372
248 249
96 95
29 30
156 157
257 258
195 194
23 22
190 189
250 249
388 389
216 215
180 179
28 27
326 325
72 71
254 255
2 3
253 252
92 91
372 371
145 144
333 334
171 172
104 105
128 129
369 370
348 349
293 292
246 245
158 159
221 220
316 317
200 199
247 248
218 217
18 19
81 80
77 76
68 67
138 137
225 226
399 398
185 184
295 294
127 126
302 301
295 296
113 114
207 206
374 373
289 290
168 169
305 306
162 161
357 356
394 393
354 355
228 229
217 216
243 244
261 262
185 186
168 167
271 272
52 51
40 39
24 23
247 246
380 379
89 88
104 103
313 312
42 43
268 267
227 226
48 49
47 46
280 281
180 181
58 59
380 381
161 160
67 66
7 6
28 29
215 214
283 284
307 306
113 112
157 158
74 73
329 330
31 30
155 154
75 74
389 390
240 241
384 383
94 95
45 46
296 297
121 120
319 320
271 270
252 251
347 348
359 360
78 79
13 14
231 230
140 139
64 63
346 347
116 115
132 133
230 229
371 370
358 357
251 250
279 278
304 305
282 281
145 146
111 110
170 171
287 288
223 224
363 362
400
285 286
276 275
162 163
251 250
332 333
365 364
36 35
90 91
252 251
208 207
38 39
111 110
295 296
103 104
100 101
23 22
67 66
237 236
113 112
82 81
224 223
73 74
140 141
331 330
143 144
176 175
393 392
338 339
112 111
154 155
237 238
367 366
11 12
185 184
178 177
363 362
138 139
180 179
142 143
188 189
209 208
309 310
155 156
67 68
90 89
162 161
225 224
351 350
313 312
61 60
315 316
264 263
19 18
326 325
212 213
195 196
307 306
25 26
400 399
171 170
227 226
39 40
37 36
332 331
42 41
200 199
34 33
345 346
13 12
83 82
282 281
384 383
176 177
85 86
336 335
279 280
391 392
9 8
362 361
144 145
41 40
45 46
121 120
387 386
215 216
246 247
210 209
232 233
335 334
375 374
307 308
196 197
96 95
262 261
126 127
65 64
273 272
326 327
373 374
27 28
242 243
15 16
327 328
275 274
358 357
105 106
184 183
101 102
137 138
69 68
133 132
119 118
189 190
79 78
215 214
20 19
131 132
195 194
182 183
278 277
258 259
3 2
296 297
6 7
343 342
84 83
24 25
340 341
346 347
234 233
93 92
239 240
304 305
87 88
151 152
198 199
141 142
222 223
146 145
221 220
152 153
15 14
369 368
325 324
382 383
352 353
377 376
261 260
93 94
129 130
14 13
192 191
87 86
47 48
123 124
116 115
206 207
289 288
300 301
355 356
140 139
353 354
66 65
117 118
9 10
57 58
53 52
342 341
48 49
386 385
340 339
114 113
280 281
337 338
166 167
32 31
334 333
128 129
186 185
278 279
287 288
42 43
11 10
228 229
97 96
181 182
156 157
270 269
241 240
367 368
70 71
128 127
4 3
390 391
204 203
50 51
287 286
191 190
276 277
28 29
388 389
76 75
232 231
72 71
299 300
265 266
355 354
168 169
263 262
292 291
220 219
257 258
72 73
126 125
98 97
6 5
108 107
57 56
399 398
295 294
305 306
396 397
366 365
69 70
390 389
337 336
360 361
115 114
122 123
324 323
164 163
352 351
360 359
137 136
50 49
393 394
283 284
249 248
35 34
268 269
55 54
297 298
256 257
245 244
158 159
192 193
2 1
247 248
53 54
99 98
20 21
134 133
164 165
149 148
381 380
289 290
291 290
221 222
234 235
44 45
387 388
238 239
370 371
122 121
167 168
26 27
55 56
321 320
301 302
78 77
267 266
205 204
293 294
379 380
256 255
17 16
181 180
147 146
120 119
330 329
198 197
135 136
323 322
116 117
43 44
92 91
22 21
100 99
173 174
384 385
267 268
321 322
171 172
172 173
308 309
303 302
231 230
226 225
174 175
255 254
312 311
201 202
311 310
124 125
299 298
357 356
228 227
314 313
52 51
211 210
62 61
217 216
372 373
84 85
316 317
245 246
319 320
62 63
58 59
178 179
95 94
188 187
103 102
149 150
59 60
4 5
348 347
319 318
213 214
235 236
315 314
31 30
203 202
160 159
109 110
64 63
148 147
363 364
285 284
89 88
271 272
108 109
24 23
211 212
372 371
229 230
170 169
264 265
158 157
344 345
253 252
8 7
76 77
344 343
242 241
150 151
259 260
18 17
37 38
348 349
303 304
193 194
249 250
46 47
74 75
166 165
153 154
375 376
201 200
130 131
253 254
358 359
379 378
218 219
398 397
329 328
80 79
271 270
318 317
81 80
381 382
206 205
33 32
282 283
217 218
378 377
187 186
370 369
293 292
243 244
273 274
134 135
105 104
107 106
396 395
394 395
160 161
29 30
350 349
2
1 2
4
2 1
2 3
4 3
2
1 2
1
1
3
3 2
1 2
7
4 3
1 2
2 3
5 4
7 6
5 6
5
1 2
5 4
2 3
4 3
6
5 4
5 6
4 3
1 2
2 3
1
1
2
1 2
4
1 2
3 4
2 3
4
3 4
2 1
2 3
3
3 2
1 2
3
2 3
1 2
6
6 5
3 2
1 2
5 4
4 3
3
1 2
3 2
1
3
2 1
3 2
2
2 1
4
2 1
3 2
3 4
3
2 3
1 2
4
1 2
2 3
4 3
2
2 1
3
2 3
2 1
3
1 2
3 2
3
1 2
3 2
3
2 1
2 3
3
1 2
2 3
5
5 4
4 3
3 2
1 2
2
2 1
3
2 1
2 3
3
1 2
3 2
2
1 2
9
2 1
3 4
5 6
2 3
4 5
9 8
6 7
7 8
1
2
1 2
7
2 3
7 6
1 2
3 4
4 5
6 5
1
5
3 2
2 1
3 4
5 4
4
2 1
3 4
2 3
1
2
1 2
1
2
2 1
2
1 2
5
2 1
4 3
5 4
2 3
2
2 1
1
6
1 2
5 4
2 3
3 4
5 6
1
7
1 2
4 5
3 4
3 2
7 6
6 5
3
2 1
2 3
2
2 1
4
4 3
3 2
2 1
2
1 2
8
8 7
5 4
6 5
1 2
4 3
7 6
3 2
5
2 1
4 5
3 4
3 2
2
2 1
1
7
5 6
4 3
7 6
4 5
1 2
3 2
4
3 2
4 3
1 2
3
3 2
1 2
5
1 2
4 3
5 4
3 2
5
4 5
4 3
1 2
3 2
3
2 1
3 2
3
3 2
1 2
5
2 1
3 4
2 3
5 4
4
3 2
2 1
4 3
2
1 2
5
3 2
2 1
3 4
5 4
3
3 2
2 1
5
3 4
2 3
5 4
2 1
4
3 2
1 2
4 3
4
4 3
2 3
2 1
2
2 1
5
3 4
3 2
2 1
5 4
4
3 2
4 3
2 1
3
1 2
2 3
2
1 2
5
3 4
5 4
1 2
2 3
2
1 2
1
1
7
5 6
3 2
3 4
7 6
4 5
2 1
3
3 2
2 1
3
2 1
2 3
5
3 4
2 3
4 5
2 1
5
3 4
3 2
2 1
4 5
2
1 2
7
6 7
6 5
3 2
5 4
1 2
3 4
8
6 7
4 3
6 5
2 1
4 5
3 2
8 7
2
2 1
4
2 1
3 4
3 2
5
4 3
2 3
5 4
1 2
4
4 3
3 2
2 1
4
4 3
1 2
3 2
2
1 2
1
3
2 3
2 1
4
3 2
2 1
4 3
3
3 2
2 1
2
1 2
3
3 2
1 2
4
3 2
1 2
4 3
3
2 1
3 2
2
2 1
2
2 1
3
3 2
2 1
3
2 1
2 3
5
2 1
5 4
3 2
4 3
3
3 2
2 1
2
1 2
1
3
1 2
2 3
6
6 5
3 4
2 1
5 4
2 3
5
3 2
4 3
4 5
2 1
6
2 3
6 5
4 5
3 4
2 1
6
1 2
6 5
3 4
3 2
5 4
3
2 3
1 2
2
2 1
6
4 5
6 5
3 2
2 1
4 3
4
3 2
2 1
4 3
3
2 3
2 1
3
1 2
3 2
2
2 1
3
2 3
1 2
3
1 2
2 3
5
4 5
3 2
3 4
1 2
1
4
2 3
2 1
3 4
4
3 2
4 3
1 2
4
4 3
2 3
2 1
1
3
1 2
3 2
4
1 2
3 4
2 3
5
4 5
2 1
3 2
4 3
3
2 1
2 3
5
4 5
3 4
3 2
1 2
3
2 3
2 1
4
4 3
3 2
1 2
1
3
2 1
2 3
3
2 3
1 2
6
1 2
5 6
3 2
4 5
3 4
3
2 1
2 3
2
1 2
2
1 2
4
2 1
3 4
2 3
6
5 6
2 3
2 1
3 4
4 5
6
4 5
3 4
3 2
1 2
6 5
7
4 3
5 6
6 7
4 5
1 2
2 3
5
1 2
2 3
5 4
4 3
3
3 2
1 2
4
3 4
2 3
1 2
2
1 2
4
4 3
2 1
3 2
3
2 3
2 1
5
3 4
1 2
2 3
5 4
5
3 2
1 2
3 4
5 4
3
1 2
3 2
3
1 2
2 3
6
5 4
6 5
1 2
3 2
4 3
1
5
3 4
2 3
4 5
2 1
3
3 2
1 2
2
2 1
4
1 2
4 3
2 3
6
6 5
2 3
4 3
4 5
1 2
1
4
2 1
3 4
2 3
4
2 3
1 2
3 4
2
2 1
4
2 3
4 3
2 1
2
1 2
4
1 2
2 3
3 4
5
5 4
3 4
1 2
3 2
3
2 3
2 1
4
1 2
3 2
3 4
4
2 1
3 2
4 3
2
1 2
1
3
1 2
2 3
4
2 3
1 2
3 4
3
3 2
1 2
4
1 2
2 3
4 3
4
3 4
2 1
2 3
4
3 4
2 1
3 2
4
2 1
3 4
2 3
1
4
3 4
2 3
2 1
4
3 2
4 3
1 2
3
2 1
3 2
4
1 2
2 3
4 3
7
2 3
3 4
7 6
5 4
1 2
6 5
2
1 2
5
2 1
4 5
3 4
3 2
2
2 1
4
1 2
2 3
4 3
4
3 4
1 2
2 3
5
4 5
2 1
3 2
4 3
2
1 2
3
3 2
1 2
3
2 3
2 1
2
1 2
6
4 3
2 1
5 6
3 2
5 4
3
2 3
2 1
4
3 4
1 2
3 2
3
2 3
2 1
4
4 3
3 2
1 2
2
1 2
5
4 5
2 3
3 4
1 2
3
1 2
2 3
4
4 3
2 1
2 3
1
5
3 4
4 5
1 2
3 2
3
2 1
3 2
3
3 2
2 1
3
1 2
2 3
3
2 3
2 1
4
2 3
1 2
3 4
2
2 1
3
1 2
3 2
1
3
1 2
2 3
4
2 3
1 2
4 3
4
3 2
2 1
3 4
3
3 2
2 1
2
1 2
5
4 5
1 2
3 2
3 4
5
4 3
2 1
5 4
2 3
3
1 2
3 2
2
1 2
3
1 2
2 3
6
2 1
4 3
5 4
3 2
6 5
3
2 1
2 3
3
1 2
2 3
1
4
3 4
2 3
1 2
4
2 3
3 4
1 2
5
2 3
3 4
4 5
1 2
4
4 3
2 1
3 2
3
2 3
2 1
4
2 3
1 2
3 4
1
5
3 2
5 4
4 3
2 1
3
1 2
2 3
4
4 3
1 2
2 3
2
1 2
2
2 1
1
2
2 1
4
2 3
4 3
2 1
4
2 1
3 4
2 3
3
2 3
2 1
1
4
2 3
4 3
2 1
5
2 3
1 2
4 3
4 5
5
3 4
1 2
2 3
4 5
7
2 3
1 2
4 5
6 5
6 7
4 3
5
4 3
2 1
5 4
3 2
2
2 1
2
2 1
3
2 1
3 2
2
1 2
4
3 2
3 4
2 1
3
1 2
3 2
4
2 3
2 1
4 3
4
2 3
3 4
2 1
3
2 1
3 2
3
2 1
2 3
3
1 2
2 3
3
1 2
2 3
2
2 1
2
1 2
3
3 2
2 1
2
2 1
3
1 2
2 3
1
3
2 1
3 2
6
5 4
3 4
5 6
1 2
2 3
3
1 2
3 2
3
3 2
1 2
2
1 2
2
1 2
3
3 2
1 2
6
1 2
5 6
3 4
3 2
5 4
2
1 2
3
3 2
2 1
3
2 3
2 1
3
2 1
3 2
3
2 3
1 2
4
3 4
1 2
2 3
1200
927 928
904 903
806 807
408 407
129 130
780 779
1185 1184
14 15
301 300
364 363
638 637
1166 1167
1166 1165
234 233
922 923
765 764
34 35
228 227
1193 1192
888 887
709 710
924 923
306 305
292 291
652 653
142 141
542 543
541 542
134 135
284 283
673 674
932 931
452 453
54 53
704 705
1152 1151
18 17
370 371
115 116
194 195
16 17
602 601
841 840
740 741
809 808
646 647
385 386
143 142
229 230
1029 1030
190 189
33 32
912 913
141 140
1092 1091
693 692
414 413
1070 1071
354 355
436 437
951 950
983 982
479 480
516 517
79 80
219 218
409 410
338 339
805 806
99 98
1176 1175
1125 1124
1106 1105
63 62
150 151
460 461
117 118
8 7
659 660
1158 1157
59 60
318 319
461 462
205 206
39 40
331 332
750 751
1060 1061
320 321
748 749
238 237
486 487
910 911
913 914
1105 1104
877 876
585 584
152 153
871 870
986 987
1010 1011
87 86
707 706
115 114
267 268
173 174
1153 1154
727 726
45 44
823 822
521 522
1133 1134
905 906
735 734
648 647
427 426
549 550
14 13
106 107
279 278
1111 1112
467 468
54 55
964 963
350 349
727 728
84 85
454 453
145 144
261 262
1047 1046
720 719
560 561
884 883
699 698
541 540
867 868
1181 1182
1004 1005
345 346
620 621
132 131
955 956
1053 1052
534 533
408 409
122 121
104 105
481 482
546 547
933 932
899 898
821 820
478 479
373 374
723 722
167 168
296 295
639 640
1185 1186
772 773
525 526
148 149
183 182
339 340
431 432
741 742
758 757
866 865
450 449
600 599
1053 1054
935 934
735 736
984 985
949 948
946 945
1129 1130
991 992
10 9
186 185
280 281
729 728
870 869
752 753
1093 1094
466 467
858 857
812 813
1014 1013
1089 1090
531 530
875 876
1142 1143
600 601
354 353
387 386
1057 1056
1146 1145
403 404
1062 1061
675 674
737 736
481 480
685 686
652 651
1076 1075
865 864
694 695
1082 1083
469 468
610 609
314 315
609 608
57 56
1034 1033
562 561
1134 1135
793 792
412 413
356 357
718 719
750 749
1000 999
759 758
658 659
171 170
78 79
292 293
1068 1069
446 445
765 766
93 94
193 192
109 110
130 131
49 48
576 577
316 317
434 433
703 702
1143 1144
485 484
1115 1116
724 725
289 288
633 634
936 937
337 336
136 137
471 472
1138 1139
319 320
1045 1046
528 527
441 442
36 35
6 5
734 733
228 229
33 34
287 286
1077 1076
374 375
42 43
204 205
980 979
1043 1044
607 606
328 329
742 743
667 666
1195 1194
595 596
394 393
1092 1093
1133 1132
616 617
214 215
738 737
845 846
848 847
405 406
1156 1155
769 770
505 506
573 574
513 514
154 153
881 880
248 247
644 645
837 836
1126 1125
808 807
717 718
1176 1177
288 287
1130 1131
814 815
798 799
960 959
181 182
677 678
129 128
383 384
1116 1117
714 713
197 198
213 212
575 574
771 770
1080 1079
275 276
422 421
1110 1111
848 849
116 117
919 918
796 797
640 641
898 897
278 277
929 928
730 729
952 953
454 455
664 665
707 708
246 245
939 938
531 532
366 367
1064 1065
588 587
1163 1164
430 431
111 112
174 175
126 125
1127 1128
1023 1024
1163 1162
347 348
128 127
1168 1167
391 390
396 397
1086 1087
845 844
267 266
191 192
1068 1067
975 976
329 330
1122 1121
460 459
664 663
254 255
902 903
37 38
554 555
236 235
199 198
811 812
299 300
330 331
1188 1187
548 547
966 965
1013 1012
82 81
861 862
518 517
411 412
166 167
1003 1002
625 624
691 692
650 651
51 50
1054 1055
95 94
87 88
775 774
437 438
778 779
78 77
627 626
324 325
322 321
1077 1078
425 424
527 526
1118 1119
28 29
1120 1121
510 509
10 11
1022 1021
721 720
1019 1020
504 503
607 608
1178 1179
688 689
242 241
581 582
1173 1174
311 312
161 162
191 190
992 993
1041 1042
75 76
289 290
1159 1160
103 102
173 172
118 119
803 804
463 462
380 379
1155 1154
1052 1051
12 13
892 893
1113 1112
326 327
1088 1089
633 632
997 998
726 725
1064 1063
1162 1161
535 534
1078 1079
1029 1028
352 353
485 486
1051 1050
1085 1084
112 113
315 316
584 583
46 45
757 756
767 768
632 631
1001 1000
663 662
787 786
867 866
58 57
869 868
281 282
645 646
681 682
496 497
197 196
89 88
1081 1082
43 44
364 365
641 642
617 618
1094 1095
603 602
885 886
1150 1149
855 856
781 782
929 930
25 24
599 598
596 597
731 730
543 544
1063 1062
157 158
1085 1086
624 623
169 170
23 22
1058 1057
564 565
983 984
312 313
752 751
42 41
954 955
946 947
1137 1138
794 793
233 232
203 202
810 811
621 622
390 389
890 889
768 769
161 160
104 103
138 137
836 835
657 656
518 519
63 64
438 439
873 874
764 763
754 755
1126 1127
843 844
1036 1037
1087 1088
818 817
1170 1169
776 775
639 638
1100 1099
126 127
568 569
523 524
1039 1040
6 7
689 690
777 776
944 943
589 590
108 109
798 797
270 271
68 69
201 200
311 310
120 121
940 939
361 362
668 669
827 828
105 106
630 629
711 712
614 613
304 305
157 156
556 555
879 880
716 717
1060 1059
46 47
892 891
488 487
379 378
490 489
1144 1145
58 59
598 597
5 4
791 790
1191 1192
1038 1037
789 788
359 358
90 89
824 823
32 31
859 858
715 716
515 516
474 473
761 760
350 351
52 53
398 397
61 60
243 244
328 327
937 938
658 657
120 119
144 143
450 451
84 83
835 834
784 785
637 636
282 283
1152 1153
1102 1101
818 819
759 760
1108 1107
693 694
1071 1072
580 579
780 781
1123 1124
881 882
401 400
918 917
284 285
264 263
630 631
521 520
559 558
980 981
996 997
1041 1040
1181 1180
784 783
524 525
591 590
401 402
220 221
91 90
832 831
762 763
1179 1180
273 274
622 623
1 2
896 895
849 850
1091 1090
570 569
1161 1160
444 443
1030 1031
710 711
418 417
643 642
756 755
819 820
566 567
1039 1038
1003 1004
804 805
333 334
1084 1083
995 996
139 140
925 926
921 920
1148 1147
853 852
310 309
566 565
441 440
200 199
494 493
1008 1009
743 744
1019 1018
731 732
159 160
578 577
1183 1184
1073 1074
988 987
554 553
134 133
26 25
661 660
619 620
957 958
677 676
802 801
252 251
842 843
343 342
1169 1168
497 498
655 656
415 414
956 957
361 360
833 832
96 95
1067 1066
470 469
344 343
259 260
592 593
662 661
369 368
1042 1043
253 254
447 448
62 61
841 842
97 98
417 416
195 196
1186 1187
388 389
280 279
953 954
968 967
38 39
298 299
1049 1048
500 501
857 856
1096 1095
551 552
15 16
922 921
1102 1103
712 713
746 745
155 154
207 208
1190 1191
795 796
1137 1136
286 285
615 614
171 172
74 75
85 86
356 355
168 169
464 465
2 3
889 888
215 216
306 307
538 537
535 536
231 230
72 73
671 672
146 147
483 484
149 150
852 851
185 184
942 943
982 981
1110 1109
482 483
680 679
1020 1021
915 916
176 177
699 700
427 428
457 456
270 269
1141 1140
8 9
97 96
951 952
745 744
222 223
381 380
1027 1028
490 491
941 940
492 491
962 963
829 830
1159 1158
821 822
576 575
1098 1099
680 681
21 20
1119 1120
362 363
838 837
291 290
906 907
557 556
258 259
1170 1171
830 831
207 206
675 676
502 501
816 817
994 993
449 448
458 457
967 966
931 930
456 455
258 257
507 508
847 846
767 766
668 667
672 673
572 571
208 209
697 698
1104 1103
271 272
56 55
398 399
546 545
426 425
377 378
125 124
800 799
828 829
809 810
816 815
687 688
560 559
1175 1174
563 562
826 825
827 826
935 936
774 773
111 110
429 430
702 701
594 595
1045 1044
648 649
184 183
1189 1190
700 701
475 476
615 616
1074 1075
256 255
944 945
1002 1001
585 586
1182 1183
471 470
444 445
273 272
1080 1081
1101 1100
733 732
533 532
902 901
20 19
1114 1115
237 236
803 802
249 248
139 138
593 594
924 925
1055 1056
12 11
91 92
910 909
114 113
628 629
322 323
50 49
370 369
64 65
915 914
477 478
1141 1142
519 520
235 234
970 971
722 721
1189 1188
778 777
156 155
513 512
51 52
978 977
202 201
537 536
396 395
911 912
650 649
908 909
679 678
567 568
873 872
1016 1015
1069 1070
70 69
511 512
917 916
1032 1033
791 792
31 30
671 670
703 704
625 626
297 296
23 24
264 265
1014 1015
882 883
1200 1199
697 696
1073 1072
447 446
178 179
989 988
217 218
498 499
392 393
901 900
878 879
840 839
443 442
304 303
377 376
217 216
47 48
977 976
611 612
643 644
223 224
302 301
654 655
908 907
1017 1016
477 476
251 250
1150 1151
240 239
224 225
739 738
1048 1047
884 885
93 92
1025 1024
715 714
833 834
683 684
252 253
475 474
419 420
473 472
159 158
528 529
193 194
1027 1026
589 588
872 871
1007 1006
522 523
464 463
372 373
72 71
504 505
341 342
553 552
222 221
746 747
351 352
942 941
550 551
415 416
972 971
241 240
68 67
878 877
538 539
723 724
436 435
405 404
40 41
862 863
428 429
337 338
65 66
740 739
753 754
162 163
189 188
365 366
146 145
706 705
545 544
1147 1146
959 958
564 563
257 256
1149 1148
399 400
76 77
1066 1065
226 225
990 991
1194 1193
226 227
1113 1114
466 465
388 387
1178 1177
1123 1122
1173 1172
896 897
887 886
838 839
37 36
1022 1023
276 277
382 383
212 211
1059 1058
1118 1117
214 213
261 260
368 367
973 974
540 539
220 219
974 975
22 21
1197 1196
510 511
403 402
999 998
333 332
592 591
492 493
960 961
302 303
418 419
578 579
989 990
748 747
900 899
203 204
132 133
530 529
318 317
135 136
381 382
709 708
434 435
494 495
904 905
458 459
635 636
358 357
895 894
101 100
179 180
1172 1171
969 968
503 502
893 894
635 634
152 151
231 232
1012 1011
186 187
178 177
18 19
875 874
571 570
926 927
309 308
771 772
1096 1097
30 29
549 548
263 262
344 345
83 82
423 424
986 985
3 4
762 761
341 340
175 176
558 557
294 293
919 920
348 349
1198 1197
850 851
376 375
581 580
687 686
854 855
71 70
66 67
324 323
500 499
108 107
372 371
244 245
123 122
612 613
1136 1135
586 587
391 392
1098 1097
1032 1031
683 682
1035 1036
853 854
1017 1018
407 406
824 825
1128 1129
275 274
1034 1035
1006 1005
690 691
268 269
785 786
123 124
1025 1026
978 979
787 788
74 73
789 790
1131 1132
783 782
1198 1199
1007 1008
27 28
307 308
100 99
314 313
440 439
326 325
861 860
432 433
148 147
507 506
27 26
249 250
795 794
859 860
489 488
666 665
965 964
266 265
1010 1009
572 573
654 653
1108 1109
423 422
684 685
950 949
243 242
335 334
165 166
962 961
1164 1165
247 246
81 80
495 496
384 385
411 410
346 347
969 970
670 669
1157 1156
164 165
628 627
605 604
1050 1049
395 394
163 164
603 604
210 211
101 102
813 814
695 696
181 180
514 515
421 420
1195 1196
618 619
187 188
359 360
294 295
606 605
973 972
947 948
610 611
583 582
1107 1106
1140 1139
239 238
994 995
933 934
336 335
864 863
298 297
209 210
452 451
891 890
508 509
801 800
1200
862 861
775 776
180 181
719 720
1017 1016
729 730
425 424
919 918
111 112
795 794
438 439
308 309
571 572
842 841
194 193
306 305
1101 1102
587 586
863 862
997 998
1111 1110
1033 1032
369 370
1037 1036
472 471
56 55
315 314
142 141
237 236
753 752
584 585
246 245
829 828
22 21
336 337
932 931
706 707
844 845
66 65
125 126
248 249
698 699
899 898
1005 1004
205 204
465 464
531 530
56 57
632 631
154 155
559 558
545 544
827 828
656 655
1114 1115
203 202
11 10
720 721
1118 1117
1042 1041
260 261
766 765
897 896
906 907
799 798
60 61
6 5
90 89
659 658
568 567
264 265
829 830
150 149
910 911
1081 1080
1061 1060
1033 1034
145 144
273 274
1142 1141
788 789
218 217
213 212
663 664
1199 1198
628 629
227 228
918 917
257 256
635 636
905 906
959 958
1001 1002
254 255
293 294
783 782
270 271
914 915
535 534
1143 1144
384 383
378 379
988 989
627 626
344 343
486 487
1068 1067
834 835
524 525
823 824
1086 1087
812 813
982 983
83 82
1136 1135
255 256
749 750
25 26
279 278
117 116
382 381
569 570
1105 1104
7 6
158 157
386 387
563 562
139 140
902 903
702 701
1096 1097
671 672
840 841
1072 1071
1103 1104
146 147
723 724
400 401
495 494
1083 1082
579 578
214 213
316 317
578 577
584 583
57 58
1006 1007
687 688
652 651
1023 1024
1056 1057
904 905
975 974
767 768
1115 1116
31 32
108 109
105 106
172 171
440 439
963 964
63 64
151 152
35 34
732 733
982 981
961 962
89 88
346 347
337 338
1156 1157
1058 1059
860 861
463 462
713 714
575 576
1184 1183
606 607
322 323
909 908
773 772
84 83
766 767
110 111
430 429
705 704
787 786
360 361
790 791
95 94
480 481
1146 1145
331 330
1117 1116
397 396
1074 1075
115 114
91 92
1109 1108
1081 1082
162 163
595 596
182 181
788 787
505 506
981 980
1200 1199
1066 1067
1037 1038
1168 1169
450 449
611 612
18 19
660 661
1145 1144
142 143
931 930
192 191
696 695
733 734
43 44
608 609
940 939
1181 1182
351 352
639 638
872 871
680 681
175 174
735 734
104 103
1180 1181
40 41
885 886
477 478
869 870
973 974
858 859
708 707
801 800
519 518
820 819
796 797
473 472
298 297
1078 1077
98 99
371 370
602 601
74 73
436 437
393 394
233 234
968 969
967 966
1085 1086
533 532
565 566
1137 1136
1049 1048
229 230
277 278
1028 1029
656 657
1103 1102
431 430
400 399
946 947
427 426
225 224
1174 1175
882 881
1025 1026
280 279
446 445
101 102
502 501
542 541
661 662
937 938
1073 1072
301 300
891 890
66 67
114 113
466 467
47 46
511 510
21 20
859 860
1174 1173
423 424
819 818
1188 1189
15 14
131 130
155 156
434 433
573 574
850 851
2 3
691 690
420 419
55 54
693 692
33 32
545 546
398 399
601 600
426 425
968 967
995 994
615 614
345 344
628 627
207 206
80 81
711 710
88 87
1043 1044
760 761
1064 1063
943 944
925 926
715 716
1053 1054
376 377
1175 1176
667 666
217 216
121 120
28 29
647 646
713 712
96 97
42 43
339 340
435 434
949 948
1046 1047
538 537
167 166
1147 1146
180 179
823 822
189 188
1118 1119
1122 1121
727 726
605 606
301 302
374 373
479 478
680 679
664 665
697 698
1091 1090
1021 1022
438 437
462 461
996 997
385 386
777 778
50 49
843 844
236 235
618 619
854 853
660 659
884 885
598 597
970 969
374 375
195 194
125 124
269 270
469 468
955 956
804 805
811 810
474 475
132 133
447 446
117 118
1134 1135
921 920
238 237
205 206
159 160
1119 1120
864 865
957 956
794 793
493 492
418 417
783 784
704 703
1169 1170
208 207
1160 1159
417 416
800 799
429 428
512 513
867 866
447 448
770 771
942 941
770 769
151 150
72 71
99 100
44 45
1164 1165
197 196
771 772
721 722
546 547
320 319
415 414
16 15
736 735
943 942
273 272
1167 1166
1111 1112
375 376
456 457
649 648
163 164
1177 1178
288 289
1007 1008
755 754
1010 1009
1047 1048
238 239
61 62
62 63
574 575
620 619
2 1
623 624
422 423
952 953
454 455
466 465
308 307
229 228
290 291
235 234
763 762
473 474
658 657
682 681
776 777
1133 1134
329 328
1050 1049
454 453
253 254
1123 1122
865 866
644 645
390 389
971 972
441 440
785 786
118 119
461 460
295 294
350 351
187 186
45 46
226 225
929 930
556 557
592 593
1147 1148
3 4
881 880
1151 1152
1041 1040
251 252
138 139
356 355
137 136
384 385
840 839
29 30
689 690
80 79
353 354
1151 1150
112 113
962 963
983 984
362 363
762 761
1141 1140
598 599
695 694
949 950
9 10
523 522
170 169
996 995
409 410
415 416
287 288
555 554
984 985
527 526
247 246
1052 1051
231 230
36 37
1088 1087
368 369
889 890
564 565
122 121
30 31
991 990
1023 1022
850 849
475 476
496 497
1051 1050
123 124
12 11
495 496
832 831
265 266
58 59
1090 1089
1178 1179
242 243
403 404
939 938
874 875
682 683
215 216
84 85
1001 1000
261 262
617 618
286 287
1030 1029
701 700
1055 1054
38 39
191 190
349 348
184 183
1079 1078
409 408
247 248
223 222
1003 1002
953 954
267 266
1036 1035
615 616
764 765
185 186
848 849
932 933
729 728
561 560
431 432
525 526
1162 1163
243 244
1092 1093
231 232
1018 1017
709 708
913 912
782 781
916 917
158 159
307 306
74 75
178 179
212 211
127 126
855 856
131 132
826 825
553 552
321 320
728 727
34 33
647 648
165 166
676 677
1149 1148
825 824
576 577
726 725
1190 1189
1155 1156
1071 1070
476 477
1025 1024
364 365
363 364
82 81
1040 1039
141 140
897 898
382 383
96 95
517 518
1187 1186
613 612
451 452
387 388
1176 1177
100 101
50 51
1185 1184
691 692
241 242
167 168
482 481
350 349
922 921
26 27
389 388
408 407
763 764
993 994
686 685
608 607
295 296
333 332
1163 1164
999 1000
604 603
773 774
521 522
1095 1096
143 144
507 506
585 586
69 70
899 900
743 742
51 52
433 432
1070 1069
851 852
52 53
867 868
162 161
102 103
920 919
530 529
961 960
1186 1185
868 869
503 504
801 802
747 748
1192 1193
904 903
92 93
184 185
1149 1150
333 334
697 696
914 913
299 298
484 483
600 599
797 798
847 848
1093 1094
583 582
1100 1099
604 605
663 662
934 935
330 329
791 792
87 86
1110 1109
1165 1166
521 520
169 168
321 322
93 94
654 653
367 366
172 173
48 49
1062 1061
817 816
694 693
706 705
528 527
570 571
812 811
569 568
448 449
970 971
549 548
567 566
221 220
588 587
947 948
120 119
490 489
174 173
154 153
778 779
269 268
603 602
421 422
463 464
559 560
1101 1100
219 218
895 896
922 923
957 958
13 12
107 108
610 609
624 625
240 241
498 497
1019 1018
889 888
1114 1113
1193 1194
621 622
1113 1112
755 756
285 286
157 156
703 702
413 414
412 411
276 277
1039 1038
176 175
954 955
611 610
1059 1060
552 551
716 717
1010 1011
1088 1089
879 878
592 591
362 361
594 595
855 854
742 741
1124 1123
35 36
512 511
342 341
613 614
390 391
200 201
520 519
821 822
814 813
532 531
190 189
893 894
420 421
834 833
348 347
1130 1131
1020 1019
1042 1043
635 634
324 325
297 296
352 353
1076 1077
998 999
310 309
484 485
846 847
640 641
746 747
68 67
722 723
262 263
1016 1015
137 138
1028 1027
779 780
631 630
737 738
675 676
380 379
208 209
987 988
128 129
630 629
616 617
863 864
73 72
880 879
412 413
689 688
1187 1188
195 196
1128 1129
65 64
402 401
1031 1032
105 104
258 259
684 683
291 292
528 529
24 25
793 792
1098 1097
815 814
313 314
19 20
1031 1030
1173 1172
731 730
391 392
1062 1063
758 759
871 870
516 517
85 86
666 665
404 405
214 215
933 934
133 134
803 802
901 900
622 623
239 240
178 177
78 77
882 883
590 591
8 9
781 780
1065 1066
668 667
745 746
940 941
803 804
407 406
445 444
115 116
910 909
53 54
183 182
187 188
838 837
327 328
171 170
152 153
223 224
509 508
833 832
827 826
572 573
1107 1108
403 402
976 975
60 59
1154 1153
838 839
976 977
894 895
516 515
441 442
1056 1055
283 282
580 579
852 853
507 508
679 678
651 650
1057 1058
760 759
539 540
593 594
219 220
292 293
358 357
281 280
830 831
197 198
1053 1052
271 272
641 642
338 339
258 257
1106 1107
638 637
1192 1191
668 669
76 77
1171 1172
78 79
467 468
845 846
283 284
1045 1046
985 986
809 810
887 888
621 620
1012 1013
149 148
360 359
626 625
356 357
952 951
109 110
177 176
146 145
451 450
757 758
492 491
946 945
677 678
977 978
980 979
436 435
90 91
901 902
483 482
359 358
581 580
538 539
7 8
317 318
524 523
673 674
806 807
817 818
633 632
815 816
98 97
202 201
561 562
809 808
936 937
784 785
510 509
1197 1198
284 285
378 377
820 821
122 123
42 41
745 744
470 471
1196 1197
737 736
979 978
1085 1084
876 875
891 892
1009 1008
442 443
503 502
396 395
458 457
13 14
1003 1004
365 366
335 336
887 886
148 147
555 556
210 211
752 751
915 916
487 488
335 334
857 856
107 106
1160 1161
267 268
744 743
1152 1153
203 204
249 250
332 331
453 452
950 951
700 699
929 928
543 542
1026 1027
456 455
972 973
740 741
925 924
233 232
253 252
944 945
393 392
326 325
1020 1021
469 470
367 368
23 22
757 756
732 731
993 992
965 966
323 324
1014 1015
40 39
652 653
748 749
1191 1190
1095 1094
1157 1158
1183 1182
557 558
373 372
928 927
489 488
750 751
589 588
129 130
276 275
222 221
670 671
343 342
264 263
876 877
534 533
418 419
23 24
479 480
753 754
1013 1014
843 842
796 795
878 877
443 444
500 501
504 505
590 589
775 774
160 161
537 536
290 289
1044 1045
1154 1155
251 250
684 685
1161 1162
709 710
874 873
300 299
717 718
1168 1167
48 47
674 675
499 498
226 227
1129 1130
551 550
655 654
739 738
75 76
327 326
313 312
340 341
1035 1034
405 406
485 486
514 515
923 924
835 836
1012 1011
805 806
1139 1140
714 715
490 491
345 346
563 564
1006 1005
69 68
459 460
907 908
1079 1080
807 808
354 355
200 199
28 27
646 645
135 136
1180 1179
37 38
643 642
427 428
304 305
837 836
672 673
310 311
740 739
395 394
1195 1196
986 987
134 135
1137 1138
371 372
547 548
883 884
1074 1073
282 281
544 543
303 302
513 514
315 316
540 541
640 639
554 553
536 535
4 5
165 164
1091 1092
210 209
500 499
245 244
494 493
1133 1132
274 275
718 719
549 550
687 686
1194 1195
1158 1159
397 398
936 935
319 318
1083 1084
1098 1099
1105 1106
1171 1170
1075 1076
304 303
1121 1120
193 192
16 17
768 769
911 912
380 381
643 644
1139 1138
411 410
312 311
724 725
1131 1132
199 198
926 927
1064 1065
71 70
858 857
1128 1127
669 670
1125 1124
17 18
597 596
893 892
459 458
649 650
959 960
127 128
634 633
1068 1069
636 637
873 872
989 990
789 790
1125 1126
1127 1126
582 581
1142 1143
964 965
260 259
991 992
711 712
