300
400
112 111
292 291
13 12
70 71
211 210
144 143
19 18
295 294
166 165
352 351
116 117
324 323
362 363
3 4
76 77
283 282
61 60
377 376
154 155
118 117
145 144
330 331
59 58
135 134
365 364
193 194
28 29
277 276
105 106
214 215
353 354
97 98
274 275
290 289
398 397
115 116
343 342
328 327
202 203
282 281
67 68
228 229
379 378
81 80
261 260
177 178
108 107
2 1
330 329
271 272
184 183
167 166
165 164
45 44
393 392
203 204
50 51
106 107
150 151
320 319
389 388
390 391
143 142
238 239
54 55
356 355
9 10
34 35
169 170
387 386
26 27
313 312
197 198
32 33
84 83
213 214
248 249
360 359
256 257
288 289
24 25
123 124
346 347
21 20
128 127
45 46
121 122
132 133
333 334
3 2
240 239
265 266
377 378
220 219
158 159
7 6
227 226
195 194
156 157
180 181
267 266
234 233
181 182
333 332
341 340
252 253
396 397
339 340
224 225
114 115
94 93
49 50
63 62
128 129
191 192
69 68
265 264
126 125
357 356
244 245
394 393
161 160
75 76
339 338
153 152
367 366
202 201
336 335
299 298
311 310
303 302
127 126
307 306
205 206
189 188
52 51
369 370
285 284
245 246
172 171
119 120
206 207
182 183
155 156
48 47
14 13
101 100
237 238
242 241
149 148
235 234
173 174
268 267
33 34
211 212
163 162
157 158
179 180
223 222
79 80
86 87
137 136
147 146
358 357
399 398
30 29
278 277
42 43
39 38
16 15
23 24
30 31
35 36
186 187
251 252
38 37
321 322
269 270
196 197
384 383
65 66
236 237
347 348
243 244
218 219
337 336
122 123
96 95
279 280
273 274
209 208
124 125
152 151
296 295
98 99
210 209
72 71
85 86
187 188
7 8
225 226
11 10
62 61
176 177
163 164
129 130
130 131
88 89
139 138
291 290
262 263
27 28
242 243
281 280
247 246
140 139
74 73
46 47
360 361
328 329
394 395
374 375
306 305
84 85
161 162
199 200
104 105
368 369
77 78
75 74
169 168
293 292
217 216
220 221
120 121
258 257
199 198
186 185
223 224
175 176
366 365
216 215
114 113
208 207
264 263
48 49
349 348
113 112
150 149
309 310
341 342
101 102
132 131
325 324
314 313
293 294
36 37
307 308
59 60
355 354
43 44
92 93
320 321
332 331
273 272
9 8
136 135
316 317
254 255
375 376
386 385
96 97
371 372
15 14
184 185
137 138
314 315
309 308
240 241
260 259
322 323
58 57
229 230
148 147
319 318
259 258
103 104
119 118
69 70
236 235
53 52
108 109
351 350
349 350
344 345
90 89
91 90
367 368
110 111
190 191
335 334
4 5
396 395
268 269
271 270
248 247
154 153
174 175
276 275
25 26
16 17
391 392
285 286
361 362
372 373
83 82
66 67
300 301
134 133
100 99
304 305
141 140
40 41
56 57
22 21
56 55
316 315
262 261
286 287
382 383
358 359
249 250
363 364
63 64
205 204
221 222
296 297
390 389
12 11
343 344
230 231
73 72
370 371
379 380
39 40
79 78
337 338
218 217
299 300
91 92
103 102
170 171
31 32
298 297
284 283
64 65
54 53
42 41
232 233
304 303
20 19
385 384
195 196
352 353
256 255
193 192
201 200
81 82
302 301
142 141
325 326
288 287
190 189
388 387
345 346
167 168
6 5
228 227
317 318
160 159
326 327
88 87
399 400
110 109
232 231
311 312
95 94
173 172
382 381
250 251
179 178
18 17
381 380
279 278
22 23
374 373
254 253
212 213
145 146
400
87 88
110 109
86 85
62 63
217 216
269 270
137 138
297 296
279 278
195 196
186 187
163 164
322 323
293 292
385 386
245 246
273 274
251 250
170 169
3 2
258 257
192 193
209 208
349 350
247 246
187 188
140 139
61 62
125 126
323 324
115 116
97 96
35 36
28 29
166 167
182 183
35 34
139 138
7 6
52 51
381 382
102 103
352 353
252 251
227 228
76 77
153 152
12 13
194 195
338 337
189 190
99 100
21 22
153 154
16 15
364 363
239 238
31 30
114 115
112 113
183 184
137 136
373 374
296 295
14 15
5 6
117 116
172 173
350 351
114 113
84 85
297 298
105 106
72 73
318 319
279 280
121 120
184 185
289 288
265 266
241 240
19 20
212 211
200 201
192 191
125 124
310 311
39 40
351 352
374 375
229 228
127 126
249 250
220 219
247 248
20 21
54 55
226 227
301 300
90 89
142 143
145 144
44 45
393 392
379 380
338 339
382 383
65 66
19 18
371 372
379 378
367 366
57 56
238 237
111 110
344 345
273 272
70 71
313 312
298 299
53 52
348 347
39 38
254 253
43 42
202 203
66 67
328 329
142 141
171 172
321 320
25 26
135 136
370 371
262 263
87 86
163 162
221 222
256 257
64 65
144 143
13 14
325 326
59 60
128 129
164 165
214 213
151 150
4 5
303 302
134 135
232 233
11 10
365 366
11 12
123 124
186 185
202 201
356 355
381 380
244 243
245 244
285 286
178 179
50 49
315 316
4 3
8 7
224 223
41 42
255 256
105 104
206 207
204 205
275 276
94 93
141 140
88 89
48 47
267 268
81 82
93 92
130 131
176 175
391 392
225 224
176 177
74 73
222 223
339 340
391 390
90 91
282 281
70 69
157 156
295 294
196 197
322 321
370 369
132 133
72 71
259 258
287 288
197 198
376 377
333 334
372 373
174 175
58 57
365 364
173 174
150 149
118 117
283 282
171 170
181 182
17 16
188 189
314 315
17 18
120 119
32 31
146 145
41 40
181 180
215 216
277 276
336 337
395 396
94 95
156 155
8 9
299 300
348 349
10 9
376 375
304 303
30 29
122 123
129 130
215 214
309 308
346 347
265 264
331 330
301 302
207 208
97 98
255 254
342 343
290 289
253 252
103 104
319 320
26 27
148 149
76 75
345 346
38 37
161 162
327 326
267 266
131 132
399 400
248 249
36 37
83 84
46 45
212 213
33 34
239 240
50 51
1 2
336 335
22 23
360 359
236 237
313 314
95 96
311 312
385 384
286 287
270 271
231 232
99 98
199 198
107 106
161 160
191 190
109 108
378 377
342 341
218 217
383 384
333 332
261 262
354 353
241 242
67 68
260 259
158 157
394 393
357 358
235 234
44 43
82 83
47 46
361 362
152 151
280 281
368 367
56 55
147 146
148 147
127 128
307 308
310 309
343 344
263 264
359 358
100 101
63 64
210 211
111 112
210 209
118 119
134 133
329 330
335 334
325 324
368 369
107 108
388 387
78 77
32 33
229 230
340 341
165 166
28 27
91 92
24 23
199 200
179 180
102 101
356 357
307 306
277 278
354 355
397 398
362 363
204 203
54 53
387 386
218 219
205 206
177 178
59 58
221 220
284 283
122 121
305 304
242 243
388 389
75 74
48 49
69 68
271 272
316 317
78 79
155 154
291 290
193 194
235 236
261 260
390 389
226 225
80 79
268 269
167 168
160 159
169 168
327 328
159 158
317 318
395 394
361 360
294 293
81 80
234 233
61 60
274 275
397 396
331 332
399 398
25 24
292 291
305 306
231 230
284 285
400
119 120
272 273
100 99
312 311
235 236
140 141
385 384
345 346
15 14
108 109
319 318
263 264
285 286
274 273
83 82
44 45
170 169
15 16
93 92
237 236
321 320
53 54
142 143
208 207
311 310
69 70
286 287
178 179
285 284
106 107
202 203
119 118
309 308
278 277
378 377
122 123
111 112
353 352
232 231
303 304
212 211
177 176
220 219
152 153
224 225
266 265
393 392
317 318
135 136
130 129
211 210
258 259
376 377
56 57
242 243
239 240
323 324
342 341
202 201
134 135
233 232
387 386
221 222
134 133
191 190
299 300
11 10
100 101
118 117
238 237
27 26
61 60
385 386
117 116
41 42
289 288
72 73
47 48
367 368
292 291
255 256
90 91
323 322
361 360
368 369
302 303
8 9
283 282
60 59
181 182
336 337
391 390
148 149
61 62
128 127
52 53
97 96
10 9
103 102
201 200
136 137
336 335
239 238
25 24
297 298
338 339
175 174
214 213
263 262
396 397
197 196
313 314
84 85
58 57
209 210
12 11
194 193
110 109
106 105
124 123
270 269
150 151
276 275
121 122
335 334
301 300
81 82
381 382
21 22
387 388
298 299
209 208
102 101
257 256
183 182
244 245
70 71
352 351
349 350
144 143
1 2
241 242
399 400
108 107
167 166
364 365
125 124
6 5
391 392
78 77
261 260
50 51
36 35
354 353
130 131
265 264
8 7
329 328
375 376
365 366
203 204
192 193
86 87
186 187
162 163
259 260
196 195
223 222
125 126
327 328
56 55
3 4
146 147
176 175
363 364
40 41
350 351
219 218
141 142
98 97
340 339
309 310
32 31
322 321
173 174
324 325
37 38
114 115
17 18
269 268
343 344
33 32
340 341
21 20
132 131
189 188
235 234
234 233
83 84
227 228
213 212
33 34
166 165
85 86
153 154
277 276
65 64
35 34
362 361
205 206
290 291
88 87
359 358
36 37
198 199
12 13
345 344
205 204
80 79
342 343
280 279
274 275
149 150
165 164
356 355
43 44
17 16
254 253
294 293
89 90
307 308
5 4
315 316
63 62
54 55
367 366
164 163
378 379
93 94
178 177
188 187
192 191
20 19
173 172
332 333
395 396
68 69
183 184
155 156
65 66
383 382
198 197
326 327
75 76
267 266
25 26
314 315
148 147
397 398
331 332
395 394
160 159
49 50
151 152
39 38
331 330
98 99
139 138
374 375
338 337
373 372
248 249
96 95
29 30
156 157
257 258
195 194
23 22
190 189
250 249
388 389
216 215
180 179
28 27
326 325
72 71
254 255
2 3
253 252
92 91
372 371
145 144
333 334
171 172
104 105
128 129
369 370
348 349
293 292
246 245
158 159
221 220
316 317
200 199
247 248
218 217
18 19
81 80
77 76
68 67
138 137
225 226
399 398
185 184
295 294
127 126
302 301
295 296
113 114
207 206
374 373
289 290
168 169
305 306
162 161
357 356
394 393
354 355
228 229
217 216
243 244
261 262
185 186
168 167
271 272
52 51
40 39
24 23
247 246
380 379
89 88
104 103
313 312
42 43
268 267
227 226
48 49
47 46
280 281
180 181
58 59
380 381
161 160
67 66
7 6
28 29
215 214
283 284
307 306
113 112
157 158
74 73
329 330
31 30
155 154
75 74
389 390
240 241
384 383
94 95
45 46
296 297
121 120
319 320
271 270
252 251
347 348
359 360
78 79
13 14
231 230
140 139
64 63
346 347
116 115
132 133
230 229
371 370
358 357
251 250
279 278
304 305
282 281
145 146
111 110
170 171
287 288
223 224
363 362
400
285 286
276 275
162 163
251 250
332 333
365 364
36 35
90 91
252 251
208 207
38 39
111 110
295 296
103 104
100 101
23 22
67 66
237 236
113 112
82 81
224 223
73 74
140 141
331 330
143 144
176 175
393 392
338 339
112 111
154 155
237 238
367 366
11 12
185 184
178 177
363 362
138 139
180 179
142 143
188 189
209 208
309 310
155 156
67 68
90 89
162 161
225 224
351 350
313 312
61 60
315 316
264 263
19 18
326 325
212 213
195 196
307 306
25 26
400 399
171 170
227 226
39 40
37 36
332 331
42 41
200 199
34 33
345 346
13 12
83 82
282 281
384 383
176 177
85 86
336 335
279 280
391 392
9 8
362 361
144 145
41 40
45 46
121 120
387 386
215 216
246 247
210 209
232 233
335 334
375 374
307 308
196 197
96 95
262 261
126 127
65 64
273 272
326 327
373 374
27 28
242 243
15 16
327 328
275 274
358 357
105 106
184 183
101 102
137 138
69 68
133 132
119 118
189 190
79 78
215 214
20 19
131 132
195 194
182 183
278 277
258 259
3 2
296 297
6 7
343 342
84 83
24 25
340 341
346 347
234 233
93 92
239 240
304 305
87 88
151 152
198 199
141 142
222 223
146 145
221 220
152 153
15 14
369 368
325 324
382 383
352 353
377 376
261 260
93 94
129 130
14 13
192 191
87 86
47 48
123 124
116 115
206 207
289 288
300 301
355 356
140 139
353 354
66 65
117 118
9 10
57 58
53 52
342 341
48 49
386 385
340 339
114 113
280 281
337 338
166 167
32 31
334 333
128 129
186 185
278 279
287 288
42 43
11 10
228 229
97 96
181 182
156 157
270 269
241 240
367 368
70 71
128 127
4 3
390 391
204 203
50 51
287 286
191 190
276 277
28 29
388 389
76 75
232 231
72 71
299 300
265 266
355 354
168 169
263 262
292 291
220 219
257 258
72 73
126 125
98 97
6 5
108 107
57 56
399 398
295 294
305 306
396 397
366 365
69 70
390 389
337 336
360 361
115 114
122 123
324 323
164 163
352 351
360 359
137 136
50 49
393 394
283 284
249 248
35 34
268 269
55 54
297 298
256 257
245 244
158 159
192 193
2 1
247 248
53 54
99 98
20 21
134 133
164 165
149 148
381 380
289 290
291 290
221 222
234 235
44 45
387 388
238 239
370 371
122 121
167 168
26 27
55 56
321 320
301 302
78 77
267 266
205 204
293 294
379 380
256 255
17 16
181 180
147 146
120 119
330 329
198 197
135 136
323 322
116 117
43 44
92 91
22 21
100 99
173 174
384 385
267 268
321 322
171 172
172 173
308 309
303 302
231 230
226 225
174 175
255 254
312 311
201 202
311 310
124 125
299 298
357 356
228 227
314 313
52 51
211 210
62 61
217 216
372 373
84 85
316 317
245 246
319 320
62 63
58 59
178 179
95 94
188 187
103 102
149 150
59 60
4 5
348 347
319 318
213 214
235 236
315 314
31 30
203 202
160 159
109 110
64 63
148 147
363 364
285 284
89 88
271 272
108 109
24 23
211 212
372 371
229 230
170 169
264 265
158 157
344 345
253 252
8 7
76 77
344 343
242 241
150 151
259 260
18 17
37 38
348 349
303 304
193 194
249 250
46 47
74 75
166 165
153 154
375 376
201 200
130 131
253 254
358 359
379 378
218 219
398 397
329 328
80 79
271 270
318 317
81 80
381 382
206 205
33 32
282 283
217 218
378 377
187 186
370 369
293 292
243 244
273 274
134 135
105 104
107 106
396 395
394 395
160 161
29 30
350 349
3
1 2
2 3
3
2 3
2 1
2
1 2
1
3
3 2
1 2
4
3 4
2 1
3 2
3
2 3
1 2
2
2 1
4
2 3
3 4
1 2
5
2 1
4 5
3 4
3 2
5
3 2
4 5
1 2
3 4
1
4
1 2
3 4
2 3
2
2 1
1
5
4 5
2 1
3 2
3 4
2
2 1
3
1 2
2 3
1
5
3 2
2 1
4 5
4 3
3
2 3
1 2
5
3 2
2 1
4 5
3 4
1
3
3 2
1 2
2
2 1
5
2 1
4 5
3 4
3 2
5
3 2
4 5
1 2
4 3
5
4 5
3 2
1 2
3 4
1
3
1 2
2 3
4
4 3
2 1
3 2
2
1 2
3
2 3
2 1
4
1 2
3 2
3 4
1
6
1 2
4 3
5 6
3 2
4 5
3
1 2
2 3
2
2 1
4
1 2
3 2
3 4
3
1 2
2 3
1
4
1 2
3 4
2 3
5
3 4
2 1
5 4
2 3
6
5 6
4 5
2 3
2 1
3 4
4
2 1
4 3
3 2
4
3 2
1 2
4 3
2
1 2
4
3 2
1 2
3 4
6
4 5
3 2
5 6
3 4
1 2
2
2 1
7
4 3
4 5
2 3
7 6
2 1
6 5
3
2 1
2 3
2
1 2
1
2
1 2
8
5 4
4 3
7 6
7 8
2 1
2 3
6 5
2
1 2
3
2 1
3 2
5
1 2
4 3
2 3
5 4
2
2 1
5
5 4
3 4
3 2
2 1
3
2 1
3 2
6
5 6
3 2
5 4
4 3
2 1
1
2
2 1
3
2 3
2 1
1
3
2 1
2 3
5
5 4
1 2
3 4
3 2
6
4 3
6 5
1 2
5 4
3 2
1
3
2 3
2 1
2
1 2
2
1 2
2
2 1
7
7 6
3 4
5 4
2 1
2 3
5 6
5
5 4
2 1
3 4
3 2
4
4 3
2 3
2 1
5
2 3
1 2
4 3
5 4
3
3 2
2 1
2
2 1
4
2 3
3 4
1 2
5
4 5
2 3
2 1
3 4
2
1 2
4
2 1
3 2
3 4
4
4 3
2 3
2 1
4
2 1
3 2
4 3
4
1 2
2 3
4 3
2
2 1
1
3
1 2
2 3
1
2
2 1
1
4
3 4
2 3
2 1
2
2 1
2
1 2
3
2 1
2 3
6
5 4
6 5
4 3
1 2
2 3
2
2 1
4
2 1
4 3
2 3
2
1 2
5
4 5
4 3
2 1
3 2
3
1 2
3 2
7
6 5
2 3
4 3
4 5
6 7
1 2
8
7 8
6 5
4 5
2 1
3 4
3 2
7 6
2
2 1
3
3 2
2 1
3
3 2
2 1
3
2 1
3 2
4
2 1
3 2
3 4
5
5 4
4 3
2 1
3 2
2
2 1
3
2 3
2 1
4
1 2
3 4
3 2
2
2 1
3
3 2
2 1
4
2 3
1 2
3 4
4
1 2
3 4
3 2
6
2 3
4 3
5 4
6 5
2 1
4
4 3
2 1
2 3
2
2 1
2
1 2
4
3 4
2 3
2 1
3
2 1
2 3
4
2 1
3 4
3 2
5
2 3
4 3
1 2
4 5
4
2 3
2 1
4 3
1
2
2 1
4
3 4
2 1
3 2
1
7
2 3
7 6
4 3
6 5
4 5
1 2
3
1 2
2 3
4
2 1
2 3
4 3
2
1 2
4
2 1
2 3
4 3
6
4 3
2 3
1 2
5 6
5 4
1
5
1 2
5 4
3 4
3 2
6
6 5
5 4
3 4
3 2
2 1
2
2 1
2
1 2
5
4 3
5 4
2 3
1 2
1
3
2 3
2 1
3
2 1
2 3
4
4 3
1 2
2 3
2
2 1
1
3
2 1
2 3
5
1 2
5 4
3 4
2 3
3
2 3
1 2
2
1 2
5
3 4
4 5
3 2
2 1
2
1 2
4
2 1
3 2
3 4
6
4 5
2 3
2 1
4 3
6 5
1
5
3 4
3 2
5 4
2 1
6
4 5
3 4
5 6
1 2
2 3
7
2 1
6 5
5 4
7 6
2 3
3 4
5
1 2
2 3
4 3
4 5
3
3 2
2 1
3
2 3
2 1
3
3 2
1 2
3
1 2
2 3
3
3 2
2 1
5
1 2
3 2
3 4
4 5
1
3
2 3
1 2
2
1 2
4
3 2
3 4
2 1
6
4 5
6 5
2 1
2 3
3 4
3
2 1
3 2
4
3 2
1 2
3 4
2
1 2
3
2 3
1 2
2
1 2
3
2 1
3 2
4
3 4
2 3
1 2
2
1 2
7
3 4
4 5
6 7
6 5
2 1
2 3
5
1 2
3 4
4 5
2 3
4
4 3
2 3
2 1
4
2 3
4 3
2 1
5
1 2
4 5
3 2
3 4
2
1 2
2
1 2
5
4 5
1 2
3 4
2 3
3
3 2
1 2
3
1 2
3 2
7
3 4
6 5
3 2
4 5
1 2
7 6
5
1 2
3 2
4 3
4 5
5
3 4
4 5
3 2
1 2
3
2 1
3 2
3
2 1
3 2
4
2 1
3 2
3 4
4
1 2
4 3
3 2
3
1 2
2 3
7
2 3
2 1
3 4
5 6
6 7
4 5
3
2 3
1 2
2
2 1
6
5 6
2 1
4 3
3 2
4 5
4
4 3
2 3
2 1
3
2 1
3 2
6
4 5
2 1
2 3
4 3
5 6
2
2 1
4
3 2
4 3
2 1
3
2 1
3 2
2
2 1
3
2 1
3 2
2
2 1
4
4 3
3 2
1 2
2
2 1
1
5
5 4
2 3
1 2
3 4
3
2 1
2 3
4
3 4
2 3
1 2
2
1 2
3
3 2
2 1
5
3 2
4 5
1 2
3 4
2
1 2
2
2 1
2
1 2
2
2 1
5
5 4
3 4
1 2
2 3
3
2 3
2 1
5
2 3
4 5
4 3
1 2
5
1 2
4 5
4 3
2 3
2
1 2
4
4 3
2 3
2 1
2
2 1
3
2 1
3 2
3
2 3
2 1
4
1 2
2 3
4 3
2
1 2
2
2 1
3
2 1
3 2
2
2 1
2
2 1
4
1 2
4 3
2 3
6
1 2
5 4
2 3
4 3
6 5
2
2 1
4
2 3
2 1
3 4
2
1 2
2
1 2
4
2 1
3 4
2 3
4
1 2
3 4
2 3
3
2 1
2 3
5
2 3
1 2
4 3
5 4
1
5
5 4
1 2
4 3
3 2
4
1 2
2 3
4 3
2
1 2
4
2 1
3 2
4 3
4
1 2
4 3
3 2
3
2 3
1 2
4
4 3
3 2
2 1
2
1 2
4
2 3
1 2
4 3
3
1 2
3 2
4
2 1
3 2
3 4
3
3 2
2 1
3
2 3
1 2
2
1 2
3
2 3
2 1
5
1 2
3 4
2 3
5 4
6
4 5
3 4
1 2
3 2
5 6
3
3 2
1 2
2
2 1
3
3 2
2 1
4
3 2
3 4
2 1
2
2 1
2
1 2
3
2 3
2 1
2
1 2
2
2 1
4
4 3
3 2
1 2
4
2 1
3 2
3 4
5
1 2
3 2
5 4
3 4
2
2 1
4
1 2
3 4
2 3
5
4 5
3 2
4 3
2 1
3
2 3
1 2
6
5 6
2 3
4 3
1 2
5 4
8
4 3
3 2
2 1
7 8
5 6
6 7
5 4
5
3 2
4 5
1 2
3 4
2
1 2
1
2
1 2
5
3 2
2 1
4 3
5 4
3
2 1
2 3
4
4 3
1 2
2 3
1200
619 620
54 53
279 280
871 872
917 916
315 316
586 585
926 927
1193 1192
1104 1105
767 766
298 297
316 317
1022 1021
972 971
393 392
218 219
980 979
671 670
286 287
493 492
591 592
17 16
322 321
484 483
741 742
725 724
195 194
431 430
406 407
7 6
864 865
801 802
982 983
619 618
955 956
797 796
364 365
953 952
1114 1115
1029 1028
74 73
897 898
736 737
26 27
899 900
294 293
916 915
1168 1169
160 159
715 716
990 991
846 845
816 817
1035 1036
154 153
1189 1188
34 35
341 340
654 653
511 510
928 927
1044 1045
964 965
400 401
793 792
958 957
349 350
399 400
726 727
631 630
174 175
1067 1068
989 990
1154 1153
20 19
959 958
633 632
93 92
1092 1093
162 163
862 863
5 4
908 909
841 840
10 11
788 789
582 583
646 647
267 268
227 228
285 286
985 986
238 239
559 560
191 190
443 444
996 997
930 931
782 781
262 261
988 987
132 133
957 956
894 895
176 177
728 727
323 322
553 552
554 555
920 921
595 596
977 976
427 426
115 114
474 475
425 426
1071 1072
712 711
255 254
448 447
476 477
1099 1098
309 310
382 381
1 2
288 289
733 734
876 875
616 615
882 883
901 902
86 85
1121 1120
365 366
1096 1095
670 669
721 722
272 271
509 508
595 594
206 207
233 234
1101 1102
569 570
251 252
661 660
606 607
119 118
887 886
154 155
776 775
378 379
484 485
334 335
1141 1140
187 186
68 67
909 910
759 760
1091 1090
407 408
828 827
592 593
685 686
17 18
1061 1062
165 166
974 973
709 710
346 347
1053 1054
180 179
723 722
934 933
854 853
967 968
815 814
204 205
970 971
46 45
516 515
63 64
570 571
1194 1193
803 802
455 456
929 928
462 461
37 38
829 830
311 312
653 652
993 994
481 480
1131 1132
225 224
388 389
433 434
1062 1063
1098 1097
825 824
982 981
1074 1073
520 521
851 850
206 205
474 473
188 187
638 639
384 383
664 663
840 839
413 414
32 33
779 778
992 991
220 221
246 245
1140 1139
1101 1100
1137 1136
579 580
1058 1057
50 51
942 943
236 237
1050 1049
694 693
892 891
658 659
212 211
1014 1015
506 507
240 241
348 347
1081 1082
302 303
9 8
479 480
779 780
76 75
494 495
161 162
1109 1108
16 15
1031 1032
881 880
783 784
1077 1078
29 28
944 945
1149 1150
79 78
191 192
1008 1009
562 563
457 458
1161 1162
831 830
1055 1056
765 764
43 42
339 338
491 492
795 796
1144 1143
644 643
439 440
276 277
575 576
420 419
382 383
761 760
848 849
859 860
381 380
547 546
789 790
386 385
644 645
98 97
410 411
359 360
1172 1171
1138 1139
1065 1064
467 468
705 704
171 172
181 182
458 459
408 409
438 437
450 449
1073 1072
863 864
938 937
1168 1167
101 100
1112 1113
584 585
463 462
248 249
1079 1080
363 364
122 121
76 77
72 73
281 280
858 859
746 747
354 353
1189 1190
933 932
914 913
1005 1004
96 95
823 824
512 511
504 505
836 837
544 545
885 884
239 240
79 80
1175 1174
882 881
311 310
807 806
854 855
158 159
68 69
243 244
1047 1046
1016 1015
596 597
80 81
255 256
538 537
210 211
320 321
284 285
810 811
629 628
56 57
683 684
150 149
369 370
720 719
758 757
816 815
134 135
647 648
691 690
452 451
303 304
660 659
96 97
197 198
236 235
896 895
129 128
613 614
43 44
712 713
821 822
766 765
568 567
701 702
11 12
468 469
1164 1163
435 434
103 102
999 998
378 377
917 918
947 946
331 332
705 706
862 861
673 672
1016 1017
1117 1118
261 260
221 222
1195 1194
144 145
24 23
517 518
1068 1069
231 230
678 677
199 200
880 879
639 640
422 421
399 398
984 985
1069 1070
356 357
1103 1102
609 610
3 2
743 742
798 799
907 906
460 461
548 549
1036 1037
369 368
857 858
890 891
14 15
874 875
751 750
995 996
980 981
157 158
223 224
1038 1039
970 969
297 296
572 573
5 6
978 977
643 642
897 896
874 873
330 331
229 230
826 825
1099 1100
532 533
768 767
883 884
247 246
1031 1030
1043 1042
472 471
791 792
131 130
361 362
953 954
283 282
1000 999
155 156
463 464
1026 1025
258 257
609 608
856 857
733 732
520 519
724 723
23 22
1142 1141
421 420
611 610
911 912
718 719
1118 1119
446 447
67 66
1167 1166
300 301
691 692
450 451
127 128
616 617
258 259
687 686
170 171
72 71
1083 1084
790 791
842 843
1153 1152
1158 1157
135 136
31 30
366 367
1049 1048
1195 1196
1179 1180
243 242
345 346
559 558
772 771
444 445
587 588
761 762
741 740
764 763
395 396
417 418
262 263
439 438
226 225
92 91
31 32
478 479
1108 1107
497 496
294 295
893 892
179 178
227 226
856 855
1148 1147
1093 1094
678 679
411 412
290 291
488 487
46 47
352 353
1050 1051
807 808
442 443
732 731
1176 1175
305 304
373 372
320 319
536 537
1170 1171
386 387
624 625
486 487
1089 1090
482 481
744 743
259 260
994 995
491 490
626 627
138 139
657 656
436 435
57 58
544 543
1197 1198
809 810
538 539
938 939
1076 1075
671 672
358 357
737 738
394 393
1042 1041
401 402
207 208
1163 1162
601 602
1152 1151
251 250
1106 1105
325 324
177 178
581 582
75 74
769 768
506 505
232 233
514 513
123 122
385 384
621 620
34 33
193 192
105 104
514 515
699 700
676 675
40 39
313 314
103 104
204 203
759 758
27 28
1177 1176
782 783
116 115
1159 1158
635 634
1130 1131
755 754
536 535
167 168
677 676
627 628
332 333
542 541
131 132
55 56
95 94
350 351
327 328
800 799
129 130
371 372
813 814
457 456
209 208
707 708
14 13
40 41
832 831
976 975
216 217
605 606
424 423
319 318
707 706
593 594
1014 1013
69 70
805 806
390 389
476 475
98 99
1087 1088
431 432
692 693
418 419
203 202
64 65
930 929
216 215
356 355
264 263
90 91
566 567
22 21
142 141
778 777
1127 1128
837 838
711 710
1123 1124
283 284
1196 1197
861 860
200 201
545 546
752 753
788 787
833 832
924 923
936 935
752 751
174 173
729 728
327 326
534 535
549 550
490 489
323 324
1155 1156
215 214
565 566
868 869
376 375
878 877
770 769
416 415
169 168
424 425
1012 1013
1184 1183
1010 1009
922 921
1180 1181
1095 1094
662 661
518 519
1019 1020
498 497
1006 1007
102 101
805 804
697 696
726 725
1199 1198
292 291
865 866
847 848
501 500
466 465
553 554
84 85
1070 1071
839 838
673 674
623 624
649 648
146 147
110 111
564 565
117 116
835 836
309 308
459 460
65 66
827 826
81 82
785 784
948 947
968 969
329 330
1086 1085
695 696
295 296
213 212
531 530
1178 1179
183 184
360 361
415 414
148 147
641 640
49 50
328 329
376 377
911 910
717 718
38 39
112 113
413 412
1110 1111
602 603
214 213
273 274
1126 1125
268 269
793 794
888 889
317 318
83 84
987 986
406 405
341 342
157 156
756 755
1034 1035
989 988
529 530
574 575
477 478
588 589
900 901
1008 1007
146 145
60 59
1121 1122
534 533
409 410
1160 1159
735 736
1188 1187
621 622
169 170
510 509
564 563
1184 1185
590 591
1114 1113
436 437
834 833
762 763
1020 1021
202 201
1059 1060
58 59
935 934
598 597
914 915
946 945
617 618
189 190
560 561
777 776
800 801
867 866
172 173
1147 1146
937 936
87 86
313 312
1003 1002
334 333
1134 1133
48 49
771 770
1166 1165
1083 1082
126 127
345 344
109 110
974 975
446 445
547 548
652 651
335 336
483 482
276 275
1066 1067
232 231
1081 1080
117 118
713 714
499 498
1156 1157
942 941
608 607
500 499
680 679
186 185
1137 1138
1187 1186
100 99
822 823
10 9
62 63
266 265
887 888
149 148
599 600
997 998
667 668
631 632
965 966
1149 1148
625 626
1053 1052
1144 1145
729 730
153 152
35 36
449 448
849 850
45 44
124 123
278 277
656 655
688 687
1043 1044
1077 1076
125 124
308 307
829 828
343 344
664 665
1000 1001
238 237
527 528
1028 1027
773 772
851 852
1065 1066
52 51
886 885
184 185
1092 1091
918 919
454 455
1032 1033
242 241
485 486
527 526
143 142
30 29
973 972
1155 1154
649 650
524 523
786 785
380 379
642 641
841 842
526 525
905 906
375 374
633 634
844 843
750 749
1177 1178
572 571
808 809
923 922
1088 1089
876 877
62 61
229 228
88 89
20 21
543 542
217 218
940 941
747 748
637 638
433 432
368 367
1075 1074
42 41
682 683
1182 1181
89 90
878 879
339 340
1018 1017
674 675
845 844
250 249
197 196
821 820
963 962
557 558
604 603
314 315
650 651
472 473
944 943
7 8
690 689
754 753
701 700
513 512
54 55
920 919
136 137
454 453
612 611
714 715
1192 1191
453 452
950 949
278 279
137 138
817 818
152 151
111 112
698 697
525 524
441 442
1172 1173
623 622
601 600
1110 1109
88 87
528 529
890 889
745 746
1165 1164
662 663
108 109
397 396
820 819
1199 1200
950 951
899 898
269 270
872 873
391 390
19 18
1027 1026
562 561
893 894
163 164
504 503
646 645
797 798
270 271
470 471
961 962
818 819
1127 1126
427 428
1003 1004
666 665
1024 1025
1023 1022
569 568
496 495
740 739
189 188
489 488
717 716
904 903
811 812
1119 1120
161 160
532 531
1096 1097
4 3
12 13
106 107
71 70
1040 1039
349 348
949 948
210 209
963 964
1006 1005
387 388
658 657
550 551
52 53
107 108
48 47
1161 1160
955 954
1133 1132
1129 1128
868 867
370 371
870 869
508 507
247 248
1034 1033
220 219
614 615
395 394
306 305
960 959
429 428
1023 1024
629 630
337 338
681 682
576 577
904 905
78 77
307 306
502 503
1135 1136
787 786
134 133
925 926
612 613
1038 1037
113 114
912 913
120 121
551 552
666 667
637 636
1055 1054
557 556
694 695
403 402
599 598
61 60
1173 1174
699 698
1059 1058
1190 1191
745 744
292 293
1143 1142
1129 1130
267 266
1186 1185
391 392
979 978
195 196
540 541
813 812
1146 1145
176 175
1169 1170
961 960
274 275
299 298
756 757
1048 1047
523 522
354 355
774 773
273 272
688 689
1182 1183
194 193
198 199
352 351
1151 1150
1011 1010
939 940
636 635
180 181
300 299
804 803
584 583
739 738
521 522
871 870
150 151
984 983
164 165
668 669
735 734
337 336
1116 1115
244 245
1106 1107
166 167
467 466
852 853
140 141
423 422
82 83
1064 1063
1051 1052
342 343
580 581
907 908
143 144
654 655
1078 1079
587 586
119 120
589 590
405 404
1040 1041
139 140
555 556
1086 1087
703 702
26 25
494 493
1085 1084
502 501
924 925
265 264
749 748
721 720
403 404
605 604
222 223
235 234
37 36
1125 1124
781 780
1057 1056
578 579
1135 1134
684 685
288 287
951 952
1002 1001
1123 1122
374 373
325 326
25 24
902 903
470 469
540 539
708 709
397 398
465 464
1060 1061
429 430
183 182
847 846
281 282
1012 1011
993 992
574 573
253 252
966 967
358 359
125 126
834 835
577 578
416 417
1104 1103
93 94
795 794
253 254
289 290
256 257
1045 1046
774 775
1030 1029
681 680
1116 1117
105 106
1019 1018
704 703
302 301
731 730
931 932
440 441
1112 1111
363 362
517 516
1200
194 195
251 250
685 686
830 829
349 350
1134 1133
276 277
960 961
697 698
248 247
589 590
40 39
791 790
93 94
593 592
186 187
314 315
90 91
265 264
951 950
873 872
1122 1123
525 524
619 618
973 974
1011 1010
279 278
708 709
770 769
733 732
492 491
556 555
305 304
665 664
848 847
150 151
77 76
210 209
475 474
457 458
1183 1182
49 50
489 490
1023 1022
588 589
25 26
746 747
385 384
309 308
41 40
1045 1044
148 147
866 867
172 171
94 95
890 889
352 351
1086 1087
994 993
196 197
1128 1127
1048 1047
330 331
667 666
692 691
1063 1064
718 717
123 122
355 356
182 181
704 705
858 857
976 975
650 649
578 577
1115 1116
937 938
8 7
107 108
1092 1091
53 52
744 745
21 20
661 662
992 991
742 743
501 500
624 623
493 494
74 73
1074 1075
376 377
144 143
548 547
911 912
679 680
145 144
1021 1022
1094 1095
701 702
581 580
390 391
347 348
945 944
1170 1171
1024 1023
1114 1115
893 894
483 482
691 690
317 318
164 163
869 870
303 304
1139 1140
46 47
550 551
375 376
813 812
574 573
224 225
517 518
822 823
656 655
659 658
113 112
527 528
138 137
497 496
519 518
1117 1118
456 455
11 12
1179 1180
676 675
1078 1079
378 379
786 787
913 912
544 545
139 140
237 238
698 699
958 957
1169 1168
359 358
471 470
1076 1077
168 167
137 136
760 761
399 400
1040 1041
664 663
545 546
220 221
243 244
441 440
603 604
19 20
283 284
275 276
644 645
996 995
670 669
1057 1058
141 142
747 748
480 479
809 810
775 774
748 749
726 725
1173 1174
398 399
807 808
110 111
152 153
112 111
1033 1034
29 30
245 244
313 314
1153 1154
1100 1099
370 369
1197 1196
1018 1019
84 85
634 633
435 434
985 984
895 896
1183 1184
44 43
392 393
765 764
1107 1106
637 636
131 130
885 886
788 787
468 469
247 246
1039 1040
536 537
498 499
64 63
211 210
779 780
965 964
481 480
1193 1194
364 365
1066 1067
162 161
797 798
1052 1053
795 796
204 203
484 485
258 257
516 515
969 968
815 816
622 623
71 72
952 951
328 329
635 636
233 232
250 249
1079 1080
708 707
227 226
430 429
1101 1102
4 5
1075 1076
1013 1014
408 409
736 737
444 445
552 551
428 427
821 820
209 208
1045 1046
1112 1111
198 197
906 905
934 935
406 405
1156 1155
1047 1046
114 115
591 592
263 264
994 995
133 132
800 801
580 579
10 11
473 472
307 306
1065 1066
1174 1175
33 34
915 916
87 86
1199 1198
3 2
733 734
759 758
555 554
505 506
964 963
1017 1018
1166 1165
1143 1142
653 654
838 837
553 552
924 925
928 929
918 917
1200 1199
415 414
395 396
704 703
1014 1015
941 940
577 576
563 562
486 487
46 45
1138 1139
79 78
59 60
628 627
1061 1060
875 876
997 996
312 313
721 722
310 311
292 291
434 433
621 620
864 863
1025 1024
273 274
556 557
991 990
558 557
101 100
403 402
946 945
1133 1132
141 140
600 599
295 296
371 370
1038 1037
379 380
565 566
163 162
767 768
159 160
855 856
116 117
44 45
316 317
340 339
893 892
1172 1171
169 170
80 79
790 789
689 690
281 282
53 54
14 13
1159 1158
256 257
436 435
510 509
655 654
955 954
38 37
334 333
652 653
878 877
341 340
952 953
115 116
585 584
166 165
269 268
65 66
88 89
465 464
1069 1070
921 920
1086 1085
850 851
394 395
548 549
1089 1088
867 868
368 367
223 224
417 416
661 660
1120 1121
1173 1172
450 449
319 320
93 92
596 595
75 76
1165 1164
903 904
1104 1105
933 932
421 422
261 262
1189 1188
406 407
248 249
29 28
599 598
533 534
843 844
192 193
836 837
648 647
146 145
508 507
944 943
752 753
1052 1051
674 675
635 634
799 798
261 260
881 880
109 108
432 433
173 172
730 731
98 99
874 873
444 443
707 706
926 925
422 423
323 324
755 756
582 581
160 161
695 696
77 78
605 604
36 35
1021 1020
398 397
597 596
361 360
1192 1191
413 414
1098 1099
439 440
270 269
724 725
651 652
777 778
819 820
529 528
511 510
1156 1157
508 509
648 649
417 418
1143 1144
615 614
127 126
637 638
693 694
403 404
803 804
1035 1034
1031 1030
1119 1118
582 583
1098 1097
927 926
481 482
598 597
106 105
329 330
628 629
977 976
321 320
521 520
783 784
229 228
438 439
890 891
1073 1072
919 920
781 780
670 671
1029 1030
561 560
230 229
1144 1145
850 849
254 255
263 262
57 58
168 169
142 143
1178 1179
566 567
983 982
503 504
626 625
987 988
784 785
171 170
939 938
68 69
205 204
540 541
388 389
682 681
305 306
150 149
476 477
656 657
710 711
792 793
327 326
658 657
785 786
335 334
185 186
458 459
594 593
1135 1134
256 255
619 620
156 157
714 715
240 239
609 610
62 61
674 673
1130 1129
234 233
986 987
928 927
756 757
542 543
891 892
860 859
365 366
18 17
697 696
1093 1092
231 232
200 201
833 832
129 130
351 350
1067 1068
736 735
700 701
301 302
723 722
219 220
537 538
1123 1124
526 525
404 405
1093 1094
626 627
128 129
323 322
72 73
686 687
311 312
608 607
1160 1159
462 461
459 460
834 833
642 641
678 677
533 532
591 590
853 854
461 460
266 265
389 390
447 446
616 615
605 606
363 364
621 622
14 15
297 298
732 731
1063 1062
632 633
154 155
650 651
1195 1196
1186 1187
258 259
741 740
1170 1169
931 930
1059 1058
294 295
409 410
773 772
1084 1085
9 10
260 259
1131 1130
1064 1065
1119 1120
495 494
742 741
1072 1071
824 823
967 966
280 281
198 199
574 575
973 972
762 761
188 189
1033 1032
358 357
835 836
902 901
253 254
863 862
66 67
288 289
755 754
387 386
630 629
127 128
1110 1111
972 971
802 803
454 453
345 344
272 273
913 914
894 895
372 373
504 505
339 338
879 880
296 297
32 33
673 672
98 97
1150 1149
60 61
1091 1090
287 286
854 855
762 763
103 102
1167 1166
302 303
614 613
401 402
738 739
455 454
190 191
418 419
1055 1056
447 448
420 419
42 43
846 847
844 845
136 135
523 524
13 12
960 959
67 68
1154 1155
106 107
267 266
270 271
984 983
754 753
1176 1175
571 570
164 165
1100 1101
80 81
535 536
586 587
1188 1187
1011 1012
887 888
687 688
34 35
919 918
353 352
932 931
817 816
980 979
559 560
948 949
488 489
766 765
326 325
980 981
397 396
1008 1009
611 610
179 180
800 799
569 568
133 134
464 463
1182 1181
382 383
538 539
24 23
1138 1137
587 588
922 923
825 824
728 727
431 430
877 876
1027 1026
612 613
703 702
1032 1031
251 252
412 413
336 335
777 776
1168 1167
1049 1048
1043 1044
663 662
831 830
1036 1035
16 15
235 236
584 583
1006 1005
671 672
437 438
646 647
1164 1163
48 47
1002 1003
858 859
380 381
223 222
327 328
1104 1103
834 835
563 564
1057 1056
357 356
986 985
681 680
845 846
274 275
769 768
600 601
883 884
9 8
202 201
882 883
668 667
534 535
975 974
349 348
1140 1141
442 441
1028 1029
42 41
640 641
949 950
594 595
826 825
472 471
194 193
955 956
1081 1080
513 512
1010 1009
1007 1008
51 50
512 511
916 917
315 316
85 86
724 723
956 957
408 407
947 946
443 442
908 909
466 467
1108 1107
386 385
521 522
188 187
900 901
999 998
878 879
1132 1131
771 772
368 369
751 752
411 410
788 789
420 421
456 457
821 822
125 124
546 547
506 507
239 238
1128 1129
299 298
759 760
632 631
522 523
227 228
122 121
1016 1017
720 721
343 344
970 969
962 963
341 342
899 898
779 778
81 82
943 942
366 367
118 119
58 59
729 728
568 567
104 105
666 665
884 885
1054 1053
757 758
56 57
856 857
290 289
841 840
394 393
1 2
1194 1195
1109 1108
832 831
23 22
902 903
345 346
549 550
175 174
217 218
373 374
1125 1124
1141 1142
967 968
499 500
941 942
971 970
63 62
180 181
865 866
337 336
712 711
299 300
978 979
868 869
1039 1038
158 159
124 123
794 795
1050 1051
1042 1043
65 64
192 191
1150 1151
126 125
469 470
849 848
965 966
710 709
678 679
685 684
99 100
483 484
717 716
1181 1180
559 558
871 872
277 278
1127 1126
1149 1148
474 473
216 215
151 152
914 915
861 862
1000 999
82 83
1002 1001
139 138
206 205
806 807
1146 1147
451 450
797 796
705 706
207 206
361 362
1102 1103
1012 1013
31 32
215 214
660 659
750 751
997 998
319 318
561 562
101 102
477 478
1148 1147
781 782
735 734
493 492
267 268
839 840
569 570
230 231
947 948
1192 1193
804 805
120 121
1113 1114
462 463
770 771
802 801
1081 1082
203 202
544 543
363 362
643 644
1060 1059
828 829
132 131
6 5
532 531
817 818
819 818
286 285
601 602
182 183
31 30
978 977
119 120
495 496
934 933
343 342
828 827
332 333
1025 1026
282 283
1162 1161
371 372
1162 1163
526 527
774 773
726 727
930 929
237 236
713 714
84 83
852 853
211 212
530 529
682 683
841 842
242 241
178 179
712 713
184 183
1191 1190
811 812
212 213
1037 1036
924 923
392 391
17 16
1135 1136
293 292
134 135
695 694
388 387
432 431
70 71
1089 1090
571 572
602 603
375 374
631 630
838 839
1095 1096
625 624
737 738
175 176
861 860
425 424
158 157
490 491
763 764
332 331
383 384
321 322
497 498
898 897
794 793
6 7
609 608
1106 1105
1185 1184
936 937
1186 1185
38 39
148 149
196 195
110 109
55 54
564 565
719 718
720 719
668 669
337 338
1003 1004
911 910
617 616
52 51
740 739
530 531
676 677
715 716
449 448
1041 1042
1176 1177
936 935
586 585
353 354
1088 1087
572 573
811 810
104 103
214 213
415 416
1005 1004
400 401
208 207
806 805
775 776
114 113
1062 1061
519 520
25 24
309 310
1082 1083
467 468
1136 1137
465 466
235 234
882 881
452 451
864 865
1177 1178
1073 1074
27 26
852 851
1068 1069
639 638
814 813
287 288
899 900
226 225
290 291
324 325
988 989
56 55
1146 1145
782 783
1113 1112
479 478
426 427
178 177
814 815
485 486
792 791
576 575
200 199
553 554
219 218
905 904
445 446
954 953
683 684
1152 1153
1109 1110
617 618
692 693
1097 1096
1083 1084
27 28
826 827
766 767
958 959
146 147
22 21
1078 1077
870 871
645 646
117 118
36 37
1019 1020
217 216
424 423
910 909
578 579
96 95
961 962
382 381
992 993
425 426
612 611
1015 1016
502 503
488 487
1158 1157
189 190
173 174
639 640
939 940
359 360
888 889
896 897
1028 1027
243 242
301 300
70 69
293 294
606 607
436 437
643 642
378 377
1126 1125
221 222
1071 1070
808 809
750 749
476 475
154 153
502 501
843 842
245 246
907 908
176 177
744 743
688 689
539 540
1197 1198
982 981
990 989
240 241
91 92
271 272
167 166
252 253
90 89
156 155
887 886
1116 1117
874 875
18 19
48 49
346 347
1007 1006
1050 1049
453 452
541 542
74 75
746 745
284 285
1054 1055
515 514
517 516
1122 1121
729 730
514 513
1151 1152
308 307
280 279
355 354
921 922
1160 1161
1000 1001
412 411
96 97
1189 1190
907 906
184 185
428 429
3 4
88 87
700 699
