300
400
112 111
292 291
13 12
70 71
211 210
144 143
19 18
295 294
166 165
352 351
116 117
324 323
362 363
3 4
76 77
283 282
61 60
377 376
154 155
118 117
145 144
330 331
59 58
135 134
365 364
193 194
28 29
277 276
105 106
214 215
353 354
97 98
274 275
290 289
398 397
115 116
343 342
328 327
202 203
282 281
67 68
228 229
379 378
81 80
261 260
177 178
108 107
2 1
330 329
271 272
184 183
167 166
165 164
45 44
393 392
203 204
50 51
106 107
150 151
320 319
389 388
390 391
143 142
238 239
54 55
356 355
9 10
34 35
169 170
387 386
26 27
313 312
197 198
32 33
84 83
213 214
248 249
360 359
256 257
288 289
24 25
123 124
346 347
21 20
128 127
45 46
121 122
132 133
333 334
3 2
240 239
265 266
377 378
220 219
158 159
7 6
227 226
195 194
156 157
180 181
267 266
234 233
181 182
333 332
341 340
252 253
396 397
339 340
224 225
114 115
94 93
49 50
63 62
128 129
191 192
69 68
265 264
126 125
357 356
244 245
394 393
161 160
75 76
339 338
153 152
367 366
202 201
336 335
299 298
311 310
303 302
127 126
307 306
205 206
189 188
52 51
369 370
285 284
245 246
172 171
119 120
206 207
182 183
155 156
48 47
14 13
101 100
237 238
242 241
149 148
235 234
173 174
268 267
33 34
211 212
163 162
157 158
179 180
223 222
79 80
86 87
137 136
147 146
358 357
399 398
30 29
278 277
42 43
39 38
16 15
23 24
30 31
35 36
186 187
251 252
38 37
321 322
269 270
196 197
384 383
65 66
236 237
347 348
243 244
218 219
337 336
122 123
96 95
279 280
273 274
209 208
124 125
152 151
296 295
98 99
210 209
72 71
85 86
187 188
7 8
225 226
11 10
62 61
176 177
163 164
129 130
130 131
88 89
139 138
291 290
262 263
27 28
242 243
281 280
247 246
140 139
74 73
46 47
360 361
328 329
394 395
374 375
306 305
84 85
161 162
199 200
104 105
368 369
77 78
75 74
169 168
293 292
217 216
220 221
120 121
258 257
199 198
186 185
223 224
175 176
366 365
216 215
114 113
208 207
264 263
48 49
349 348
113 112
150 149
309 310
341 342
101 102
132 131
325 324
314 313
293 294
36 37
307 308
59 60
355 354
43 44
92 93
320 321
332 331
273 272
9 8
136 135
316 317
254 255
375 376
386 385
96 97
371 372
15 14
184 185
137 138
314 315
309 308
240 241
260 259
322 323
58 57
229 230
148 147
319 318
259 258
103 104
119 118
69 70
236 235
53 52
108 109
351 350
349 350
344 345
90 89
91 90
367 368
110 111
190 191
335 334
4 5
396 395
268 269
271 270
248 247
154 153
174 175
276 275
25 26
16 17
391 392
285 286
361 362
372 373
83 82
66 67
300 301
134 133
100 99
304 305
141 140
40 41
56 57
22 21
56 55
316 315
262 261
286 287
382 383
358 359
249 250
363 364
63 64
205 204
221 222
296 297
390 389
12 11
343 344
230 231
73 72
370 371
379 380
39 40
79 78
337 338
218 217
299 300
91 92
103 102
170 171
31 32
298 297
284 283
64 65
54 53
42 41
232 233
304 303
20 19
385 384
195 196
352 353
256 255
193 192
201 200
81 82
302 301
142 141
325 326
288 287
190 189
388 387
345 346
167 168
6 5
228 227
317 318
160 159
326 327
88 87
399 400
110 109
232 231
311 312
95 94
173 172
382 381
250 251
179 178
18 17
381 380
279 278
22 23
374 373
254 253
212 213
145 146
400
87 88
110 109
86 85
62 63
217 216
269 270
137 138
297 296
279 278
195 196
186 187
163 164
322 323
293 292
385 386
245 246
273 274
251 250
170 169
3 2
258 257
192 193
209 208
349 350
247 246
187 188
140 139
61 62
125 126
323 324
115 116
97 96
35 36
28 29
166 167
182 183
35 34
139 138
7 6
52 51
381 382
102 103
352 353
252 251
227 228
76 77
153 152
12 13
194 195
338 337
189 190
99 100
21 22
153 154
16 15
364 363
239 238
31 30
114 115
112 113
183 184
137 136
373 374
296 295
14 15
5 6
117 116
172 173
350 351
114 113
84 85
297 298
105 106
72 73
318 319
279 280
121 120
184 185
289 288
265 266
241 240
19 20
212 211
200 201
192 191
125 124
310 311
39 40
351 352
374 375
229 228
127 126
249 250
220 219
247 248
20 21
54 55
226 227
301 300
90 89
142 143
145 144
44 45
393 392
379 380
338 339
382 383
65 66
19 18
371 372
379 378
367 366
57 56
238 237
111 110
344 345
273 272
70 71
313 312
298 299
53 52
348 347
39 38
254 253
43 42
202 203
66 67
328 329
142 141
171 172
321 320
25 26
135 136
370 371
262 263
87 86
163 162
221 222
256 257
64 65
144 143
13 14
325 326
59 60
128 129
164 165
214 213
151 150
4 5
303 302
134 135
232 233
11 10
365 366
11 12
123 124
186 185
202 201
356 355
381 380
244 243
245 244
285 286
178 179
50 49
315 316
4 3
8 7
224 223
41 42
255 256
105 104
206 207
204 205
275 276
94 93
141 140
88 89
48 47
267 268
81 82
93 92
130 131
176 175
391 392
225 224
176 177
74 73
222 223
339 340
391 390
90 91
282 281
70 69
157 156
295 294
196 197
322 321
370 369
132 133
72 71
259 258
287 288
197 198
376 377
333 334
372 373
174 175
58 57
365 364
173 174
150 149
118 117
283 282
171 170
181 182
17 16
188 189
314 315
17 18
120 119
32 31
146 145
41 40
181 180
215 216
277 276
336 337
395 396
94 95
156 155
8 9
299 300
348 349
10 9
376 375
304 303
30 29
122 123
129 130
215 214
309 308
346 347
265 264
331 330
301 302
207 208
97 98
255 254
342 343
290 289
253 252
103 104
319 320
26 27
148 149
76 75
345 346
38 37
161 162
327 326
267 266
131 132
399 400
248 249
36 37
83 84
46 45
212 213
33 34
239 240
50 51
1 2
336 335
22 23
360 359
236 237
313 314
95 96
311 312
385 384
286 287
270 271
231 232
99 98
199 198
107 106
161 160
191 190
109 108
378 377
342 341
218 217
383 384
333 332
261 262
354 353
241 242
67 68
260 259
158 157
394 393
357 358
235 234
44 43
82 83
47 46
361 362
152 151
280 281
368 367
56 55
147 146
148 147
127 128
307 308
310 309
343 344
263 264
359 358
100 101
63 64
210 211
111 112
210 209
118 119
134 133
329 330
335 334
325 324
368 369
107 108
388 387
78 77
32 33
229 230
340 341
165 166
28 27
91 92
24 23
199 200
179 180
102 101
356 357
307 306
277 278
354 355
397 398
362 363
204 203
54 53
387 386
218 219
205 206
177 178
59 58
221 220
284 283
122 121
305 304
242 243
388 389
75 74
48 49
69 68
271 272
316 317
78 79
155 154
291 290
193 194
235 236
261 260
390 389
226 225
80 79
268 269
167 168
160 159
169 168
327 328
159 158
317 318
395 394
361 360
294 293
81 80
234 233
61 60
274 275
397 396
331 332
399 398
25 24
292 291
305 306
231 230
284 285
400
119 120
272 273
100 99
312 311
235 236
140 141
385 384
345 346
15 14
108 109
319 318
263 264
285 286
274 273
83 82
44 45
170 169
15 16
93 92
237 236
321 320
53 54
142 143
208 207
311 310
69 70
286 287
178 179
285 284
106 107
202 203
119 118
309 308
278 277
378 377
122 123
111 112
353 352
232 231
303 304
212 211
177 176
220 219
152 153
224 225
266 265
393 392
317 318
135 136
130 129
211 210
258 259
376 377
56 57
242 243
239 240
323 324
342 341
202 201
134 135
233 232
387 386
221 222
134 133
191 190
299 300
11 10
100 101
118 117
238 237
27 26
61 60
385 386
117 116
41 42
289 288
72 73
47 48
367 368
292 291
255 256
90 91
323 322
361 360
368 369
302 303
8 9
283 282
60 59
181 182
336 337
391 390
148 149
61 62
128 127
52 53
97 96
10 9
103 102
201 200
136 137
336 335
239 238
25 24
297 298
338 339
175 174
214 213
263 262
396 397
197 196
313 314
84 85
58 57
209 210
12 11
194 193
110 109
106 105
124 123
270 269
150 151
276 275
121 122
335 334
301 300
81 82
381 382
21 22
387 388
298 299
209 208
102 101
257 256
183 182
244 245
70 71
352 351
349 350
144 143
1 2
241 242
399 400
108 107
167 166
364 365
125 124
6 5
391 392
78 77
261 260
50 51
36 35
354 353
130 131
265 264
8 7
329 328
375 376
365 366
203 204
192 193
86 87
186 187
162 163
259 260
196 195
223 222
125 126
327 328
56 55
3 4
146 147
176 175
363 364
40 41
350 351
219 218
141 142
98 97
340 339
309 310
32 31
322 321
173 174
324 325
37 38
114 115
17 18
269 268
343 344
33 32
340 341
21 20
132 131
189 188
235 234
234 233
83 84
227 228
213 212
33 34
166 165
85 86
153 154
277 276
65 64
35 34
362 361
205 206
290 291
88 87
359 358
36 37
198 199
12 13
345 344
205 204
80 79
342 343
280 279
274 275
149 150
165 164
356 355
43 44
17 16
254 253
294 293
89 90
307 308
5 4
315 316
63 62
54 55
367 366
164 163
378 379
93 94
178 177
188 187
192 191
20 19
173 172
332 333
395 396
68 69
183 184
155 156
65 66
383 382
198 197
326 327
75 76
267 266
25 26
314 315
148 147
397 398
331 332
395 394
160 159
49 50
151 152
39 38
331 330
98 99
139 138
374 375
338 337
373 372
248 249
96 95
29 30
156 157
257 258
195 194
23 22
190 189
250 249
388 389
216 215
180 179
28 27
326 325
72 71
254 255
2 3
253 252
92 91
372 371
145 144
333 334
171 172
104 105
128 129
369 370
348 349
293 292
246 245
158 159
221 220
316 317
200 199
247 248
218 217
18 19
81 80
77 76
68 67
138 137
225 226
399 398
185 184
295 294
127 126
302 301
295 296
113 114
207 206
374 373
289 290
168 169
305 306
162 161
357 356
394 393
354 355
228 229
217 216
243 244
261 262
185 186
168 167
271 272
52 51
40 39
24 23
247 246
380 379
89 88
104 103
313 312
42 43
268 267
227 226
48 49
47 46
280 281
180 181
58 59
380 381
161 160
67 66
7 6
28 29
215 214
283 284
307 306
113 112
157 158
74 73
329 330
31 30
155 154
75 74
389 390
240 241
384 383
94 95
45 46
296 297
121 120
319 320
271 270
252 251
347 348
359 360
78 79
13 14
231 230
140 139
64 63
346 347
116 115
132 133
230 229
371 370
358 357
251 250
279 278
304 305
282 281
145 146
111 110
170 171
287 288
223 224
363 362
400
285 286
276 275
162 163
251 250
332 333
365 364
36 35
90 91
252 251
208 207
38 39
111 110
295 296
103 104
100 101
23 22
67 66
237 236
113 112
82 81
224 223
73 74
140 141
331 330
143 144
176 175
393 392
338 339
112 111
154 155
237 238
367 366
11 12
185 184
178 177
363 362
138 139
180 179
142 143
188 189
209 208
309 310
155 156
67 68
90 89
162 161
225 224
351 350
313 312
61 60
315 316
264 263
19 18
326 325
212 213
195 196
307 306
25 26
400 399
171 170
227 226
39 40
37 36
332 331
42 41
200 199
34 33
345 346
13 12
83 82
282 281
384 383
176 177
85 86
336 335
279 280
391 392
9 8
362 361
144 145
41 40
45 46
121 120
387 386
215 216
246 247
210 209
232 233
335 334
375 374
307 308
196 197
96 95
262 261
126 127
65 64
273 272
326 327
373 374
27 28
242 243
15 16
327 328
275 274
358 357
105 106
184 183
101 102
137 138
69 68
133 132
119 118
189 190
79 78
215 214
20 19
131 132
195 194
182 183
278 277
258 259
3 2
296 297
6 7
343 342
84 83
24 25
340 341
346 347
234 233
93 92
239 240
304 305
87 88
151 152
198 199
141 142
222 223
146 145
221 220
152 153
15 14
369 368
325 324
382 383
352 353
377 376
261 260
93 94
129 130
14 13
192 191
87 86
47 48
123 124
116 115
206 207
289 288
300 301
355 356
140 139
353 354
66 65
117 118
9 10
57 58
53 52
342 341
48 49
386 385
340 339
114 113
280 281
337 338
166 167
32 31
334 333
128 129
186 185
278 279
287 288
42 43
11 10
228 229
97 96
181 182
156 157
270 269
241 240
367 368
70 71
128 127
4 3
390 391
204 203
50 51
287 286
191 190
276 277
28 29
388 389
76 75
232 231
72 71
299 300
265 266
355 354
168 169
263 262
292 291
220 219
257 258
72 73
126 125
98 97
6 5
108 107
57 56
399 398
295 294
305 306
396 397
366 365
69 70
390 389
337 336
360 361
115 114
122 123
324 323
164 163
352 351
360 359
137 136
50 49
393 394
283 284
249 248
35 34
268 269
55 54
297 298
256 257
245 244
158 159
192 193
2 1
247 248
53 54
99 98
20 21
134 133
164 165
149 148
381 380
289 290
291 290
221 222
234 235
44 45
387 388
238 239
370 371
122 121
167 168
26 27
55 56
321 320
301 302
78 77
267 266
205 204
293 294
379 380
256 255
17 16
181 180
147 146
120 119
330 329
198 197
135 136
323 322
116 117
43 44
92 91
22 21
100 99
173 174
384 385
267 268
321 322
171 172
172 173
308 309
303 302
231 230
226 225
174 175
255 254
312 311
201 202
311 310
124 125
299 298
357 356
228 227
314 313
52 51
211 210
62 61
217 216
372 373
84 85
316 317
245 246
319 320
62 63
58 59
178 179
95 94
188 187
103 102
149 150
59 60
4 5
348 347
319 318
213 214
235 236
315 314
31 30
203 202
160 159
109 110
64 63
148 147
363 364
285 284
89 88
271 272
108 109
24 23
211 212
372 371
229 230
170 169
264 265
158 157
344 345
253 252
8 7
76 77
344 343
242 241
150 151
259 260
18 17
37 38
348 349
303 304
193 194
249 250
46 47
74 75
166 165
153 154
375 376
201 200
130 131
253 254
358 359
379 378
218 219
398 397
329 328
80 79
271 270
318 317
81 80
381 382
206 205
33 32
282 283
217 218
378 377
187 186
370 369
293 292
243 244
273 274
134 135
105 104
107 106
396 395
394 395
160 161
29 30
350 349
4
1 2
3 2
3 4
4
3 2
2 1
3 4
3
3 2
1 2
3
3 2
2 1
5
2 1
2 3
4 5
3 4
3
1 2
3 2
5
1 2
3 2
4 3
5 4
5
1 2
3 4
2 3
4 5
2
1 2
4
2 1
4 3
2 3
5
5 4
1 2
3 2
3 4
3
1 2
3 2
5
5 4
2 3
4 3
2 1
3
1 2
3 2
4
2 1
4 3
2 3
8
1 2
3 4
8 7
5 6
2 3
5 4
7 6
2
2 1
2
1 2
3
2 3
1 2
5
4 3
1 2
3 2
4 5
4
1 2
2 3
4 3
2
2 1
4
4 3
1 2
3 2
4
1 2
3 4
2 3
4
2 3
4 3
2 1
5
1 2
3 2
4 5
3 4
5
1 2
2 3
4 5
4 3
5
3 4
4 5
2 1
2 3
3
1 2
3 2
2
2 1
2
2 1
4
2 1
2 3
4 3
2
1 2
4
3 4
2 3
1 2
4
2 3
1 2
4 3
2
2 1
3
3 2
1 2
7
6 7
6 5
4 5
2 3
1 2
3 4
2
2 1
6
5 6
2 3
4 3
2 1
5 4
2
1 2
4
4 3
1 2
2 3
2
2 1
4
2 3
2 1
3 4
4
3 4
3 2
2 1
2
2 1
7
4 5
6 5
3 4
3 2
6 7
1 2
5
2 3
3 4
1 2
5 4
3
2 1
3 2
1
2
1 2
2
1 2
4
2 3
4 3
2 1
3
2 1
3 2
4
2 1
3 2
3 4
1
2
2 1
4
3 2
2 1
4 3
2
1 2
4
3 2
1 2
4 3
5
2 3
3 4
5 4
1 2
1
1
1
1
4
2 3
2 1
4 3
3
2 1
3 2
3
2 3
2 1
4
2 1
4 3
2 3
3
3 2
2 1
2
2 1
3
2 1
3 2
1
2
1 2
2
1 2
3
3 2
2 1
2
2 1
5
3 4
1 2
5 4
2 3
4
2 3
1 2
3 4
6
4 3
3 2
6 5
2 1
5 4
2
1 2
4
3 4
2 3
2 1
3
1 2
3 2
1
3
1 2
2 3
5
4 5
2 3
3 4
2 1
3
2 1
2 3
2
2 1
6
4 3
1 2
4 5
3 2
6 5
3
1 2
2 3
1
2
2 1
5
3 4
3 2
2 1
4 5
1
4
1 2
3 4
2 3
3
2 3
2 1
3
3 2
1 2
5
2 1
5 4
4 3
2 3
5
5 4
3 4
3 2
2 1
1
2
2 1
4
2 1
3 4
3 2
4
4 3
3 2
1 2
2
2 1
2
1 2
2
1 2
3
2 1
3 2
3
3 2
2 1
4
3 2
1 2
4 3
1
6
2 1
6 5
5 4
3 2
4 3
2
2 1
4
2 1
3 4
3 2
4
3 4
2 1
2 3
4
3 2
2 1
4 3
3
3 2
1 2
6
2 3
6 5
4 3
2 1
5 4
2
2 1
4
2 3
1 2
3 4
2
1 2
2
2 1
4
2 1
3 2
3 4
5
4 3
2 1
3 2
5 4
4
4 3
2 1
2 3
2
2 1
5
1 2
2 3
5 4
3 4
3
2 3
1 2
1
6
4 3
5 4
1 2
5 6
3 2
1
3
1 2
3 2
2
2 1
4
4 3
3 2
2 1
3
2 3
2 1
2
2 1
4
2 3
2 1
3 4
2
1 2
4
3 2
1 2
3 4
1
2
1 2
3
1 2
2 3
2
2 1
2
2 1
3
2 1
2 3
2
1 2
5
3 2
1 2
4 3
4 5
2
2 1
5
2 3
2 1
3 4
5 4
3
1 2
3 2
1
3
2 1
2 3
5
5 4
4 3
2 3
2 1
4
2 3
2 1
3 4
3
2 1
3 2
3
1 2
3 2
5
2 1
2 3
4 3
5 4
5
3 2
4 5
2 1
3 4
4
1 2
2 3
4 3
7
3 4
3 2
4 5
1 2
5 6
6 7
4
2 3
1 2
3 4
5
2 3
3 4
2 1
4 5
2
1 2
4
2 1
4 3
2 3
5
2 1
5 4
4 3
2 3
3
3 2
2 1
6
1 2
4 5
2 3
6 5
3 4
3
2 1
3 2
2
2 1
3
2 3
1 2
4
1 2
2 3
3 4
5
4 3
2 1
5 4
2 3
2
2 1
5
3 4
1 2
2 3
5 4
4
2 3
2 1
3 4
2
1 2
3
2 3
1 2
3
2 3
1 2
2
1 2
2
2 1
2
2 1
4
4 3
2 1
2 3
4
2 3
4 3
2 1
2
1 2
8
5 4
5 6
6 7
3 4
8 7
1 2
2 3
4
2 1
4 3
2 3
2
2 1
5
3 4
5 4
1 2
2 3
4
2 3
1 2
3 4
5
2 3
5 4
4 3
1 2
3
1 2
2 3
8
3 4
7 8
5 4
2 1
6 7
6 5
2 3
3
1 2
3 2
6
2 1
4 3
5 6
4 5
2 3
4
2 1
2 3
3 4
4
2 1
2 3
3 4
4
1 2
3 2
4 3
8
4 5
3 2
7 6
3 4
2 1
6 5
7 8
5
1 2
3 4
5 4
3 2
3
2 1
3 2
7
1 2
2 3
4 5
7 6
6 5
3 4
4
2 1
2 3
3 4
2
2 1
5
4 5
3 4
1 2
2 3
2
2 1
2
1 2
4
2 1
3 4
3 2
4
2 1
3 2
4 3
4
1 2
4 3
2 3
3
2 3
2 1
3
3 2
1 2
2
2 1
4
3 2
1 2
4 3
2
1 2
4
4 3
2 1
3 2
4
3 2
2 1
4 3
5
5 4
2 3
3 4
2 1
4
3 2
1 2
3 4
2
2 1
6
5 6
5 4
3 4
1 2
2 3
4
1 2
2 3
4 3
4
4 3
1 2
2 3
2
2 1
5
1 2
5 4
3 4
3 2
3
3 2
2 1
2
2 1
4
1 2
4 3
2 3
3
3 2
2 1
4
3 4
3 2
1 2
5
1 2
4 5
4 3
2 3
9
8 9
6 5
3 2
2 1
7 8
7 6
3 4
5 4
2
1 2
4
3 4
3 2
1 2
3
3 2
2 1
3
2 3
1 2
4
3 4
2 3
1 2
2
1 2
3
1 2
3 2
2
1 2
6
3 2
3 4
5 4
5 6
1 2
4
1 2
3 2
3 4
4
4 3
2 3
1 2
4
2 1
3 4
3 2
3
1 2
2 3
3
2 1
3 2
1
3
3 2
2 1
3
2 3
2 1
3
2 3
1 2
2
1 2
5
1 2
5 4
4 3
3 2
3
2 3
1 2
5
5 4
2 3
3 4
1 2
4
4 3
2 1
2 3
3
3 2
1 2
3
2 1
2 3
4
1 2
3 2
4 3
6
4 3
2 1
4 5
2 3
5 6
1
3
2 3
2 1
3
1 2
2 3
7
2 1
4 3
7 6
4 5
5 6
2 3
4
3 2
4 3
1 2
2
2 1
3
3 2
2 1
3
3 2
2 1
3
2 1
3 2
3
2 1
2 3
4
3 2
3 4
1 2
2
2 1
4
2 3
2 1
4 3
3
2 3
1 2
3
2 1
2 3
2
2 1
4
4 3
1 2
2 3
2
1 2
3
1 2
2 3
3
2 1
2 3
4
3 2
4 3
1 2
3
1 2
2 3
4
2 3
3 4
2 1
2
1 2
3
2 3
1 2
2
1 2
2
1 2
3
1 2
3 2
1
3
3 2
1 2
5
2 1
3 4
4 5
3 2
3
1 2
2 3
4
4 3
3 2
1 2
2
2 1
1
2
2 1
4
2 3
2 1
3 4
1200
149 148
1064 1063
54 53
299 298
232 231
1144 1145
65 64
1180 1181
435 436
405 404
983 984
423 422
397 398
205 204
155 156
104 103
399 398
682 683
552 551
160 159
979 978
228 229
843 842
1100 1099
294 295
1121 1120
396 397
415 414
76 75
519 518
867 868
407 406
24 23
792 791
521 522
799 798
342 343
275 276
409 410
1111 1110
478 479
180 179
114 115
635 634
664 665
198 197
116 115
113 114
258 259
979 980
994 995
649 648
17 16
1135 1136
962 961
1037 1038
1130 1131
419 418
941 942
1117 1118
170 169
357 356
931 932
751 750
190 189
84 83
1147 1146
362 363
170 171
559 560
1146 1145
860 859
464 465
957 958
413 414
179 178
897 898
514 515
1055 1056
444 443
582 581
624 623
702 701
565 564
1032 1033
543 544
49 50
374 373
142 143
1040 1039
512 513
569 570
949 950
412 413
857 858
477 478
350 351
192 193
476 477
606 607
176 175
1147 1148
718 719
164 165
281 280
699 698
249 248
546 547
33 32
549 550
372 373
52 51
937 936
408 407
833 834
1003 1004
517 518
218 217
1048 1047
1008 1007
609 610
590 591
158 159
27 26
712 711
1053 1052
1068 1069
133 132
988 989
387 386
122 123
771 772
709 710
63 62
69 68
576 577
441 442
1182 1181
735 734
975 976
961 960
267 266
937 938
532 531
1043 1042
866 865
139 140
851 852
976 977
38 39
628 629
484 483
906 907
1140 1139
767 766
296 297
873 872
262 263
1069 1070
1148 1149
1094 1093
972 971
61 60
732 733
1142 1143
745 744
820 821
1109 1108
622 623
25 26
1057 1058
1176 1177
193 194
505 504
1022 1023
35 36
484 485
633 632
310 309
10 9
112 111
572 573
286 285
1103 1104
970 971
556 555
1066 1065
187 188
745 746
138 137
865 864
79 80
481 480
121 120
302 303
486 487
400 401
765 764
411 412
395 394
1193 1194
744 743
704 705
176 177
510 511
167 166
454 453
134 133
146 145
954 955
446 445
199 198
274 273
675 674
888 889
238 237
795 794
689 688
870 871
806 807
608 607
832 831
662 663
568 567
1054 1053
551 550
528 527
371 372
334 333
1040 1041
752 753
1085 1086
352 351
775 774
468 467
270 271
803 802
10 11
469 470
541 542
456 455
951 952
458 459
537 536
984 985
669 670
1158 1157
223 224
530 531
273 272
969 968
227 228
417 416
891 892
608 609
993 992
681 682
882 883
1166 1165
138 139
602 603
293 294
261 262
363 364
864 863
55 56
998 997
313 312
987 986
244 245
630 631
922 921
2 1
184 185
869 870
713 714
819 818
215 216
128 127
1123 1124
710 711
9 8
67 66
836 837
172 171
320 321
150 149
503 504
987 988
833 832
730 731
793 792
287 288
759 758
1076 1077
737 738
308 309
940 941
818 817
509 508
40 39
795 796
697 696
1063 1062
1170 1169
357 358
460 461
788 787
188 189
282 283
925 926
813 812
1115 1116
575 576
1195 1194
1051 1052
203 204
1110 1109
858 859
708 707
651 650
457 456
350 349
73 74
559 558
90 91
801 802
328 329
782 781
544 545
304 305
666 665
14 13
1026 1025
954 953
433 434
754 755
36 37
788 789
696 695
908 907
112 113
165 166
151 152
931 930
136 137
861 862
380 381
587 588
449 448
224 225
892 893
783 782
1035 1036
611 610
307 306
924 923
519 520
898 899
60 59
161 160
848 849
1001 1000
1197 1198
259 260
428 427
561 560
886 885
360 361
268 269
1001 1002
1131 1132
78 77
1014 1013
525 526
86 87
1161 1162
620 619
466 465
836 835
1013 1012
662 661
879 880
584 583
206 207
694 695
762 761
970 969
1097 1098
660 661
1106 1105
219 220
154 153
498 499
1049 1048
22 23
185 186
657 656
388 387
50 51
890 889
726 727
438 437
341 340
642 643
201 202
1126 1127
432 431
1036 1037
947 946
581 580
658 659
326 325
908 909
28 29
205 206
15 14
131 132
99 100
61 62
481 482
18 17
639 640
1152 1153
33 34
365 366
999 1000
1009 1008
233 232
295 296
762 763
656 655
831 830
558 557
490 489
917 918
645 646
844 843
1141 1142
845 846
721 720
359 360
231 230
1102 1101
300 299
787 786
225 226
462 461
1183 1184
487 488
644 643
707 706
826 827
452 453
739 738
538 537
147 146
479 480
766 765
103 102
258 257
524 523
120 119
221 220
929 928
70 71
680 681
482 483
226 227
130 129
636 635
952 953
850 851
815 816
509 510
454 455
724 725
1176 1175
1114 1115
214 213
784 785
598 599
238 239
575 574
386 385
877 878
332 331
1102 1103
439 438
264 265
447 448
1065 1064
1171 1172
606 605
694 693
1163 1164
211 212
421 422
211 210
804 803
134 135
673 674
182 183
437 436
553 552
704 703
2 3
809 810
19 18
406 405
627 628
464 463
622 621
1095 1094
241 240
178 177
955 956
95 96
866 867
637 638
1159 1158
1005 1006
570 571
659 660
300 301
288 289
463 462
394 393
316 315
369 368
928 927
212 213
915 916
901 902
1138 1139
828 829
904 905
736 735
344 343
1112 1113
1004 1005
692 691
470 471
943 944
1174 1173
181 180
144 145
838 837
1056 1057
759 760
276 277
533 534
362 361
319 320
117 116
676 677
758 757
348 347
279 280
3 4
306 305
501 502
586 585
75 74
330 329
336 335
871 872
657 658
396 395
861 860
965 964
520 521
1130 1129
904 903
590 589
424 423
1112 1111
384 383
569 568
214 215
98 99
77 76
312 311
824 825
96 97
667 666
923 922
1070 1071
723 722
1016 1017
98 97
1165 1164
930 929
401 402
688 687
778 777
773 774
791 790
959 960
579 580
1059 1058
1029 1030
998 999
687 686
1011 1012
886 887
460 459
141 142
69 70
391 392
385 384
915 914
345 346
906 905
823 824
400 399
732 731
671 672
565 566
639 638
411 410
311 310
811 812
978 977
699 700
586 587
182 181
919 918
880 881
369 370
45 46
912 913
601 602
512 511
934 935
743 742
589 588
1123 1122
770 769
684 685
950 951
1085 1084
720 719
55 54
1045 1046
654 655
1068 1067
429 430
963 964
591 592
302 301
29 30
547 548
985 986
242 241
728 727
730 729
7 6
441 440
1108 1107
1168 1167
1022 1021
577 578
1043 1044
90 89
186 187
475 476
129 128
1019 1020
604 605
293 292
637 636
771 770
450 449
1097 1096
1078 1079
490 491
251 250
318 317
327 326
1095 1096
163 162
974 973
1162 1163
297 298
676 675
740 741
540 539
1141 1140
184 183
308 307
1075 1074
740 739
107 108
1081 1082
900 899
678 677
573 574
741 742
88 89
773 772
150 151
894 895
1028 1027
779 780
233 234
1091 1092
634 633
327 328
124 123
256 257
494 495
627 626
21 22
425 424
292 291
30 31
721 722
596 595
838 839
847 848
724 723
572 571
1125 1126
84 85
199 200
458 457
527 526
967 966
47 48
562 563
780 781
367 366
216 217
354 355
679 680
748 747
841 842
827 828
1083 1082
281 282
1151 1150
91 92
646 647
1177 1178
336 337
1178 1179
496 495
894 893
958 959
148 147
957 956
878 879
709 708
471 472
1116 1117
417 418
1038 1039
644 645
431 430
1010 1009
597 596
71 72
854 853
253 254
175 174
819 820
579 578
1023 1024
1049 1050
815 814
715 714
972 973
592 593
585 584
67 68
1015 1014
209 210
840 841
383 382
378 379
532 533
126 125
875 874
756 757
625 624
653 654
200 201
1128 1129
884 883
846 847
290 289
496 497
539 538
429 428
322 321
345 344
440 439
79 78
826 825
1127 1128
901 900
990 989
1062 1061
700 701
794 793
980 981
1073 1074
109 108
913 914
6 5
488 489
1169 1168
1035 1034
402 403
910 909
1034 1033
807 808
506 507
975 974
1017 1018
376 375
800 799
389 388
53 52
1101 1100
472 473
555 554
876 875
163 164
118 117
926 927
256 255
303 304
168 167
1098 1099
1002 1003
1170 1171
34 35
1010 1011
247 246
56 57
1122 1121
749 750
1186 1187
856 855
1160 1161
93 92
716 717
335 334
452 451
686 685
1167 1166
475 474
813 814
557 556
244 243
101 100
208 207
524 525
733 734
390 391
47 46
236 237
1137 1136
595 594
800 801
528 529
209 208
604 603
239 240
996 995
947 948
854 855
563 564
1088 1087
1179 1180
8 7
94 93
1051 1050
421 420
920 919
763 764
354 353
416 415
1186 1185
105 104
692 693
508 507
890 891
933 932
425 426
817 816
626 625
195 196
333 332
1041 1042
272 271
254 255
269 270
250 249
768 767
377 378
157 158
737 736
712 713
529 530
566 567
829 830
516 515
535 534
125 124
191 190
715 716
155 154
235 236
48 49
324 325
342 341
808 809
982 981
131 130
501 500
174 173
230 229
962 963
252 251
996 997
1143 1144
161 162
427 426
65 66
73 72
261 260
1114 1113
1025 1024
106 107
1078 1077
473 474
517 516
279 278
849 850
494 493
157 156
314 313
1044 1045
497 498
778 779
493 492
810 811
536 535
340 339
491 492
649 650
353 352
554 553
614 613
784 783
323 324
1027 1026
37 38
451 450
965 966
593 594
315 314
949 948
839 840
41 42
86 85
939 940
728 729
20 19
285 284
1150 1149
749 748
873 874
322 323
747 746
583 582
222 223
1104 1105
797 798
1086 1087
245 246
652 651
1137 1138
358 359
991 990
615 616
869 868
268 267
409 408
235 234
806 805
1076 1075
195 194
756 755
616 617
852 853
921 920
673 672
364 365
664 663
286 287
542 543
1183 1182
925 924
45 44
668 667
447 446
991 992
95 94
118 119
1197 1196
110 111
856 857
168 169
356 355
1175 1174
888 887
777 776
691 690
912 911
196 197
934 933
897 896
1154 1155
1084 1083
43 42
804 805
1125 1124
64 63
1120 1119
291 290
367 368
1159 1160
612 613
1199 1200
1198 1199
58 59
443 442
754 753
683 684
702 703
1196 1195
600 599
274 275
1066 1067
106 105
785 786
611 612
1015 1016
252 253
641 642
917 916
648 647
13 12
376 377
506 505
122 121
347 346
499 500
822 821
523 522
126 127
486 485
652 653
790 789
1031 1032
1190 1189
1021 1020
20 21
618 617
1079 1080
1184 1185
5 4
380 379
319 318
242 243
1060 1059
81 82
690 689
902 903
371 370
885 884
982 983
173 172
1061 1060
1090 1091
545 546
1019 1018
796 797
467 466
562 561
435 434
338 339
375 374
1134 1135
679 678
382 381
706 705
994 993
15 16
514 513
348 349
264 263
631 632
218 219
12 11
248 247
110 109
419 420
43 44
283 284
88 87
629 630
1132 1133
83 82
942 943
968 967
40 41
277 278
80 81
1006 1007
468 469
389 390
775 776
823 822
876 877
1072 1073
541 540
668 669
403 404
938 939
1188 1189
911 910
1134 1133
1047 1046
1156 1155
641 640
935 936
1152 1151
615 614
317 316
1071 1072
769 768
140 141
726 725
222 221
946 945
1191 1190
896 895
152 153
203 202
24 25
1089 1088
760 761
863 862
144 143
549 548
1054 1055
445 444
1092 1093
601 600
331 330
834 835
1156 1157
945 944
1191 1192
27 28
1193 1192
1090 1089
502 503
1119 1118
1081 1080
845 844
1031 1030
1172 1173
618 619
101 102
191 192
57 58
1028 1029
393 392
432 433
621 620
597 598
670 671
881 882
265 266
1187 1188
32 31
136 135
1106 1107
751 752
338 337
698 697
1154 1153
718 717
1200
923 922
349 348
656 655
84 83
1106 1107
408 409
606 605
844 845
595 594
763 764
277 276
554 555
587 588
156 157
535 534
837 838
61 60
38 37
102 103
148 147
204 205
61 62
628 629
1105 1104
322 321
1112 1111
1072 1073
314 313
426 425
195 196
913 912
20 19
350 351
671 670
327 326
637 636
1033 1032
155 154
227 226
1128 1127
227 228
180 179
446 445
733 732
12 13
307 306
1168 1169
264 265
1134 1133
942 943
324 325
339 340
451 450
353 352
37 36
400 399
713 712
666 667
794 793
142 143
963 962
768 767
1055 1056
484 483
811 812
571 570
455 454
410 411
188 187
816 815
581 582
855 854
697 696
437 438
338 337
556 557
772 771
408 407
636 635
695 694
890 891
1042 1043
871 870
116 117
1058 1057
1143 1142
185 186
1182 1181
1029 1030
1159 1158
90 91
914 913
233 232
1098 1099
1163 1162
868 869
796 797
464 463
832 831
421 422
488 489
476 475
1050 1051
964 965
711 712
51 50
76 77
311 312
1170 1169
882 883
306 305
285 286
251 252
1074 1073
418 417
301 302
98 97
514 515
687 688
982 983
939 940
92 93
985 986
523 522
537 536
772 773
279 280
118 119
472 471
355 354
598 597
388 389
245 244
361 360
108 107
930 931
854 853
289 290
803 804
1139 1138
478 479
336 337
381 382
673 672
717 718
148 149
1100 1101
813 814
1014 1013
754 753
326 325
334 333
624 625
471 470
578 577
673 674
280 281
539 540
553 552
188 189
558 559
646 647
543 542
983 984
608 609
896 897
535 536
1088 1089
449 448
929 928
932 933
481 482
630 631
481 480
686 687
356 355
560 561
342 341
947 948
414 415
442 443
485 486
164 165
519 518
812 813
685 686
850 849
1165 1166
198 199
1076 1075
25 24
820 819
401 402
883 884
815 814
692 691
362 361
80 81
737 738
440 439
1152 1153
311 310
304 303
921 920
1021 1020
78 79
453 452
4 5
608 607
933 934
1038 1039
5 6
341 340
97 96
91 92
554 553
1103 1102
447 448
738 739
565 566
457 456
508 509
865 866
367 368
751 750
990 991
846 845
544 543
1061 1060
692 693
529 530
331 332
285 284
887 888
984 985
1044 1043
1008 1007
891 892
567 566
956 955
839 838
49 50
958 959
123 124
436 437
224 225
460 461
443 444
488 487
890 889
779 778
506 505
423 424
475 474
1060 1059
766 765
874 875
853 852
783 782
1151 1150
799 800
871 872
81 82
966 967
107 106
916 917
520 519
482 483
517 516
1078 1077
457 458
715 716
343 344
29 30
456 455
203 202
873 872
84 85
909 908
821 820
855 856
904 903
349 350
272 271
679 678
1048 1049
734 733
434 433
492 493
810 811
630 629
987 986
460 459
762 763
803 802
189 190
1196 1195
492 491
885 884
860 861
638 637
897 898
859 858
486 487
40 39
864 863
35 36
1179 1178
1091 1092
632 633
453 454
596 595
315 314
162 161
824 823
1071 1070
973 974
1107 1108
1195 1194
976 975
587 586
1183 1182
175 174
114 113
7 6
1000 999
1024 1025
445 444
420 419
199 200
954 955
495 494
1187 1188
330 331
211 212
283 284
742 743
579 580
244 243
711 710
1026 1025
241 242
363 362
742 741
1173 1174
938 939
124 125
256 255
391 390
1056 1057
791 790
373 372
1023 1022
778 777
161 160
347 346
205 206
1168 1167
1106 1105
1092 1093
405 406
750 749
901 900
1084 1083
125 126
318 319
683 682
157 158
468 467
601 600
959 960
827 828
1033 1034
1154 1153
729 730
848 847
1118 1119
254 253
140 139
1086 1087
427 426
652 651
1062 1063
478 477
659 658
469 470
615 614
950 951
242 243
234 233
537 538
816 817
1042 1041
117 118
1176 1177
947 946
847 846
826 827
186 187
719 720
647 648
1032 1031
283 282
102 101
220 219
1136 1137
64 63
714 715
1115 1114
1178 1177
1053 1052
1104 1103
63 62
9 10
560 559
1132 1133
1189 1190
201 200
1141 1140
320 319
192 191
945 946
385 386
968 969
867 866
764 765
165 166
1017 1018
635 634
58 57
1066 1065
1052 1051
725 724
1171 1170
1155 1154
735 736
293 294
511 512
677 676
757 758
490 491
856 857
727 728
744 743
147 146
1030 1031
1026 1027
978 979
739 740
73 74
1041 1040
447 446
698 699
500 501
1090 1091
65 66
840 839
823 822
936 935
786 787
197 196
499 498
656 657
251 250
726 725
221 222
901 902
796 795
1088 1087
1165 1164
1053 1054
44 43
172 173
203 204
480 479
1126 1127
1075 1074
1186 1187
51 52
1070 1069
185 184
571 572
59 58
1196 1197
757 756
501 502
53 54
145 146
528 529
228 229
1019 1018
386 387
1200 1199
1099 1100
115 116
224 223
524 523
171 172
818 817
1198 1199
292 293
1162 1161
575 576
371 370
604 605
851 852
776 777
963 964
600 599
646 645
420 421
863 862
359 360
72 73
1185 1184
401 400
156 155
807 808
800 801
612 613
1160 1159
392 393
57 56
577 576
76 75
35 34
23 24
957 956
428 429
550 551
699 700
367 366
395 396
745 744
999 998
89 88
668 669
941 942
626 625
489 490
837 836
42 43
33 32
659 660
798 799
241 240
880 881
413 414
25 26
292 291
130 131
267 268
578 579
752 753
527 526
788 789
168 169
356 357
297 296
115 114
662 661
721 722
231 230
1037 1036
465 464
908 907
1152 1151
618 619
1120 1119
316 315
3 4
973 972
364 363
708 709
957 958
546 547
545 546
690 691
550 549
120 119
87 88
886 887
675 676
365 366
806 807
910 911
1006 1005
291 290
1003 1002
159 158
915 916
731 732
621 620
1000 1001
235 236
1015 1014
877 876
40 41
925 926
842 841
1189 1188
886 885
14 13
104 103
589 590
1085 1086
791 792
1175 1174
666 665
1175 1176
335 334
70 69
427 428
295 294
236 237
137 136
1155 1156
524 525
1114 1113
305 304
675 674
1190 1191
824 825
1081 1080
473 474
714 713
247 246
1061 1062
736 737
1081 1082
52 53
1097 1098
111 110
74 75
1 2
170 171
1147 1146
1164 1163
993 992
338 339
1024 1023
178 177
833 834
406 407
123 122
182 181
152 153
288 287
716 717
465 466
602 601
700 701
178 179
660 661
981 982
154 153
245 246
914 915
137 138
298 297
327 328
710 709
133 132
270 271
143 144
937 938
16 15
510 511
303 302
785 784
1149 1148
622 621
755 756
677 678
247 248
610 611
128 129
516 515
316 317
94 95
531 532
1054 1055
1172 1171
784 783
707 706
1077 1076
879 878
329 330
398 399
638 639
380 379
436 435
904 905
112 111
1112 1113
392 391
422 423
385 384
194 193
649 650
122 121
831 830
33 34
89 90
1146 1145
774 773
1134 1135
14 15
416 415
269 268
889 888
528 527
851 850
20 21
132 131
65 64
1124 1125
1157 1158
232 231
258 257
109 108
518 517
461 462
27 26
431 430
937 936
67 66
418 419
110 109
849 848
770 771
1058 1059
298 299
597 596
17 16
1084 1085
434 435
980 981
988 987
258 259
503 502
561 562
335 336
632 631
329 328
903 902
403 402
1079 1080
548 549
690 689
970 971
761 762
1083 1082
920 919
144 145
925 924
507 508
1186 1185
594 593
217 218
649 648
286 287
130 129
373 374
180 181
781 782
214 213
689 688
32 31
619 620
167 166
584 583
1173 1172
643 644
398 397
790 789
1128 1129
693 694
627 628
534 533
41 42
1192 1191
802 801
49 48
808 809
159 160
642 641
395 394
926 927
1020 1019
794 795
388 387
332 333
612 611
1179 1180
766 767
834 835
876 875
609 610
1130 1131
657 658
218 219
113 112
10 11
1016 1017
1028 1027
67 68
995 994
654 655
672 671
590 591
307 308
521 520
1101 1102
551 552
275 276
589 588
1068 1069
269 270
895 894
719 718
804 805
377 376
617 618
584 585
21 22
354 353
1116 1115
1096 1097
627 626
266 267
616 615
133 134
317 318
277 278
952 951
685 684
257 256
979 980
11 12
843 842
1136 1135
844 843
210 211
1010 1011
220 221
176 175
835 836
163 164
19 18
288 289
943 944
774 775
468 469
593 592
786 785
127 128
273 274
996 995
696 695
934 935
105 106
503 504
708 707
971 972
599 598
8 9
1049 1050
567 568
949 948
702 701
347 348
705 704
176 177
893 892
30 31
376 375
71 72
575 574
1021 1022
1131 1132
1148 1147
207 206
930 929
45 46
881 882
1040 1039
563 562
907 906
640 639
1066 1067
1149 1150
864 865
235 234
547 548
806 805
1068 1067
296 295
182 183
754 755
417 416
1005 1004
1035 1036
191 190
432 433
138 139
1129 1130
563 564
323 322
47 46
825 826
68 69
18 17
530 531
424 425
616 617
932 931
431 432
208 207
467 466
497 498
371 372
345 346
167 168
396 397
369 370
572 573
1003 1004
100 101
960 961
458 459
1123 1122
1028 1029
665 664
358 357
301 300
380 381
581 580
1121 1122
275 274
731 730
653 652
787 788
1079 1078
793 792
1046 1047
557 558
670 669
945 944
734 735
194 195
533 532
55 54
439 438
1089 1090
1012 1013
1156 1157
680 679
861 862
911 912
746 747
906 905
278 279
706 705
215 214
254 255
776 775
644 645
509 510
1126 1125
1139 1140
493 494
623 622
99 100
412 413
1181 1180
266 265
364 365
1006 1007
545 544
878 877
193 192
136 135
140 141
198 197
1015 1016
1072 1071
410 409
962 961
538 539
1166 1167
748 749
393 394
997 996
8 7
472 473
85 86
378 377
541 542
252 253
1121 1120
614 613
1138 1137
1109 1110
976 977
379 378
1183 1184
745 746
697 698
1095 1094
184 183
82 83
261 260
39 38
970 969
1123 1124
310 309
504 505
383 384
526 525
282 281
654 653
216 217
541 540
209 208
702 703
239 240
95 96
142 141
1038 1037
1065 1064
94 93
740 741
898 899
953 954
729 728
344 345
1116 1117
390 389
375 374
927 928
810 809
476 477
761 760
430 429
1193 1192
134 135
56 55
585 586
565 564
978 977
1093 1094
23 22
968 967
150 151
48 47
683 684
320 321
747 748
259 260
650 651
324 323
452 451
556 555
663 664
449 450
751 752
874 873
216 215
989 990
45 44
569 568
1063 1064
1108 1109
868 867
86 87
923 924
151 152
3 2
896 895
974 975
724 723
1035 1034
1110 1111
230 229
1009 1010
662 663
150 149
1142 1141
910 909
1011 1012
641 640
953 952
222 223
105 104
272 273
722 723
569 570
521 522
988 989
770 769
484 485
98 99
1197 1198
1117 1118
832 833
120 121
880 879
264 263
201 202
1144 1145
506 507
162 163
582 583
250 249
78 77
918 917
1193 1194
668 667
642 643
894 893
248 249
1095 1096
900 899
821 822
918 919
603 602
383 382
779 780
1044 1045
681 682
573 574
828 829
495 496
1143 1144
441 440
992 991
819 818
239 238
499 500
513 514
126 127
513 512
994 993
313 312
225 226
830 829
342 343
860 859
704 703
1009 1008
950 949
798 797
70 71
623 624
212 213
1048 1047
358 359
768 769
404 405
727 726
998 997
720 721
169 170
351 352
681 680
27 28
174 173
634 633
262 261
308 309
606 607
411 412
591 592
441 442
1002 1001
263 262
966 965
79 80
603 604
841 840
237 238
780 781
858 857
922 921
404 403
1045 1046
497 496
759 760
300 299
60 59
29 28
940 941
758 759
462 463
1161 1160
209 210
368 369
870 869
