300
400
111 112
291 292
11 13
71 69
209 211
143 144
17 19
293 295
165 166
351 352
117 115
323 324
363 361
4 3
77 75
281 283
59 61
375 377
155 153
117 118
143 145
331 329
57 59
133 135
363 365
194 193
29 27
275 277
106 105
215 213
354 353
98 97
275 273
289 290
397 398
116 115
341 343
327 328
203 201
281 282
68 67
229 227
377 379
79 81
259 261
178 177
107 108
1 2
329 330
272 271
183 184
165 167
163 165
43 45
391 393
204 203
51 49
107 105
151 149
319 320
387 389
391 389
141 143
239 237
55 53
355 356
10 9
35 33
170 169
385 387
27 25
311 313
198 197
33 31
83 84
214 213
249 247
359 360
257 255
289 287
25 23
124 123
347 345
19 21
127 128
46 45
122 121
133 131
334 333
1 3
239 240
266 265
378 377
219 220
159 157
5 7
225 227
193 195
157 155
181 179
265 267
233 234
182 181
331 333
339 341
253 251
397 395
340 339
225 223
115 113
93 94
50 49
61 63
129 127
192 191
67 69
263 265
125 126
355 357
245 243
393 394
159 161
76 75
337 339
151 153
365 367
201 202
335 336
297 299
309 311
301 303
125 127
305 307
206 205
187 189
51 52
370 369
283 285
246 245
171 172
120 119
207 205
183 181
156 155
47 48
13 14
99 101
238 237
241 242
147 149
233 235
174 173
267 268
34 33
212 211
161 163
158 157
180 179
221 223
80 79
87 85
135 137
145 147
357 358
397 399
29 30
277 278
43 41
37 39
15 16
24 23
31 29
36 35
187 185
252 251
37 38
322 321
270 269
197 195
383 384
66 65
237 235
348 347
244 243
219 217
335 337
123 121
95 96
280 279
274 273
207 209
125 123
151 152
295 296
99 97
209 210
71 72
86 85
188 187
8 7
226 225
9 11
61 62
177 175
164 163
130 129
131 129
89 87
137 139
289 291
263 261
28 27
243 241
279 281
245 247
139 140
73 74
47 45
361 359
329 327
395 393
375 373
305 306
85 83
162 161
200 199
105 103
369 367
78 77
73 75
167 169
291 293
215 217
221 219
121 119
257 258
197 199
185 186
224 223
176 175
365 366
215 216
113 114
207 208
263 264
49 47
347 349
111 113
149 150
310 309
342 341
102 101
131 132
323 325
313 314
294 293
37 35
308 307
60 59
353 355
44 43
93 91
321 319
331 332
271 273
7 9
135 136
317 315
255 253
376 375
385 386
97 95
372 371
13 15
185 183
138 137
315 313
307 309
241 239
259 260
323 321
57 58
230 229
147 148
317 319
257 259
104 103
117 119
70 69
235 236
51 53
109 107
349 351
350 349
345 343
89 90
89 91
368 367
111 109
191 189
333 335
5 3
395 396
269 267
269 271
247 248
153 154
175 173
275 276
26 25
17 15
392 391
286 285
362 361
373 371
81 83
67 65
301 299
133 134
99 100
305 303
139 141
41 39
57 55
21 22
55 56
315 316
261 262
287 285
383 381
359 357
250 249
364 363
64 63
203 205
222 221
297 295
389 390
11 12
344 343
231 229
71 73
371 369
380 379
40 39
77 79
338 337
217 218
300 299
92 91
101 103
171 169
32 31
297 298
283 284
65 63
53 54
41 42
233 231
303 304
19 20
383 385
196 195
353 351
255 256
191 193
199 201
82 81
301 302
141 142
326 325
287 288
189 190
387 388
346 345
168 167
5 6
227 228
318 317
159 160
327 325
87 88
400 399
109 110
231 232
312 311
93 95
171 173
381 382
251 249
177 179
17 18
379 381
277 279
23 21
373 374
253 254
213 211
146 145
400
88 87
109 110
85 86
63 61
215 217
270 269
138 137
295 297
277 279
196 195
187 185
164 163
323 321
291 293
386 385
246 245
274 273
249 251
169 170
1 3
257 258
193 191
207 209
350 349
245 247
188 187
139 140
62 61
126 125
324 323
116 115
95 97
36 35
29 27
167 165
183 181
33 35
137 139
5 7
51 52
382 381
103 101
353 351
251 252
228 227
77 75
151 153
13 11
195 193
337 338
190 189
100 99
22 21
154 153
15 16
363 364
237 239
29 31
115 113
113 111
184 183
135 137
374 373
295 296
15 13
6 5
115 117
173 171
351 349
113 114
85 83
298 297
106 105
73 71
319 317
280 279
119 121
185 183
287 289
266 265
239 241
20 19
211 212
201 199
191 192
123 125
311 309
40 39
352 351
375 373
227 229
125 127
250 249
219 220
248 247
21 19
55 53
227 225
299 301
89 90
143 141
143 145
45 43
391 393
380 379
339 337
383 381
66 65
17 19
372 371
377 379
365 367
55 57
237 238
109 111
345 343
271 273
71 69
311 313
299 297
51 53
347 348
37 39
253 254
41 43
203 201
67 65
329 327
141 142
172 171
319 321
26 25
136 135
371 369
263 261
85 87
161 163
222 221
257 255
65 63
143 144
14 13
326 325
60 59
129 127
165 163
213 214
149 151
5 3
301 303
135 133
233 231
9 11
366 365
12 11
124 123
185 186
201 202
355 356
379 381
243 244
243 245
286 285
179 177
49 50
316 315
3 4
7 8
223 224
42 41
256 255
103 105
207 205
205 203
276 275
93 94
139 141
89 87
47 48
268 267
82 81
91 93
131 129
175 176
392 391
223 225
177 175
73 74
223 221
340 339
389 391
91 89
281 282
69 70
155 157
293 295
197 195
321 322
369 370
133 131
71 72
257 259
288 287
198 197
377 375
334 333
373 371
175 173
57 58
363 365
174 173
149 150
117 118
281 283
169 171
182 181
15 17
189 187
315 313
18 17
119 120
31 32
145 146
39 41
179 181
216 215
275 277
337 335
396 395
95 93
155 156
9 7
300 299
349 347
9 10
375 376
303 304
29 30
123 121
130 129
213 215
307 309
347 345
263 265
329 331
302 301
208 207
98 97
253 255
343 341
289 290
251 253
104 103
320 319
27 25
149 147
75 76
346 345
37 38
162 161
325 327
265 267
132 131
400 399
249 247
37 35
84 83
45 46
213 211
34 33
240 239
51 49
2 1
335 336
23 21
359 360
237 235
314 313
96 95
312 311
383 385
287 285
271 269
232 231
97 99
197 199
105 107
159 161
189 191
107 109
377 378
341 342
217 218
384 383
331 333
262 261
353 354
242 241
68 67
259 260
157 158
393 394
358 357
233 235
43 44
83 81
45 47
362 361
151 152
281 279
367 368
55 56
145 147
147 148
128 127
308 307
309 310
344 343
264 263
357 359
101 99
64 63
211 209
112 111
209 210
119 117
133 134
330 329
333 335
323 325
369 367
108 107
387 388
77 78
33 31
230 229
341 339
166 165
27 28
92 91
23 24
200 199
180 179
101 102
357 355
305 307
278 277
355 353
398 397
363 361
203 204
53 54
385 387
219 217
206 205
178 177
57 59
219 221
283 284
121 122
303 305
243 241
389 387
73 75
49 47
67 69
272 271
317 315
79 77
153 155
289 291
194 193
236 235
259 261
389 390
225 226
79 80
269 267
168 167
159 160
167 169
328 327
157 159
318 317
393 395
359 361
293 294
79 81
233 234
59 61
275 273
395 397
332 331
397 399
23 25
291 292
306 305
229 231
285 283
400
119 120
272 273
100 99
312 311
235 236
140 141
61 385
345 346
15 14
108 109
319 318
263 264
285 286
274 273
83 82
44 45
170 169
15 16
93 92
237 236
321 320
53 54
142 143
208 207
311 310
69 70
286 287
178 179
285 284
106 107
202 203
119 118
309 308
278 277
70 378
122 123
111 112
353 352
232 231
303 304
212 211
177 176
220 219
152 153
224 225
266 265
70 393
317 318
135 136
130 129
211 210
258 259
377 62
56 57
242 243
239 240
323 324
342 341
202 201
134 135
233 232
247 387
221 222
134 133
191 190
299 300
11 10
100 101
118 117
238 237
27 26
61 60
386 27
117 116
41 42
289 288
72 73
47 48
367 368
292 291
255 256
90 91
323 322
361 360
368 369
302 303
8 9
283 282
60 59
181 182
336 337
97 391
148 149
61 62
128 127
52 53
97 96
10 9
103 102
201 200
136 137
336 335
239 238
25 24
297 298
338 339
175 174
214 213
263 262
397 224
197 196
313 314
84 85
58 57
209 210
12 11
194 193
110 109
106 105
124 123
270 269
150 151
276 275
121 122
335 334
301 300
81 82
382 208
21 22
388 40
298 299
209 208
102 101
257 256
183 182
244 245
70 71
352 351
349 350
144 143
1 2
241 242
400 9
108 107
167 166
364 365
125 124
6 5
392 127
78 77
261 260
50 51
36 35
354 353
130 131
265 264
8 7
329 328
376 287
365 366
203 204
192 193
86 87
186 187
162 163
259 260
196 195
223 222
125 126
327 328
56 55
3 4
146 147
176 175
363 364
40 41
350 351
219 218
141 142
98 97
340 339
309 310
32 31
322 321
173 174
324 325
37 38
114 115
17 18
269 268
343 344
33 32
340 341
21 20
132 131
189 188
235 234
234 233
83 84
227 228
213 212
33 34
166 165
85 86
153 154
277 276
65 64
35 34
362 361
205 206
290 291
88 87
359 358
36 37
198 199
12 13
345 344
205 204
80 79
342 343
280 279
274 275
149 150
165 164
356 355
43 44
17 16
254 253
294 293
89 90
307 308
5 4
315 316
63 62
54 55
367 366
164 163
379 183
93 94
178 177
188 187
192 191
20 19
173 172
332 333
396 206
68 69
183 184
155 156
65 66
262 383
198 197
326 327
75 76
267 266
25 26
314 315
148 147
398 64
331 332
357 395
160 159
49 50
151 152
39 38
331 330
98 99
139 138
375 266
338 337
137 373
248 249
96 95
29 30
156 157
257 258
195 194
23 22
190 189
250 249
389 106
216 215
180 179
28 27
326 325
72 71
254 255
2 3
253 252
92 91
361 372
145 144
333 334
171 172
104 105
128 129
369 370
348 349
293 292
246 245
158 159
221 220
316 317
200 199
247 248
218 217
18 19
81 80
77 76
68 67
138 137
225 226
21 399
185 184
295 294
127 126
302 301
295 296
113 114
207 206
356 374
289 290
168 169
305 306
162 161
357 356
348 394
354 355
228 229
217 216
243 244
261 262
185 186
168 167
271 272
52 51
40 39
24 23
247 246
256 380
89 88
104 103
313 312
42 43
268 267
227 226
48 49
47 46
280 281
180 181
58 59
381 212
161 160
67 66
7 6
28 29
215 214
283 284
307 306
113 112
157 158
74 73
329 330
31 30
155 154
75 74
390 376
240 241
367 384
94 95
45 46
296 297
121 120
319 320
271 270
252 251
347 348
359 360
78 79
13 14
231 230
140 139
64 63
346 347
116 115
132 133
230 229
45 371
358 357
251 250
279 278
304 305
282 281
145 146
111 110
170 171
287 288
223 224
363 362
400
286 143
138 276
163 81
125 251
333 166
182 365
18 36
91 45
126 252
104 208
39 19
55 111
296 148
104 52
101 50
11 23
33 67
118 237
56 113
41 82
112 224
74 37
141 70
165 331
144 72
88 176
196 393
339 169
56 112
155 77
238 119
183 367
12 6
92 185
89 178
181 363
139 69
90 180
143 71
189 94
104 209
310 155
156 78
68 34
45 90
81 162
112 225
175 351
156 313
30 61
316 158
132 264
9 19
163 326
213 106
196 98
153 307
26 13
200 400
85 171
113 227
40 20
18 37
166 332
21 42
100 200
17 34
346 173
6 13
41 83
141 282
192 384
177 88
86 43
168 336
280 140
392 196
4 9
181 362
145 72
20 41
46 23
60 121
193 387
216 108
247 123
105 210
233 116
167 335
187 375
308 154
197 98
48 96
131 262
127 63
32 65
136 273
327 163
374 187
28 14
243 121
16 8
328 164
137 275
179 358
106 53
92 184
102 51
138 69
34 69
66 133
59 119
190 95
39 79
107 215
10 20
132 66
97 195
183 91
139 278
259 129
1 3
297 148
7 3
171 343
42 84
25 12
341 170
347 173
117 234
46 93
240 120
305 152
88 44
152 76
199 99
142 71
223 111
73 146
110 221
153 76
7 15
184 369
162 325
383 191
353 176
188 377
130 261
94 47
130 65
7 14
96 192
43 87
48 24
124 62
58 116
207 103
144 289
301 150
356 178
70 140
354 177
33 66
118 59
10 5
58 29
26 53
171 342
49 24
193 386
170 340
57 114
281 140
338 169
167 83
16 32
167 334
129 64
93 186
279 139
288 144
43 21
5 11
229 114
48 97
182 91
157 78
135 270
120 241
368 184
71 35
64 128
2 4
391 195
102 204
51 25
143 287
95 191
277 138
29 14
389 194
38 76
116 232
36 72
300 150
266 133
177 355
169 84
131 263
146 292
110 220
258 129
73 36
63 126
49 98
3 6
54 108
28 57
199 399
147 295
306 153
397 198
183 366
70 35
195 390
168 337
361 180
57 115
123 61
162 324
82 164
176 352
180 360
68 137
25 50
394 197
284 142
124 249
17 35
269 134
27 55
298 149
257 128
122 245
159 79
193 96
1 2
248 124
54 27
49 99
21 10
67 134
165 82
74 149
190 381
290 145
145 291
222 111
235 117
45 22
388 194
239 119
371 185
61 122
168 84
27 13
56 28
160 321
302 151
39 78
133 267
102 205
294 147
380 190
128 256
8 17
90 181
73 147
60 120
165 330
99 198
136 68
161 323
117 58
44 22
46 92
11 22
50 100
174 87
385 192
268 134
322 161
172 86
173 86
309 154
151 303
115 231
113 226
175 87
127 255
156 312
202 101
155 311
125 62
149 299
178 357
114 228
157 314
26 52
105 211
31 62
108 217
373 186
85 42
317 158
246 123
320 160
63 31
59 29
179 89
47 95
94 188
51 103
150 75
60 30
5 2
174 348
159 319
214 107
236 118
157 315
15 31
101 203
80 160
110 55
32 64
74 148
364 182
142 285
44 89
272 136
109 54
12 24
212 106
186 372
230 115
85 170
265 132
79 158
345 172
126 253
4 8
77 38
172 344
121 242
151 75
260 130
9 18
38 19
349 174
304 152
194 97
250 125
47 23
75 37
83 166
154 77
376 188
100 201
131 65
254 127
359 179
189 379
219 109
199 398
164 329
40 80
135 271
159 318
40 81
382 191
103 206
16 33
283 141
218 109
189 378
93 187
185 370
146 293
244 122
274 137
135 67
52 105
53 107
198 396
395 197
161 80
30 15
175 350
6
1 2
6 1
1 4
3 1
5 1
2
1 2
3
1 3
2 1
3
1 3
1 2
1
5
1 2
3 1
5 2
4 2
4
2 1
3 4
3 2
4
2 1
3 2
4 3
4
2 1
4 2
3 2
4
1 2
1 4
1 3
3
2 3
2 1
3
2 3
2 1
1
4
2 4
2 1
3 1
5
4 3
3 2
2 1
4 5
3
1 3
2 1
1
6
4 1
3 1
1 2
1 6
5 1
6
1 3
1 2
6 1
1 4
1 5
2
2 1
1
3
3 2
1 2
3
2 3
1 2
1
4
3 4
2 1
2 3
2
1 2
4
2 1
3 1
4 3
8
5 4
5 6
3 2
7 8
6 7
1 2
4 3
2
1 2
6
1 2
4 3
5 6
3 2
4 5
3
2 1
3 1
2
2 1
2
1 2
3
1 2
3 2
5
1 4
1 5
2 1
1 3
3
2 1
1 3
3
1 3
2 1
2
2 1
2
1 2
3
2 1
1 3
3
2 1
2 3
1
5
1 5
1 4
1 3
2 1
6
2 3
4 2
4 5
6 5
1 2
3
1 2
3 1
2
2 1
4
1 4
3 1
2 1
3
1 3
1 2
3
1 2
1 3
3
3 1
1 2
2
2 1
1
5
3 2
5 4
2 1
3 4
4
1 3
1 2
1 4
5
1 3
2 1
2 5
2 4
3
3 1
1 2
4
2 1
4 3
2 3
5
1 3
1 5
2 1
1 4
3
1 3
2 1
4
1 2
4 2
1 3
4
3 1
2 1
1 4
4
1 2
4 3
1 3
5
5 1
2 1
1 4
3 1
4
2 1
1 3
2 4
3
1 3
2 1
1
2
2 1
2
1 2
4
4 3
3 1
1 2
1
3
3 1
1 2
5
1 3
2 1
4 3
3 5
2
2 1
1
3
1 2
1 3
2
1 2
2
2 1
2
2 1
2
1 2
3
3 1
2 1
5
5 1
2 1
1 4
3 1
2
2 1
3
1 2
3 1
4
1 3
1 2
1 4
4
4 3
3 2
2 1
4
2 4
1 2
3 2
1
7
7 3
3 1
1 2
5 4
6 1
4 2
3
1 2
1 3
1
2
1 2
4
2 4
3 1
1 2
5
1 2
1 3
5 3
3 4
3
2 1
1 3
2
2 1
2
1 2
1
3
2 1
1 3
3
2 1
1 3
2
1 2
4
3 1
2 1
3 4
1
3
1 2
2 3
3
3 1
1 2
4
3 1
4 2
1 2
1
2
2 1
3
2 3
1 2
4
2 4
1 3
1 2
4
4 1
3 1
1 2
3
1 2
3 1
7
3 2
1 5
6 4
2 1
7 5
2 4
4
2 4
1 2
1 3
4
1 4
3 1
1 2
3
3 2
2 1
3
3 2
2 1
2
1 2
5
3 4
3 5
3 1
1 2
1
3
3 1
1 2
3
3 1
1 2
4
4 1
2 1
3 1
3
3 1
1 2
2
1 2
4
2 1
2 4
2 3
4
3 2
4 3
2 1
1
5
1 2
5 1
1 4
1 3
6
4 3
4 5
3 2
2 1
6 5
5
1 3
3 5
2 1
2 4
3
1 2
3 2
3
2 1
1 3
2
1 2
3
3 1
2 1
3
2 1
2 3
2
1 2
3
3 1
1 2
4
2 1
3 1
3 4
2
1 2
2
2 1
6
3 5
2 1
5 6
3 4
1 3
4
3 4
2 1
3 1
4
2 3
2 1
4 2
3
2 1
3 1
3
1 2
2 3
4
1 4
1 3
2 1
2
1 2
4
4 3
1 3
2 1
3
2 3
2 1
4
2 4
3 1
1 2
3
1 2
3 2
2
1 2
2
1 2
2
2 1
1
5
2 5
2 4
3 1
1 2
3
3 1
1 2
6
4 1
1 6
1 3
2 1
1 5
2
1 2
4
2 1
2 4
1 3
2
2 1
3
1 2
3 2
4
1 2
1 4
1 3
2
2 1
2
2 1
5
1 3
5 3
4 3
2 1
2
2 1
4
2 1
3 1
2 4
5
4 3
3 5
1 3
2 1
3
1 2
3 1
4
2 1
3 4
1 3
3
1 3
1 2
4
1 3
1 4
1 2
3
2 1
3 2
4
3 1
4 2
2 1
2
2 1
4
1 2
3 1
4 2
4
1 3
2 4
2 1
2
1 2
1
4
2 1
3 1
4 3
1
4
2 4
1 2
1 3
5
4 5
3 4
2 1
3 2
2
2 1
4
4 3
3 2
1 2
3
3 1
2 1
4
3 1
2 4
2 1
5
5 4
3 2
3 4
2 1
8
5 4
6 7
1 2
2 3
4 3
8 7
6 5
4
2 1
3 1
4 2
2
1 2
3
2 1
3 1
4
1 2
4 3
1 3
4
4 2
3 1
1 2
2
1 2
3
2 1
3 1
6
1 6
5 2
3 2
2 4
1 2
2
1 2
1
5
1 2
1 5
4 1
1 3
6
3 2
6 5
1 2
4 3
4 5
2
2 1
2
2 1
5
3 1
3 5
1 2
3 4
1
6
4 3
5 4
5 6
2 3
1 2
2
1 2
1
1
4
4 3
2 1
3 1
2
1 2
2
1 2
3
3 1
2 1
3
2 3
2 1
4
2 1
4 1
1 3
4
4 2
2 1
3 1
4
1 3
4 1
2 1
3
2 1
3 2
3
2 1
1 3
3
2 3
1 2
2
2 1
4
1 2
3 1
4 3
3
2 1
2 3
3
1 2
1 3
3
1 2
3 1
3
2 1
3 2
4
2 3
4 3
2 1
3
1 2
3 1
5
3 5
3 1
4 3
2 1
4
4 3
1 2
3 2
4
3 1
1 2
3 4
2
2 1
3
3 1
1 2
3
2 1
3 1
2
2 1
9
1 3
6 1
5 1
2 1
1 7
1 4
9 1
8 1
3
2 1
2 3
3
1 2
1 3
3
2 1
3 1
2
2 1
4
3 2
2 1
4 3
5
2 1
5 1
3 1
4 1
4
2 1
1 3
1 4
3
1 2
3 2
6
5 6
3 4
5 3
3 1
2 1
2
2 1
5
2 5
3 1
2 1
4 2
6
3 1
5 2
4 2
1 2
6 3
2
1 2
6
5 1
6 1
1 2
4 1
3 1
4
1 3
4 2
1 2
6
5 6
4 3
1 3
1 2
3 5
3
3 1
2 1
2
1 2
6
4 3
6 5
3 1
1 2
5 3
3
3 1
2 1
4
3 1
1 2
4 3
4
3 4
2 3
2 1
5
2 1
1 3
1 4
1 5
4
1 2
4 3
2 3
3
2 1
3 1
5
2 4
1 2
3 5
3 2
7
6 3
1 2
4 3
7 3
1 3
1 5
5
1 3
1 4
2 1
5 1
3
3 2
2 1
2
2 1
2
1 2
4
1 3
2 1
3 4
4
4 2
1 2
3 1
4
1 2
3 2
4 3
2
1 2
3
1 2
1 3
6
3 2
1 2
4 2
2 5
6 5
7
2 1
7 6
6 5
5 4
3 2
3 4
2
1 2
4
2 1
1 3
3 4
3
1 2
1 3
4
2 3
2 4
1 2
4
3 4
3 1
1 2
6
1 2
4 5
3 2
6 5
3 4
5
3 5
3 1
4 3
2 1
7
6 1
1 2
1 5
1 7
1 3
1 4
6
2 5
1 3
2 4
3 6
2 1
3
1 2
2 3
2
1 2
5
3 1
1 5
4 1
1 2
6
6 5
1 5
2 3
1 4
2 1
2
2 1
3
2 1
3 2
2
1 2
4
1 2
1 3
1 4
10
5 4
6 7
2 1
5 6
4 3
10 9
9 8
7 8
2 3
1
1200
620 619
53 54
280 279
872 871
915 917
316 315
585 586
927 925
1191 1193
1105 1103
765 767
297 298
317 315
1021 1022
971 972
391 393
219 217
979 980
669 671
287 285
491 493
592 591
15 17
321 322
483 484
742 741
723 725
193 195
429 431
407 405
5 7
865 863
802 801
983 981
617 619
956 955
795 797
365 363
951 953
1115 1113
1027 1029
73 74
898 897
737 735
27 25
900 899
293 294
915 916
1169 1167
159 160
716 715
991 989
845 846
817 815
1036 1035
153 154
1187 1189
35 33
339 341
653 654
509 511
927 928
1045 1043
965 963
401 399
791 793
957 958
350 349
400 399
727 725
629 631
175 173
1068 1067
990 989
1153 1154
19 20
957 959
631 633
91 93
1093 1091
163 161
863 861
3 5
909 907
839 841
11 9
789 787
583 581
647 645
268 267
228 227
286 285
986 985
239 237
560 559
189 191
444 443
997 995
931 929
781 782
261 262
987 988
133 131
955 957
895 893
177 175
727 728
321 323
551 553
555 553
921 919
596 595
975 977
425 427
113 115
475 473
426 425
1072 1071
711 712
253 255
447 448
477 475
1097 1099
310 309
381 382
2 1
289 287
734 733
875 876
615 616
883 881
902 901
85 86
1119 1121
366 365
1095 1096
669 670
722 721
271 272
507 509
593 595
207 205
234 233
1102 1101
570 569
252 251
659 661
607 605
117 119
885 887
155 153
775 776
379 377
485 483
335 333
1139 1141
185 187
67 68
910 909
760 759
1089 1091
408 407
827 828
593 591
686 685
18 17
1062 1061
166 165
973 974
710 709
347 345
1054 1053
179 180
721 723
933 934
853 854
968 967
813 815
205 203
971 969
45 46
515 516
64 63
571 569
1193 1194
801 803
456 455
927 929
461 462
38 37
830 829
312 311
651 653
994 993
479 481
1132 1131
223 225
389 387
434 433
1063 1061
1097 1098
823 825
981 982
1073 1074
521 519
849 851
205 206
473 474
187 188
639 637
383 384
663 664
839 840
414 413
33 31
777 779
991 992
221 219
245 246
1139 1140
1099 1101
1135 1137
580 579
1057 1058
51 49
943 941
237 235
1049 1050
693 694
891 892
659 657
211 212
1015 1013
507 505
241 239
347 348
1082 1081
303 301
7 9
480 479
780 779
75 76
495 493
162 161
1107 1109
15 16
1032 1031
879 881
784 783
1078 1077
27 29
945 943
1150 1149
77 79
192 191
1009 1007
563 561
458 457
1162 1161
829 831
1056 1055
763 765
41 43
337 339
492 491
796 795
1143 1144
643 644
440 439
277 275
576 575
419 420
383 381
759 761
849 847
860 859
379 381
545 547
790 789
385 386
645 643
97 98
411 409
360 359
1171 1172
1139 1137
1063 1065
468 467
703 705
172 171
182 181
459 457
409 407
437 438
449 450
1071 1073
864 863
937 938
1167 1168
99 101
1113 1111
585 583
461 463
249 247
1080 1079
364 363
121 122
77 75
73 71
279 281
859 857
747 745
353 354
1190 1189
931 933
913 914
1003 1005
95 96
824 823
511 512
505 503
837 835
545 543
883 885
240 239
80 79
1173 1175
881 882
309 311
805 807
855 853
159 157
69 67
244 243
1045 1047
1015 1016
597 595
81 79
256 255
537 538
211 209
321 319
285 283
811 809
627 629
57 55
684 683
149 150
370 369
719 720
757 758
815 816
135 133
648 647
689 691
451 452
304 303
659 660
97 95
198 197
235 236
895 896
127 129
614 613
44 43
713 711
822 821
765 766
567 568
702 701
12 11
469 467
1163 1164
433 435
101 103
997 999
377 378
918 917
945 947
332 331
706 705
861 862
671 673
1017 1015
1118 1117
259 261
222 221
1193 1195
145 143
23 24
518 517
1069 1067
229 231
677 678
200 199
879 880
640 639
421 422
397 399
985 983
1070 1069
357 355
1101 1103
610 609
1 3
741 743
799 797
905 907
461 459
549 547
1037 1035
367 369
858 857
891 889
15 13
875 873
749 751
996 995
981 979
158 157
224 223
1039 1037
969 970
295 297
573 571
6 5
977 978
641 643
895 897
873 874
331 329
230 229
825 826
1100 1099
533 531
767 768
884 883
245 247
1029 1031
1041 1043
471 472
792 791
129 131
362 361
954 953
281 283
999 1000
156 155
464 463
1025 1026
257 258
607 609
857 855
731 733
519 520
723 724
21 23
1141 1142
419 421
609 611
912 911
719 717
1119 1117
447 445
65 67
1165 1167
301 299
692 691
451 449
128 127
617 615
259 257
685 687
171 169
71 72
1084 1083
791 789
843 841
1151 1153
1157 1158
136 135
29 31
367 365
1047 1049
1196 1195
1180 1179
241 243
346 345
557 559
771 772
445 443
588 587
762 761
739 741
763 764
396 395
418 417
263 261
437 439
225 226
91 92
32 31
479 477
1107 1108
495 497
295 293
891 893
177 179
225 227
855 856
1147 1148
1094 1093
679 677
412 411
291 289
487 488
47 45
353 351
1051 1049
808 807
443 441
731 732
1175 1176
303 305
371 373
319 320
537 535
1171 1169
387 385
625 623
487 485
1090 1089
481 482
743 744
260 259
995 993
489 491
627 625
139 137
655 657
435 436
58 57
543 544
1198 1197
810 809
539 537
939 937
1075 1076
672 671
357 358
738 737
393 394
1041 1042
402 401
208 207
1161 1163
602 601
1151 1152
249 251
1105 1106
323 325
178 177
582 581
73 75
767 769
505 506
233 231
513 514
121 123
383 385
619 621
33 34
191 193
103 105
515 513
700 699
675 676
39 40
314 313
104 103
203 204
757 759
28 27
1175 1177
783 781
115 116
1157 1159
633 635
1131 1129
753 755
535 536
168 167
675 677
628 627
333 331
541 542
132 131
56 55
93 95
351 349
328 327
799 800
130 129
372 371
814 813
455 457
207 209
708 707
13 14
41 39
831 832
975 976
217 215
606 605
423 424
317 319
705 707
594 593
1013 1014
70 69
806 805
389 390
475 476
99 97
1088 1087
432 431
693 691
419 417
201 203
65 63
929 930
215 216
355 356
263 264
91 89
567 565
21 22
141 142
777 778
1128 1127
838 837
709 711
1124 1123
284 283
1197 1195
859 861
201 199
546 545
753 751
787 788
831 833
923 924
935 936
751 752
173 174
727 729
325 327
535 533
550 549
489 490
324 323
1156 1155
213 215
566 565
869 867
375 376
877 878
769 770
415 416
167 169
425 423
1013 1011
1183 1184
1009 1010
921 922
1181 1179
1093 1095
661 662
519 517
1020 1019
497 498
1007 1005
101 102
803 805
695 697
725 726
1197 1199
291 292
866 865
848 847
499 501
465 466
554 553
85 83
1071 1069
837 839
674 673
624 623
647 649
147 145
111 109
565 563
115 117
836 835
307 309
460 459
66 65
825 827
82 81
783 785
947 948
969 967
330 329
1085 1086
696 695
296 295
211 213
529 531
1179 1177
184 183
361 359
413 415
147 148
639 641
50 49
329 327
377 375
909 911
718 717
39 37
113 111
411 413
1111 1109
603 601
213 214
274 273
1125 1126
269 267
794 793
889 887
318 317
84 83
985 987
405 406
342 341
155 157
755 756
1035 1033
987 989
530 529
575 573
478 477
589 587
901 899
1007 1008
145 146
59 60
1122 1121
533 534
410 409
1159 1160
736 735
1187 1188
622 621
170 169
509 510
563 564
1185 1183
591 589
1113 1114
437 435
833 834
763 761
1021 1019
201 202
1060 1059
59 57
933 935
597 598
915 913
945 946
618 617
190 189
561 559
775 777
801 799
865 867
173 171
1145 1147
935 937
85 87
311 313
1001 1003
333 334
1133 1134
49 47
769 771
1165 1166
1081 1083
127 125
343 345
110 109
975 973
445 446
548 547
651 652
336 335
481 483
275 276
1067 1065
231 232
1079 1081
118 117
714 713
497 499
1157 1155
941 942
607 608
499 500
679 680
185 186
1138 1137
1185 1187
99 100
823 821
9 10
63 61
265 266
888 887
147 149
600 599
998 997
668 667
632 631
966 965
1147 1149
626 625
1051 1053
1145 1143
730 729
151 153
36 35
447 449
850 849
43 45
123 124
277 278
655 656
687 688
1044 1043
1075 1077
123 125
307 308
827 829
344 343
665 663
1001 999
237 238
528 527
1027 1028
771 773
852 851
1066 1065
51 52
885 886
185 183
1091 1092
919 917
455 453
1033 1031
241 242
486 485
525 527
141 143
29 30
971 973
1153 1155
650 649
523 524
785 786
379 380
641 642
842 841
525 526
906 905
373 375
634 633
843 844
749 750
1178 1177
571 572
809 807
921 923
1089 1087
877 875
61 62
227 229
89 87
21 19
541 543
218 217
941 939
748 747
638 637
431 433
367 368
1073 1075
41 42
683 681
1181 1182
90 89
879 877
340 339
1017 1018
675 673
843 845
249 250
195 197
819 821
961 963
558 557
603 604
315 313
651 649
473 471
943 944
8 7
689 690
753 754
699 701
511 513
55 53
919 920
137 135
453 454
611 612
715 713
1191 1192
451 453
949 950
279 277
138 137
818 817
151 152
112 111
697 698
523 525
442 441
1173 1171
621 623
599 601
1109 1110
87 88
529 527
889 890
746 745
1163 1165
663 661
109 107
395 397
819 820
1200 1199
951 949
897 899
270 269
873 871
389 391
17 19
1025 1027
561 562
894 893
164 163
503 504
645 646
798 797
271 269
471 469
962 961
819 817
1125 1127
428 427
1004 1003
665 666
1025 1023
1021 1023
567 569
495 496
739 740
187 189
487 489
715 717
903 904
812 811
1120 1119
159 161
531 532
1097 1095
3 4
13 11
107 105
69 71
1039 1040
347 349
947 949
209 210
964 963
1005 1006
388 387
657 658
551 549
53 51
108 107
47 48
1159 1161
953 955
1131 1133
1127 1129
867 868
371 369
869 870
507 508
248 247
1033 1034
219 220
615 613
393 395
305 306
959 960
427 429
1024 1023
630 629
338 337
682 681
577 575
905 903
77 78
305 307
503 501
1136 1135
785 787
133 134
926 925
613 611
1037 1038
114 113
913 911
121 119
552 551
667 665
635 637
1053 1055
555 557
695 693
401 403
597 599
59 61
1174 1173
697 699
1057 1059
1191 1189
743 745
293 291
1141 1143
1130 1129
265 267
1185 1186
392 391
977 979
196 195
541 539
811 813
1145 1146
175 176
1170 1169
959 961
275 273
297 299
757 755
1047 1048
521 523
355 353
773 774
271 273
689 687
1183 1181
193 194
199 197
351 352
1149 1151
1009 1011
940 939
635 636
181 179
299 300
803 804
583 584
737 739
522 521
869 871
151 149
983 984
165 163
669 667
733 735
335 337
1115 1116
245 243
1107 1105
167 165
465 467
853 851
141 139
421 423
83 81
1063 1064
1052 1051
343 341
581 579
908 907
144 143
655 653
1079 1077
585 587
120 119
590 589
403 405
1041 1039
140 139
556 555
1087 1085
701 703
25 26
493 494
1083 1085
501 502
925 923
263 265
747 749
719 721
404 403
603 605
223 221
233 235
35 37
1123 1125
779 781
1055 1057
579 577
1133 1135
685 683
287 288
952 951
1001 1002
1121 1123
373 374
326 325
23 25
903 901
469 470
539 540
709 707
398 397
463 465
1061 1059
430 429
181 183
845 847
282 281
1011 1012
991 993
573 574
251 253
967 965
359 357
126 125
835 833
578 577
417 415
1103 1104
94 93
793 795
254 253
290 289
257 255
1046 1045
775 773
1029 1030
679 681
1117 1115
106 105
1017 1019
703 704
301 302
729 731
932 931
441 439
1111 1112
361 363
515 517
1200
194 195
251 250
685 686
830 829
349 350
1134 1133
276 277
960 961
697 698
248 247
589 590
40 39
791 790
93 94
593 592
186 187
314 315
90 91
265 264
951 950
873 872
1122 1123
525 524
619 618
973 974
1011 1010
279 278
708 709
770 769
733 732
492 491
556 555
305 304
665 664
848 847
150 151
77 76
210 209
475 474
457 458
915 1183
49 50
489 490
1023 1022
588 589
25 26
746 747
385 384
309 308
41 40
1045 1044
148 147
866 867
172 171
94 95
890 889
352 351
1086 1087
994 993
196 197
1128 1127
1048 1047
330 331
667 666
692 691
1063 1064
718 717
123 122
355 356
182 181
704 705
858 857
976 975
650 649
578 577
1115 1116
937 938
8 7
107 108
1092 1091
53 52
744 745
21 20
661 662
992 991
742 743
501 500
624 623
493 494
74 73
1074 1075
376 377
144 143
548 547
911 912
679 680
145 144
1021 1022
1094 1095
701 702
581 580
390 391
347 348
945 944
1171 1052
1024 1023
1114 1115
893 894
483 482
691 690
317 318
164 163
869 870
303 304
1139 1140
46 47
550 551
375 376
813 812
574 573
224 225
517 518
822 823
656 655
659 658
113 112
527 528
138 137
497 496
519 518
1117 1118
456 455
11 12
1180 865
676 675
1078 1079
378 379
786 787
913 912
544 545
139 140
237 238
698 699
958 957
1169 1168
359 358
471 470
1076 1077
168 167
137 136
760 761
399 400
1040 1041
664 663
545 546
220 221
243 244
441 440
603 604
19 20
283 284
275 276
644 645
996 995
670 669
1057 1058
141 142
747 748
480 479
809 810
775 774
748 749
726 725
1174 765
398 399
807 808
110 111
152 153
112 111
1033 1034
29 30
245 244
313 314
1153 1154
1100 1099
370 369
960 1197
1018 1019
84 85
634 633
435 434
985 984
895 896
1184 141
44 43
392 393
765 764
1107 1106
637 636
131 130
885 886
788 787
468 469
247 246
1039 1040
536 537
498 499
64 63
211 210
779 780
965 964
481 480
1194 185
364 365
1066 1067
162 161
797 798
1052 1053
795 796
204 203
484 485
258 257
516 515
969 968
815 816
622 623
71 72
952 951
328 329
635 636
233 232
250 249
1079 1080
708 707
227 226
430 429
1101 1102
4 5
1075 1076
1013 1014
408 409
736 737
444 445
552 551
428 427
821 820
209 208
1045 1046
1112 1111
198 197
906 905
934 935
406 405
1156 1155
1047 1046
114 115
591 592
263 264
994 995
133 132
800 801
580 579
10 11
473 472
307 306
1065 1066
1175 774
33 34
915 916
87 86
556 1199
3 2
733 734
759 758
555 554
505 506
964 963
1017 1018
1166 1165
1143 1142
653 654
838 837
553 552
924 925
928 929
918 917
179 1200
415 414
395 396
704 703
1014 1015
941 940
577 576
563 562
486 487
46 45
1138 1139
79 78
59 60
628 627
1061 1060
875 876
997 996
312 313
721 722
310 311
292 291
434 433
621 620
864 863
1025 1024
273 274
556 557
991 990
558 557
101 100
403 402
946 945
1133 1132
141 140
600 599
295 296
371 370
1038 1037
379 380
565 566
163 162
767 768
159 160
855 856
116 117
44 45
316 317
340 339
893 892
144 1172
169 170
80 79
790 789
689 690
281 282
53 54
14 13
1159 1158
256 257
436 435
510 509
655 654
955 954
38 37
334 333
652 653
878 877
341 340
952 953
115 116
585 584
166 165
269 268
65 66
88 89
465 464
1069 1070
921 920
1086 1085
850 851
394 395
548 549
1089 1088
867 868
368 367
223 224
417 416
661 660
1120 1121
437 1173
450 449
319 320
93 92
596 595
75 76
1165 1164
903 904
1104 1105
933 932
421 422
261 262
561 1189
406 407
248 249
29 28
599 598
533 534
843 844
192 193
836 837
648 647
146 145
508 507
944 943
752 753
1052 1051
674 675
635 634
799 798
261 260
881 880
109 108
432 433
173 172
730 731
98 99
874 873
444 443
707 706
926 925
422 423
323 324
755 756
582 581
160 161
695 696
77 78
605 604
36 35
1021 1020
398 397
597 596
361 360
737 1192
413 414
1098 1099
439 440
270 269
724 725
651 652
777 778
819 820
529 528
511 510
1156 1157
508 509
648 649
417 418
1143 1144
615 614
127 126
637 638
693 694
403 404
803 804
1035 1034
1031 1030
1119 1118
582 583
1098 1097
927 926
481 482
598 597
106 105
329 330
628 629
977 976
321 320
521 520
783 784
229 228
438 439
890 891
1073 1072
919 920
781 780
670 671
1029 1030
561 560
230 229
1144 1145
850 849
254 255
263 262
57 58
168 169
142 143
1179 808
566 567
983 982
503 504
626 625
987 988
784 785
171 170
939 938
68 69
205 204
540 541
388 389
682 681
305 306
150 149
476 477
656 657
710 711
792 793
327 326
658 657
785 786
335 334
185 186
458 459
594 593
1135 1134
256 255
619 620
156 157
714 715
240 239
609 610
62 61
674 673
1130 1129
234 233
986 987
928 927
756 757
542 543
891 892
860 859
365 366
18 17
697 696
1093 1092
231 232
200 201
833 832
129 130
351 350
1067 1068
736 735
700 701
301 302
723 722
219 220
537 538
1123 1124
526 525
404 405
1093 1094
626 627
128 129
323 322
72 73
686 687
311 312
608 607
1160 1159
462 461
459 460
834 833
642 641
678 677
533 532
591 590
853 854
461 460
266 265
389 390
447 446
616 615
605 606
363 364
621 622
14 15
297 298
732 731
1063 1062
632 633
154 155
650 651
1196 584
1187 180
258 259
741 740
1170 1169
931 930
1059 1058
294 295
409 410
773 772
1084 1085
9 10
260 259
1131 1130
1064 1065
1119 1120
495 494
742 741
1072 1071
824 823
967 966
280 281
198 199
574 575
973 972
762 761
188 189
1033 1032
358 357
835 836
902 901
253 254
863 862
66 67
288 289
755 754
387 386
630 629
127 128
1110 1111
972 971
802 803
454 453
345 344
272 273
913 914
894 895
372 373
504 505
339 338
879 880
296 297
32 33
673 672
98 97
1150 1149
60 61
1091 1090
287 286
854 855
762 763
103 102
1167 1166
302 303
614 613
401 402
738 739
455 454
190 191
418 419
1055 1056
447 448
420 419
42 43
846 847
844 845
136 135
523 524
13 12
960 959
67 68
1154 1155
106 107
267 266
270 271
984 983
754 753
344 1176
571 570
164 165
1100 1101
80 81
535 536
586 587
621 1188
1011 1012
887 888
687 688
34 35
919 918
353 352
932 931
817 816
980 979
559 560
948 949
488 489
766 765
326 325
980 981
397 396
1008 1009
611 610
179 180
800 799
569 568
133 134
464 463
236 1182
382 383
538 539
24 23
1138 1137
587 588
922 923
825 824
728 727
431 430
877 876
1027 1026
612 613
703 702
1032 1031
251 252
412 413
336 335
777 776
1168 1167
1049 1048
1043 1044
663 662
831 830
1036 1035
16 15
235 236
584 583
1006 1005
671 672
437 438
646 647
1164 1163
48 47
1002 1003
858 859
380 381
223 222
327 328
1104 1103
834 835
563 564
1057 1056
357 356
986 985
681 680
845 846
274 275
769 768
600 601
883 884
9 8
202 201
882 883
668 667
534 535
975 974
349 348
1140 1141
442 441
1028 1029
42 41
640 641
949 950
594 595
826 825
472 471
194 193
955 956
1081 1080
513 512
1010 1009
1007 1008
51 50
512 511
916 917
315 316
85 86
724 723
956 957
408 407
947 946
443 442
908 909
466 467
1108 1107
386 385
521 522
188 187
900 901
999 998
878 879
1132 1131
771 772
368 369
751 752
411 410
788 789
420 421
456 457
821 822
125 124
546 547
506 507
239 238
1128 1129
299 298
759 760
632 631
522 523
227 228
122 121
1016 1017
720 721
343 344
970 969
962 963
341 342
899 898
779 778
81 82
943 942
366 367
118 119
58 59
729 728
568 567
104 105
666 665
884 885
1054 1053
757 758
56 57
856 857
290 289
841 840
394 393
1 2
1195 686
1109 1108
832 831
23 22
902 903
345 346
549 550
175 174
217 218
373 374
1125 1124
1141 1142
967 968
499 500
941 942
971 970
63 62
180 181
865 866
337 336
712 711
299 300
978 979
868 869
1039 1038
158 159
124 123
794 795
1050 1051
1042 1043
65 64
192 191
1150 1151
126 125
469 470
849 848
965 966
710 709
678 679
685 684
99 100
483 484
717 716
1170 1181
559 558
871 872
277 278
1127 1126
1149 1148
474 473
216 215
151 152
914 915
861 862
1000 999
82 83
1002 1001
139 138
206 205
806 807
1146 1147
451 450
797 796
705 706
207 206
361 362
1102 1103
1012 1013
31 32
215 214
660 659
750 751
997 998
319 318
561 562
101 102
477 478
1148 1147
781 782
735 734
493 492
267 268
839 840
569 570
230 231
947 948
1193 989
804 805
120 121
1113 1114
462 463
770 771
802 801
1081 1082
203 202
544 543
363 362
643 644
1060 1059
828 829
132 131
6 5
532 531
817 818
819 818
286 285
601 602
182 183
31 30
978 977
119 120
495 496
934 933
343 342
828 827
332 333
1025 1026
282 283
1162 1161
371 372
1162 1163
526 527
774 773
726 727
930 929
237 236
713 714
84 83
852 853
211 212
530 529
682 683
841 842
242 241
178 179
712 713
184 183
706 1191
811 812
212 213
1037 1036
924 923
392 391
17 16
1135 1136
293 292
134 135
695 694
388 387
432 431
70 71
1089 1090
571 572
602 603
375 374
631 630
838 839
1095 1096
625 624
737 738
175 176
861 860
425 424
158 157
490 491
763 764
332 331
383 384
321 322
497 498
898 897
794 793
6 7
609 608
1106 1105
405 1185
936 937
975 1186
38 39
148 149
196 195
110 109
55 54
564 565
719 718
720 719
668 669
337 338
1003 1004
911 910
617 616
52 51
740 739
530 531
676 677
715 716
449 448
1041 1042
1177 42
936 935
586 585
353 354
1088 1087
572 573
811 810
104 103
214 213
415 416
1005 1004
400 401
208 207
806 805
775 776
114 113
1062 1061
519 520
25 24
309 310
1082 1083
467 468
1136 1137
465 466
235 234
882 881
452 451
864 865
1178 1010
1073 1074
27 26
852 851
1068 1069
639 638
814 813
287 288
899 900
226 225
290 291
324 325
988 989
56 55
1146 1145
782 783
1113 1112
479 478
426 427
178 177
814 815
485 486
792 791
576 575
200 199
553 554
219 218
905 904
445 446
954 953
683 684
1152 1153
1109 1110
617 618
692 693
1097 1096
1083 1084
27 28
826 827
766 767
958 959
146 147
22 21
1078 1077
870 871
645 646
117 118
36 37
1019 1020
217 216
424 423
910 909
578 579
96 95
961 962
382 381
992 993
425 426
612 611
1015 1016
502 503
488 487
1158 1157
189 190
173 174
639 640
939 940
359 360
888 889
896 897
1028 1027
243 242
301 300
70 69
293 294
606 607
436 437
643 642
378 377
1126 1125
221 222
1071 1070
808 809
750 749
476 475
154 153
502 501
843 842
245 246
907 908
176 177
744 743
688 689
539 540
1198 108
982 981
990 989
240 241
91 92
271 272
167 166
252 253
90 89
156 155
887 886
1116 1117
874 875
18 19
48 49
346 347
1007 1006
1050 1049
453 452
541 542
74 75
746 745
284 285
1054 1055
515 514
517 516
1122 1121
729 730
514 513
1151 1152
308 307
280 279
355 354
921 922
1160 1161
1000 1001
412 411
96 97
1190 1072
907 906
184 185
428 429
3 4
88 87
700 699
