109
1500
1205 1206
1191 1192
703 701
1411 1412
1061 1059
469 470
708 707
1131 1133
165 166
1195 1197
1213 1215
1031 1029
363 361
3 4
1168 1167
794 793
1417 1418
1196 1195
645 643
722 721
591 589
827 828
422 421
579 580
1187 1185
193 194
551 553
1431 1429
973 971
1397 1398
353 354
914 913
545 543
587 585
1385 1383
115 116
641 639
1269 1271
203 201
282 281
67 68
674 673
1011 1013
953 951
881 879
1415 1413
108 107
799 800
883 884
271 272
1270 1269
1313 1311
752 751
43 45
391 393
203 204
1387 1388
1441 1443
912 911
320 319
387 389
391 389
141 143
410 409
488 487
742 741
717 719
33 35
559 557
704 703
25 27
781 783
711 712
965 967
84 83
436 435
543 544
709 710
257 255
1315 1316
1195 1193
1273 1274
1223 1224
19 21
963 964
45 46
699 700
133 131
873 875
1475 1473
239 240
265 266
1343 1345
1062 1061
157 159
557 555
749 751
939 940
1215 1217
909 910
538 537
619 621
1407 1409
1025 1023
339 341
494 493
395 397
491 493
639 640
839 841
1041 1039
50 49
61 63
508 507
192 191
69 67
1202 1201
689 687
1151 1153
1098 1097
697 698
1349 1350
1489 1487
799 801
563 561
1305 1303
1449 1450
613 614
421 419
1125 1127
1083 1084
783 784
1271 1272
497 498
189 187
1241 1242
1004 1003
1395 1396
1226 1225
1178 1177
1403 1404
457 459
685 686
769 771
1338 1337
496 495
950 949
1201 1203
733 734
1095 1093
1379 1377
1049 1051
267 268
533 534
212 211
163 161
1039 1040
824 823
1383 1381
80 79
87 85
137 135
631 633
358 357
1347 1345
747 745
278 277
772 771
416 415
973 974
23 24
31 29
919 921
870 869
251 252
1089 1087
1305 1306
555 553
1106 1105
384 383
1017 1015
1475 1476
348 347
754 753
219 217
1337 1339
121 123
947 945
1485 1483
273 274
665 666
463 465
948 947
433 434
899 897
210 209
71 72
706 705
665 667
780 779
903 901
1389 1390
62 61
969 970
432 431
819 817
740 739
465 467
829 831
1343 1341
527 525
1204 1203
463 461
279 281
1089 1090
479 480
405 403
47 45
1096 1095
1247 1248
395 393
1395 1397
990 989
83 85
161 162
1429 1430
105 103
593 595
78 77
608 607
503 504
293 291
215 217
958 957
864 863
669 667
651 653
477 479
224 223
765 766
453 451
1349 1351
1057 1058
466 465
513 511
47 49
349 347
1123 1125
1410 1409
1245 1243
1369 1370
895 897
761 759
859 857
1189 1187
1207 1205
1485 1487
507 509
59 60
1288 1287
1457 1459
91 93
1159 1161
331 332
1355 1353
679 677
136 135
1260 1259
1471 1472
1251 1249
1336 1335
97 95
372 371
1049 1047
1235 1237
1299 1300
1063 1065
307 309
239 241
260 259
1059 1057
58 57
1299 1301
937 939
317 319
1172 1171
804 803
1279 1280
70 69
1159 1157
51 53
109 107
919 917
349 350
1126 1125
747 749
1067 1068
1464 1463
986 985
189 191
1257 1259
518 517
598 597
877 875
1455 1456
1223 1225
153 154
173 175
439 440
1301 1303
1301 1302
515 513
588 587
657 658
849 847
541 543
1334 1333
299 301
515 517
1267 1268
303 305
139 141
453 455
1324 1323
22 21
991 989
1319 1320
1035 1033
285 287
383 381
739 737
249 250
1293 1294
609 611
203 205
413 411
789 790
389 390
1359 1357
643 644
229 231
762 761
371 369
595 596
1137 1135
1161 1162
1291 1292
851 852
1439 1437
91 92
1474 1473
1451 1449
437 435
298 297
283 284
1107 1108
1331 1333
41 42
716 715
893 891
19 20
853 855
1291 1289
1219 1220
669 671
612 611
1480 1479
1240 1239
302 301
813 811
326 325
681 682
189 190
745 743
345 346
1211 1213
851 849
519 520
1497 1498
861 862
1463 1465
1312 1311
1368 1367
1139 1137
871 873
311 312
497 495
173 171
1295 1296
249 251
581 582
17 18
471 472
605 603
890 889
892 891
254 253
905 907
801 803
1477 1479
61 59
1024 1023
55 57
893 894
475 476
1037 1039
1409 1411
881 882
1437 1438
1173 1175
641 642
1269 1267
589 590
1073 1075
725 727
337 338
343 345
413 414
519 517
555 556
1461 1462
1389 1387
1246 1245
1135 1133
484 483
1117 1118
257 258
97 98
1181 1182
1315 1317
1441 1442
535 537
296 295
1377 1375
553 554
1313 1314
1391 1389
193 195
483 485
1461 1463
1433 1435
65 66
492 491
501 503
423 424
809 807
837 835
325 327
623 621
967 968
511 509
625 626
1233 1235
815 816
378 377
911 909
979 981
1140 1139
726 725
521 523
1262 1261
464 463
669 670
1489 1490
1101 1103
805 807
1211 1212
147 148
1129 1130
1109 1110
811 812
474 473
307 305
273 271
1083 1081
1236 1235
243 244
649 651
845 846
1005 1007
662 661
73 71
983 985
276 275
265 263
1426 1425
1487 1488
333 331
1469 1471
347 345
187 185
1493 1491
251 253
1157 1158
1023 1021
1469 1467
205 206
1357 1358
1077 1075
1446 1445
225 226
1466 1465
167 169
1342 1341
797 798
1047 1045
999 997
307 308
565 567
1231 1229
317 318
264 263
1077 1078
391 392
651 652
786 785
1147 1145
889 891
227 228
1052 1051
443 441
845 843
119 121
351 349
7 5
261 263
1371 1373
417 418
469 471
1144 1143
1310 1309
961 962
825 827
1079 1077
863 865
975 976
265 267
711 709
785 783
677 678
833 834
83 81
425 423
1113 1114
1121 1123
225 223
160 159
255 253
1340 1339
535 533
1014 1013
1165 1167
1317 1319
1044 1043
461 462
437 438
963 961
1063 1064
115 117
1353 1351
791 793
885 883
367 369
399 400
37 39
821 823
132 131
637 638
843 841
1303 1304
490 489
815 813
457 455
1111 1113
81 79
1210 1209
1309 1311
451 452
1254 1253
661 659
618 617
309 310
75 77
126 125
188 187
1329 1330
286 285
412 411
1165 1166
145 143
831 832
449 451
1103 1105
563 564
1321 1319
1119 1121
1447 1449
93 95
574 573
220 219
1399 1400
319 321
401 402
1481 1479
269 271
102 101
1205 1203
1475 1477
606 605
729 730
945 946
1401 1402
1259 1261
1361 1362
119 120
454 453
1137 1138
376 375
837 838
475 477
101 99
3 1
1365 1363
172 171
366 365
1047 1048
871 872
1433 1434
1035 1036
1249 1247
1211 1209
549 551
558 557
1489 1491
5 3
675 673
448 447
15 16
987 989
1076 1075
813 814
295 297
966 965
1425 1427
225 227
1163 1161
1471 1473
1249 1250
916 915
1493 1495
935 936
197 199
1119 1117
1452 1451
489 487
1423 1421
362 361
1356 1355
627 625
33 31
509 510
1187 1188
125 123
788 787
861 863
1460 1459
757 755
457 458
609 607
1263 1261
549 547
421 423
229 227
7 9
769 770
304 303
689 691
723 724
760 759
1417 1415
1483 1481
1097 1095
579 577
1217 1219
1286 1285
689 690
979 977
439 441
169 170
845 847
925 926
511 512
331 329
118 117
601 602
547 545
1197 1198
237 235
122 121
551 552
1191 1193
1105 1107
1185 1186
223 221
992 991
641 643
887 889
114 113
826 825
632 631
197 198
205 207
527 529
1104 1103
231 233
1050 1049
202 201
9 10
485 487
439 437
1477 1478
751 753
571 572
688 687
1266 1265
973 975
1100 1099
1275 1276
64 63
277 279
1093 1094
1109 1107
242 241
1365 1366
123 124
821 822
1221 1222
1073 1074
1448 1447
1117 1115
930 929
1063 1061
915 913
1087 1085
87 89
1225 1227
156 155
90 89
529 530
795 793
165 163
1179 1180
478 477
647 645
1151 1152
363 364
1199 1197
113 111
99 100
567 568
1038 1037
173 174
38 37
109 111
175 176
616 615
297 299
433 431
787 785
732 731
915 917
243 245
527 528
1065 1066
1458 1457
1101 1102
427 428
895 896
1327 1328
679 680
449 447
720 719
125 127
547 548
1325 1326
1381 1382
1357 1355
697 695
446 445
445 443
1088 1087
1223 1221
839 840
1079 1080
672 671
1115 1116
147 145
213 215
1308 1307
337 339
1019 1017
1159 1160
981 983
407 408
233 235
442 441
371 373
191 193
977 978
761 763
1169 1171
142 141
99 97
735 736
39 41
1060 1059
806 805
1285 1283
133 134
701 702
881 883
1325 1323
1056 1055
943 945
360 359
34 33
694 693
1443 1445
54 53
1413 1414
355 357
713 714
831 833
179 181
231 232
583 584
767 769
922 921
281 283
1019 1021
650 649
869 871
247 245
139 137
857 855
288 287
375 377
807 808
341 343
1164 1163
467 468
965 963
1055 1057
383 385
1255 1253
1035 1037
1298 1297
713 715
1215 1216
1231 1233
540 539
209 207
1439 1440
1387 1385
222 221
681 679
367 368
306 305
499 500
773 774
850 849
836 835
2 1
334 333
1031 1032
267 269
373 375
407 405
1383 1384
261 259
1175 1176
29 30
329 330
151 153
185 186
481 479
699 701
1042 1041
21 23
411 409
374 373
1278 1277
429 431
663 665
1167 1169
607 605
1441 1439
531 533
1348 1347
444 443
839 837
501 502
1041 1043
25 26
1071 1069
733 731
387 388
103 104
953 955
657 659
151 149
735 737
427 429
1467 1465
1089 1091
1027 1025
11 12
1371 1369
797 799
1229 1230
53 55
229 230
1419 1417
1147 1149
1149 1151
733 735
352 351
918 917
1143 1145
847 848
341 342
1436 1435
805 803
23 25
773 771
433 435
677 675
1073 1071
719 721
1403 1401
505 503
636 635
138 137
647 649
619 620
1423 1425
152 151
1157 1155
622 621
619 617
1486 1485
1099 1097
1376 1375
835 833
1380 1379
1352 1351
221 219
601 603
823 825
1275 1273
1165 1163
635 637
1297 1295
903 904
344 343
1031 1033
1493 1494
1181 1183
175 177
1170 1169
1085 1086
106 105
777 779
1323 1321
495 493
1453 1451
821 819
591 593
7 8
1005 1006
289 291
909 907
1018 1017
213 211
763 765
1343 1344
328 327
789 787
776 775
56 55
86 85
399 401
283 285
405 406
997 998
149 147
611 613
801 802
629 627
1001 1002
952 951
692 691
369 370
27 28
977 975
748 747
259 257
585 586
999 1000
869 867
91 89
933 934
957 959
269 270
1174 1173
522 521
971 969
1359 1360
183 185
113 115
101 103
14 13
1069 1070
655 656
571 569
1231 1232
482 481
1347 1349
41 43
1481 1482
467 469
633 635
179 180
261 262
1029 1030
140 139
481 483
738 737
158 157
93 94
1393 1395
1453 1455
1179 1181
627 628
516 515
79 77
460 459
13 15
413 415
809 811
565 566
1291 1293
853 851
1127 1129
953 954
561 559
707 709
1392 1391
130 129
561 562
601 599
1134 1133
671 673
315 313
873 874
817 818
1011 1012
723 725
48 47
1053 1055
403 404
1327 1325
357 359
987 988
529 531
420 419
32 31
506 505
646 645
1010 1009
329 327
1029 1027
303 301
931 929
447 445
1194 1193
525 526
1378 1377
843 844
933 931
911 913
603 604
885 887
995 997
1234 1233
1331 1332
1252 1251
1155 1156
893 895
393 394
499 501
207 208
959 961
1469 1470
195 197
855 856
661 663
425 426
74 73
525 523
902 901
820 819
275 273
353 351
559 560
1431 1432
425 427
1171 1173
955 957
155 153
1016 1015
159 161
972 971
759 757
541 542
1491 1492
129 131
67 65
143 144
1189 1191
127 129
897 898
1416 1415
827 829
744 743
40 39
935 937
110 109
713 711
1026 1025
579 581
1155 1153
1043 1045
356 355
1379 1381
941 943
875 876
919 920
133 135
1339 1341
743 741
592 591
449 450
967 969
576 575
983 984
1264 1263
1081 1079
145 146
888 887
741 739
777 778
5 6
587 589
727 728
1457 1455
567 569
985 987
169 171
685 683
499 497
717 718
155 157
1241 1243
531 532
177 178
623 625
1277 1279
660 659
867 865
1111 1112
599 600
653 655
1131 1132
927 925
1500 1499
1239 1241
1335 1337
401 403
63 65
1283 1281
569 570
907 908
935 933
1393 1394
927 928
941 942
1019 1020
1367 1369
1459 1461
485 486
237 238
1005 1003
1139 1141
111 112
1281 1279
294 293
715 717
184 183
1071 1072
1229 1227
996 995
309 311
795 797
956 955
1363 1361
52 51
1277 1275
1115 1113
459 461
321 323
211 209
613 615
1199 1201
245 246
683 684
1190 1189
1257 1255
36 35
1092 1091
1120 1119
1367 1365
1499 1497
43 44
234 233
1408 1407
610 609
323 325
1297 1299
1129 1131
1217 1218
901 899
729 727
1295 1293
707 705
905 906
1081 1082
1428 1427
1405 1407
1329 1331
1179 1177
75 76
1421 1419
13 11
247 248
218 217
1374 1373
335 333
315 317
1327 1329
1289 1287
255 256
1136 1135
1219 1221
365 367
128 127
779 781
1411 1413
1069 1067
1207 1209
879 880
1317 1318
1468 1467
1237 1239
944 943
381 379
937 938
1054 1053
1397 1399
1207 1208
51 49
292 291
859 861
815 817
181 183
886 885
353 355
1258 1257
1281 1282
195 196
415 417
1287 1285
667 668
583 581
1495 1497
1454 1453
385 386
81 82
1244 1243
921 923
15 17
905 903
1145 1146
723 721
322 321
631 629
1345 1346
293 295
859 860
629 630
87 88
1399 1401
536 535
387 385
1421 1422
750 749
697 699
1405 1406
777 775
379 380
324 323
1307 1305
537 539
756 755
573 575
1141 1143
979 980
336 335
289 290
951 949
1148 1147
829 830
1247 1245
949 947
858 857
313 314
1227 1228
335 337
1443 1444
275 277
655 657
982 981
841 842
923 924
773 775
399 397
594 593
299 300
546 545
215 216
623 624
695 696
179 177
473 475
681 683
1427 1429
939 941
927 929
1185 1183
489 491
1359 1361
789 791
339 340
578 577
1315 1313
1065 1067
1001 999
243 241
931 932
1109 1111
1386 1385
993 994
768 767
247 249
1391 1393
1354 1353
764 763
1283 1284
473 471
73 75
1001 1003
705 703
409 407
1435 1437
729 731
514 513
1289 1290
685 687
11 9
792 791
879 877
1447 1445
1433 1431
19 17
809 810
877 878
925 923
117 119
676 675
167 165
167 168
1007 1008
765 767
1124 1123
213 214
795 796
757 758
182 181
149 150
993 991
69 71
866 865
1263 1265
1177 1175
654 653
1013 1015
1091 1093
456 455
430 429
1150 1149
287 289
1099 1101
1085 1083
96 95
313 311
597 595
521 519
1184 1183
200 199
853 854
505 507
1424 1423
235 236
745 746
637 639
398 397
239 237
993 995
523 524
1309 1307
164 163
105 107
395 396
1373 1375
316 315
1034 1033
1127 1128
550 549
1027 1028
1335 1333
1405 1403
753 755
1267 1265
1045 1046
648 647
29 27
1011 1009
615 617
1007 1009
1256 1255
57 59
583 585
867 868
782 781
1122 1121
419 417
571 573
597 599
1053 1051
633 634
960 959
1238 1237
1022 1021
1153 1154
1273 1271
1199 1200
695 693
379 377
199 201
1371 1372
1322 1321
541 539
691 693
279 280
1496 1495
35 37
1420 1419
1251 1253
663 664
1142 1141
1214 1213
1364 1363
575 577
899 900
563 565
382 381
1484 1483
359 361
365 363
1500
1115 1114
128 129
711 710
948 947
435 436
730 731
668 667
1004 1005
848 849
173 174
458 459
336 337
714 715
16 15
625 626
1234 1233
834 835
23 22
674 673
980 979
435 434
155 156
166 167
1353 1352
830 831
964 963
1053 1054
240 241
959 960
298 299
359 360
58 59
1100 1099
1222 1223
170 171
143 144
316 1477
1204 1205
91 90
1350 1351
123 124
409 410
924 925
61 60
943 944
829 828
423 422
701 702
397 398
1311 1310
527 528
525 526
1285 1284
304 303
983 984
824 825
1113 1112
1280 1281
504 503
269 270
1025 1024
624 625
88 87
111 110
1374 1373
880 879
1028 1029
938 939
685 686
322 323
1088 1087
546 545
481 482
475 476
1023 1022
1151 1150
1031 1030
928 927
499 500
284 285
766 767
652 651
492 491
560 561
785 784
935 934
1174 1173
644 643
130 131
279 1484
1362 1363
634 635
1384 1385
1423 1422
428 429
991 992
800 799
1366 1365
1396 1395
553 554
1324 1325
1044 1045
170 169
987 986
132 131
31 30
1253 1254
543 542
414 415
996 995
38 39
893 892
1042 1043
839 838
645 646
796 797
832 831
502 503
842 841
8 9
529 530
538 539
284 283
728 727
792 793
764 765
84 85
1174 1175
369 370
1083 1082
969 970
664 663
953 954
962 963
597 598
372 373
207 208
1309 1308
1326 1325
710 709
733 732
1259 1260
1035 1034
812 813
1149 1150
457 458
36 37
713 714
316 315
981 982
1090 1089
46 47
872 871
1037 1036
1027 1028
506 505
744 745
1142 1143
974 975
947 946
1079 1080
468 467
686 687
62 61
891 892
682 681
206 207
1120 1121
15 14
1019 1020
688 689
69 68
185 186
1399 1398
729 728
411 410
172 173
124 125
1077 1076
112 111
138 137
622 621
893 894
1154 1153
1430 1431
1070 1071
1323 1322
513 512
1262 1261
884 883
855 856
85 86
836 835
289 288
522 523
1447 1446
437 436
773 772
95 96
575 574
779 778
926 925
560 559
992 993
685 684
1294 1293
1111 1112
538 537
57 58
430 431
915 914
330 331
1293 1292
582 583
515 514
593 594
1156 1155
1429 1428
1391 1392
562 561
1273 1272
211 210
1247 1248
1334 1335
1265 1264
967 966
971 972
333 1493
1382 1383
862 861
1345 1344
1216 1217
1428 1427
1255 1256
956 955
976 977
804 805
1251 1252
297 298
606 607
495 496
811 812
487 486
1072 1073
328 327
365 364
792 791
864 865
996 997
532 533
965 966
321 322
143 142
116 117
1240 1239
1085 1084
1472 328
270 271
453 454
307 306
145 146
1143 1144
433 434
906 905
609 608
1283 1284
631 632
416 415
146 147
1426 1425
163 164
611 610
707 708
1300 1301
1127 1128
1415 1416
629 628
1226 1227
676 675
223 224
269 268
267 266
407 406
135 134
273 274
994 995
648 649
408 407
1307 1306
780 779
837 838
194 193
24 25
724 723
606 605
978 977
713 1481
768 769
225 224
1469 1470
450 451
425 426
1005 1006
1110 1109
519 1498
891 890
496 497
1267 1266
194 195
1310 1309
1039 1040
767 768
1388 1387
466 465
525 524
133 134
1026 1027
1103 1104
842 843
1262 1263
1421 1422
990 989
1277 1278
1336 1335
1434 1435
1479 988
1196 1195
160 161
281 280
1249 1248
1233 1232
782 783
1305 1306
254 255
1399 1400
1468 1467
1369 1370
910 911
1140 1139
483 482
256 257
127 126
300 301
748 749
1237 1236
1448 1449
187 186
379 380
1320 1319
1456 1457
761 760
1257 1258
273 272
180 179
670 669
118 119
1450 1451
781 780
916 915
1075 1074
1390 1391
133 132
865 866
933 932
1260 1261
1290 1291
158 157
1459 1458
633 632
1234 1235
1355 1354
1364 1365
251 252
534 535
1185 1184
1018 1019
577 578
540 539
57 56
1289 1290
1250 1251
1410 1409
1457 1458
1488 1002
545 544
352 353
658 657
345 344
887 888
512 511
230 229
92 91
1107 1106
1485 335
1368 1369
309 310
99 98
660 661
587 588
317 316
688 687
1161 1162
1286 1287
1372 1373
1201 1202
97 98
1222 1221
4 3
696 697
1163 1162
873 874
76 77
697 698
1096 1095
1169 1168
902 903
704 705
987 988
1423 1424
347 348
33 34
1337 1338
464 465
1042 1041
564 565
438 437
1113 1114
365 366
449 448
801 802
101 100
579 578
1048 1047
798 799
1264 1263
516 517
719 720
338 337
993 994
855 854
575 576
676 677
1230 1231
696 695
1172 1173
582 581
629 630
638 639
421 422
793 794
755 754
883 882
1052 1051
689 690
116 115
868 869
1125 1124
248 247
817 818
1277 1276
603 604
808 809
1469 1468
114 115
1300 1299
542 541
1101 1102
376 377
1265 1266
1206 1205
467 466
355 354
1462 1463
1287 1288
272 271
1010 1011
588 589
846 847
614 613
1165 1164
782 781
1425 1424
1169 1170
718 719
108 109
62 63
654 653
1367 1368
1497 545
906 907
988 989
556 555
863 862
478 477
193 192
774 775
910 909
771 772
1330 1329
579 580
202 203
912 911
1197 1198
655 656
1070 1069
218 219
235 234
1013 1014
282 283
444 443
5 4
479 480
1404 1403
942 943
56 55
745 746
519 518
1075 1076
592 593
709 708
704 703
909 908
861 860
167 168
159 158
841 840
278 277
106 107
881 882
952 951
1079 1078
1351 1352
1407 1408
420 419
965 964
89 90
1166 1167
191 190
1446 1445
638 637
587 586
694 693
42 41
1137 1136
86 87
718 717
795 796
354 353
1167 1168
197 196
759 758
196 195
565 566
1244 1243
1021 1022
399 400
7 8
622 623
615 614
291 290
51 52
44 45
968 969
951 950
275 276
1135 1136
1285 1286
973 972
394 395
660 659
630 631
1003 1004
618 617
381 382
217 218
1419 1418
1159 1160
1429 1430
341 340
922 923
400 401
1067 1066
388 389
29 28
567 566
1186 1185
83 82
847 848
940 941
938 937
1034 1033
70 69
973 974
507 508
328 329
1318 1317
1444 1445
945 944
618 619
73 72
130 129
250 249
71 70
720 721
489 490
984 985
741 742
1132 1131
89 88
136 137
872 873
1218 1217
197 198
991 990
460 459
1487 976
531 530
1282 1281
339 340
79 80
101 102
896 897
433 432
1120 1119
949 948
926 927
936 937
1090 1091
161 162
1361 1360
1427 1426
692 691
179 178
669 668
807 808
543 544
1141 1142
481 480
1183 1184
441 440
869 870
389 390
44 43
777 776
478 479
552 551
1447 1448
149 148
215 216
1371 1370
1102 1103
569 568
59 60
318 319
1276 1275
54 53
1211 1210
1065 1066
93 94
412 411
175 176
1374 1375
1068 1067
373 374
1098 1099
1219 1220
1164 1163
1224 1225
156 157
1089 1088
67 68
78 77
281 282
1133 1134
1302 1301
1321 1320
725 726
243 244
239 238
751 750
1171 1170
1057 1056
570 569
363 364
1020 1021
749 750
168 169
1108 1107
214 213
431 432
524 523
548 547
333 332
712 711
1228 1229
192 1500
204 205
1145 1144
139 140
387 386
931 930
229 228
215 214
600 601
203 204
820 819
1209 1210
596 595
1029 1030
1155 1154
1125 1126
140 141
828 827
1132 1133
960 961
1085 1086
1215 1214
1082 1081
1383 1384
1270 1271
301 302
654 655
1313 1314
53 52
917 918
251 250
1466 1465
852 851
495 494
317 318
263 262
653 652
1394 1395
854 853
680 681
774 773
217 216
602 603
723 722
1319 1318
1307 1308
880 881
604 605
729 730
506 507
1176 1175
428 427
822 823
1151 1152
33 32
1191 1190
953 952
447 448
1177 1178
35 34
236 237
814 813
361 360
73 74
150 149
928 929
1221 1220
702 703
384 383
650 649
549 548
12 11
747 748
1229 1230
258 259
945 946
1382 1381
735 734
464 463
338 339
263 264
307 308
1274 1273
259 260
760 759
1438 1437
1156 1157
840 839
706 707
1043 1044
1012 1013
790 789
1073 1074
1038 1039
955 954
374 375
1097 1098
266 265
26 25
333 334
293 292
661 662
1364 1363
1068 1069
1452 1495
267 268
1433 1432
205 206
26 27
117 118
7 6
843 844
1354 1353
123 122
1105 1104
573 572
968 967
664 665
160 159
673 672
393 392
980 981
121 120
646 647
1371 1372
1243 1242
113 114
693 692
1350 1349
1455 1456
858 859
390 391
1146 1145
609 610
551 550
401 402
1420 1419
94 95
1432 1431
734 733
103 102
1209 1208
501 502
699 698
931 932
260 261
532 531
1244 1245
999 998
706 705
850 851
797 798
1078 1077
1450 1449
1056 1055
756 757
498 497
554 555
1438 1439
5 6
1118 1119
1275 1274
238 237
886 887
830 829
853 852
732 731
290 289
919 920
1467 1466
1094 1093
212 213
490 491
1122 1123
805 806
1161 1160
1148 1147
1006 1007
1453 1454
312 313
648 647
1083 1084
1081 1080
924 923
1225 1226
1106 1105
335 336
350 351
659 658
1347 1346
21 20
1440 1441
922 921
1444 1443
1377 1376
183 182
636 637
1254 1255
1181 1182
1109 1108
1060 1061
1492 251
184 183
1017 1016
1198 1199
311 312
166 165
1057 1058
562 563
914 913
743 742
1332 1333
1375 1376
1322 1321
556 557
1394 1393
1474 213
700 699
487 488
211 212
1153 1152
895 894
240 239
816 815
1305 1304
962 961
888 889
396 397
753 754
505 504
550 549
739 740
715 716
424 423
620 621
1062 1061
121 122
803 802
600 599
104 103
713 712
1344 1343
27 28
1035 1036
285 286
296 295
1157 1158
1055 1054
1409 1408
1003 1002
346 347
1393 1392
177 176
570 571
10 11
642 643
1176 1177
40 39
1116 1115
626 627
1041 1040
209 208
1329 1328
9 10
1442 1441
455 456
1131 1130
1443 1442
242 243
1228 1227
1097 1096
633 634
1315 1314
762 761
1259 1258
287 288
1221 1480
594 595
1126 1127
326 327
342 341
878 1489
1014 1015
657 656
162 163
1216 1215
785 786
874 875
1002 1001
378 377
356 355
1464 1463
958 957
246 245
36 35
899 900
1071 1072
1060 1059
488 489
135 136
717 716
164 165
1304 1303
202 201
900 901
901 902
795 794
463 462
1298 1297
1196 1197
517 518
899 898
50 49
1129 1128
1235 1236
678 679
16 17
959 958
335 334
18 19
680 679
950 949
701 700
1341 1342
1312 1311
741 740
1331 1330
1412 1411
591 590
746 747
1389 1390
1250 1249
385 384
671 672
178 177
666 665
439 438
521 520
1204 1203
832 833
1434 1433
472 473
1483 733
425 424
470 471
486 485
441 442
455 454
1165 1166
493 492
256 255
540 541
857 856
511 510
148 147
276 277
877 876
864 863
1380 1381
297 296
291 292
537 536
1051 1050
154 153
1451 1452
485 484
388 387
430 429
66 67
572 571
1316 1317
1238 1239
257 258
287 286
187 188
627 1476
1400 1401
1380 1379
770 771
1402 1401
413 412
71 72
818 819
314 315
189 190
477 476
1316 1315
1091 1092
1360 1359
521 522
870 871
418 417
1031 1032
294 295
100 99
55 54
589 590
890 889
1232 1231
1093 1092
1059 1058
885 886
1406 1407
1410 1411
558 557
559 558
351 352
1269 1270
982 983
878 877
1048 1049
83 84
1342 1343
1050 1049
1457 1478
514 513
1135 1134
810 809
244 245
380 381
152 153
314 313
40 41
32 31
310 311
1009 1010
1129 1130
1361 1362
769 770
755 756
1180 1181
1494 1362
64 65
857 858
280 279
1475 434
1471 165
219 220
936 935
868 867
1340 1339
398 399
860 859
220 221
1358 1359
1179 1178
758 757
534 533
765 766
92 93
1473 139
998 997
976 975
457 456
181 182
1496 1445
138 139
1437 1436
494 493
586 585
1046 1047
1101 1100
1340 1341
1299 1298
509 510
619 620
677 678
896 895
175 174
546 547
1327 1328
574 573
253 252
184 185
971 970
22 21
615 616
597 596
1418 1417
1387 1386
1240 1241
933 934
939 940
361 362
233 234
1018 1017
1186 1187
242 241
64 63
1296 1297
359 358
1271 1272
916 917
743 744
879 878
1356 1355
930 929
74 75
535 536
602 601
775 776
106 105
445 446
1146 1147
104 105
1435 1436
580 581
210 209
1116 1117
1245 1246
1189 1190
691 690
38 37
905 904
672 1499
528 529
1111 1110
816 817
393 394
1283 1282
520 519
1123 1124
154 155
14 13
1413 1412
670 671
725 724
585 584
1063 1064
1007 1008
1025 1026
850 849
200 201
1296 1295
391 392
49 48
302 303
1199 1200
474 475
1253 1252
1180 1179
1012 1011
305 304
1023 1024
1269 1268
452 451
675 674
898 897
1200 1201
151 150
440 439
942 941
42 43
81 82
551 1491
368 367
810 811
876 875
651 650
908 907
624 623
1414 1415
367 366
483 484
788 789
1064 1065
913 912
1194 1193
1417 1416
469 470
181 180
305 306
426 427
1212 1213
443 442
1086 1087
225 226
371 370
107 108
1333 1334
81 80
683 684
1439 1440
834 833
1339 1338
324 325
223 222
641 642
444 445
617 616
109 110
141 142
695 694
402 403
1302 1303
666 667
866 867
1459 1460
13 12
1366 1367
1224 1223
584 583
801 800
1454 1455
1218 1219
357 356
763 762
526 527
644 645
591 592
249 248
1413 1414
1203 1202
1357 1358
1291 1292
1033 1032
472 471
726 727
344 343
1397 1398
612 611
17 18
978 979
363 362
500 501
417 416
468 469
904 903
1121 1122
1137 1138
640 641
1094 1095
845 844
1046 1045
885 884
1279 1280
1212 1211
778 777
326 325
1420 1421
598 599
346 345
246 247
790 791
319 320
172 171
413 414
1194 1195
2 1
607 608
498 499
453 452
821 822
1324 1323
784 783
358 357
807 806
826 827
1389 1388
198 199
1015 1016
78 79
1214 1213
1345 1346
96 97
405 404
1313 1312
262 261
1172 1171
382 383
737 738
563 564
1405 1406
919 918
372 371
278 279
420 421
1138 1139
1279 1278
418 419
627 628
985 986
403 404
1349 1348
144 145
1347 1348
683 682
1402 1403
1001 1000
48 47
233 232
1187 1188
395 396
330 329
1247 1246
1464 1465
3 2
1396 1397
1117 1118
1141 1140
957 956
1149 1148
45 46
188 189
1207 1208
127 128
752 751
1207 1206
803 804
552 553
1241 1242
1159 1158
254 253
722 721
1337 1336
739 738
1331 1332
66 65
1486 1075
112 113
232 231
821 820
1482 430
635 636
30 29
1326 1327
231 230
576 577
1462 1461
1192 1193
293 294
51 50
1453 1452
320 321
1000 999
375 376
1295 1294
76 75
221 222
836 837
274 275
309 308
473 474
343 342
152 151
1288 1289
753 752
460 461
845 846
1404 1405
1357 1356
408 409
823 824
19 20
735 736
369 368
612 613
405 406
1377 1378
1490 1361
567 568
1257 1256
1053 1052
1008 1009
1267 1268
126 125
236 235
350 349
788 787
736 737
1191 1192
332 331
226 227
1385 1386
24 23
227 228
764 763
265 264
509 508
1189 1188
323 324
349 348
662 663
825 826
379 378
1038 1037
199 200
449 450
787 786
300 299
447 446
639 640
516 515
1183 1182
921 920
1461 1460
1379 1378
462 461
815 814
385 386
1237 1238
119 120
1062 1063
192 191
500
298 297
217 218
462 463
396 395
320 319
368 367
447 475
93 94
309 310
277 276
401 400
474 308
17 18
116 117
163 164
25 26
202 201
290 291
110 111
231 230
424 425
239 238
31 30
39 38
363 362
464 463
3 2
102 101
418 417
208 209
260 261
200 199
191 190
325 326
367 366
212 213
439 440
163 162
110 109
38 495
309 308
301 300
264 265
448 447
5 6
185 184
193 194
55 56
374 375
317 316
349 348
305 304
466 465
241 240
459 458
492 45
60 59
297 296
89 90
34 33
445 444
357 358
411 410
174 173
193 192
387 386
287 288
433 434
133 134
476 18
14 15
226 227
158 157
45 44
46 47
443 444
40 39
234 233
161 162
486 398
316 315
195 196
215 216
320 321
455 456
252 253
346 345
155 154
168 167
461 462
14 13
8 7
228 227
468 469
149 148
13 12
224 225
352 351
220 221
53 52
289 290
347 346
167 488
333 334
71 487
404 405
177 178
249 248
80 79
201 200
86 87
131 130
250 251
441 440
187 188
20 19
260 259
48 49
296 295
85 480
65 66
94 95
256 255
338 339
307 306
61 60
50 49
10 11
322 321
286 287
332 331
392 391
126 125
257 256
384 385
217 216
313 314
415 414
221 222
479 34
286 285
24 23
406 405
189 190
58 59
87 88
139 138
448 449
3 4
370 369
214 215
161 160
185 186
484 144
35 36
350 351
210 211
274 275
416 417
30 29
382 383
143 144
303 302
164 165
375 376
318 319
100 101
121 120
57 56
19 18
33 32
442 441
490 197
93 92
467 466
129 128
365 366
267 266
34 35
91 90
454 453
106 105
389 388
177 176
254 255
107 106
66 67
311 310
330 331
148 147
365 364
125 124
209 210
393 392
261 262
261 499
10 9
471 419
483 269
271 270
407 408
84 85
133 132
279 278
178 179
230 229
423 422
429 428
380 379
213 214
83 84
332 333
237 238
361 362
47 48
252 251
359 360
38 37
96 97
267 268
62 63
158 159
467 468
183 182
154 153
406 407
175 176
273 272
62 61
43 42
433 432
91 92
412 413
109 108
99 98
21 20
75 76
436 435
419 418
183 184
51 50
457 458
147 146
269 270
459 460
378 379
395 394
37 36
157 156
402 403
469 470
262 263
378 377
352 353
334 335
73 72
465 464
189 188
95 498
325 324
12 11
54 53
45 46
398 399
472 242
478 9
451 452
127 126
357 356
313 312
191 192
92 491
473 138
237 236
497 98
219 218
186 187
494 447
452 453
113 114
428 427
348 347
315 314
298 299
293 294
29 28
67 68
77 78
354 353
181 180
41 42
231 232
451 450
253 254
52 489
80 81
58 57
145 144
114 115
70 69
386 385
317 318
142 141
165 166
235 236
23 22
180 179
203 202
16 17
423 424
437 436
371 370
419 420
432 431
129 130
140 141
247 246
128 127
269 268
73 74
71 70
272 271
355 354
71 72
169 170
292 291
108 107
415 416
282 281
55 54
373 372
274 273
329 330
28 27
280 279
377 376
312 311
112 111
447 446
260 500
204 205
356 355
143 142
226 225
1 2
242 243
396 397
174 175
219 220
427 426
195 194
83 82
105 104
410 409
454 455
152 153
171 172
368 369
138 137
168 169
136 137
25 24
324 323
198 197
31 32
281 280
152 151
438 439
132 131
401 402
288 289
149 150
449 450
339 340
196 197
435 434
404 403
294 295
426 425
199 198
411 412
343 342
167 166
341 342
244 245
68 69
140 139
259 258
278 277
229 228
134 135
431 430
207 208
78 79
100 99
233 232
383 384
460 461
477 322
326 327
246 245
239 240
103 102
241 242
264 263
182 181
22 21
159 160
301 302
212 211
119 120
328 327
391 390
234 235
249 250
292 293
341 340
63 64
481 218
283 282
145 146
305 306
337 336
7 6
27 26
349 350
116 115
338 337
118 117
308 307
257 258
414 413
243 244
173 172
335 336
103 104
374 373
380 381
77 76
135 136
223 224
121 122
456 457
361 360
89 88
119 118
97 98
359 358
429 430
4 5
265 266
382 381
207 206
122 123
74 75
388 387
284 283
442 443
276 275
364 363
8 9
223 222
394 393
44 43
395 482
390 389
151 150
16 15
303 304
300 299
344 345
485 276
372 371
206 205
421 422
323 322
82 81
409 408
445 446
247 248
123 124
421 420
399 400
397 398
95 96
41 40
171 170
487 493
438 437
285 284
52 51
112 113
65 64
155 156
204 203
329 328
496 361
86 85
344 343
500
119 120
195 196
99 101
487 488
30 29
377 379
291 292
145 147
399 401
44 43
483 484
459 461
101 102
257 259
387 389
9 11
169 167
464 463
193 191
271 269
10 9
387 385
75 77
105 103
486 485
331 332
299 300
425 427
313 314
183 184
263 265
59 60
335 337
401 403
417 419
61 62
312 311
337 338
405 407
446 445
77 79
475 476
243 241
459 460
291 293
65 66
491 493
403 404
150 149
333 335
327 325
205 206
112 111
289 290
12 11
85 87
473 474
231 229
276 275
259 260
293 295
241 239
481 479
463 465
497 499
248 247
157 159
402 401
389 391
176 175
265 266
357 358
449 447
432 431
297 299
47 48
471 469
425 423
241 242
477 478
200 199
381 379
339 340
7 9
355 353
33 31
23 21
115 113
429 427
211 213
151 153
405 403
421 419
173 171
267 265
490 489
303 305
369 371
273 274
465 467
418 417
157 158
169 171
235 236
471 473
320 319
329 331
377 375
89 90
325 326
35 36
346 345
45 47
257 258
330 329
168 167
105 107
253 254
175 173
192 191
177 178
39 37
145 146
443 444
267 269
228 227
397 395
39 40
343 341
399 400
75 73
469 470
147 149
69 67
315 313
195 197
455 457
142 141
119 121
367 369
409 410
127 128
238 237
421 423
243 244
251 249
285 283
429 430
131 129
29 31
57 55
381 383
261 259
229 227
133 134
294 293
334 333
458 457
89 91
315 317
225 223
164 163
190 189
199 201
97 98
281 283
393 395
203 201
25 23
307 308
500 499
420 419
343 344
462 461
257 255
7 5
133 135
133 131
262 261
253 251
41 39
399 397
50 49
374 373
201 202
34 33
193 195
356 355
319 317
263 264
139 140
61 63
85 83
414 413
471 472
455 456
27 25
477 475
212 211
445 447
362 361
391 392
131 132
51 52
234 233
54 53
480 479
376 375
321 322
439 440
284 283
99 100
157 155
217 219
5 3
117 119
441 442
453 451
26 25
417 415
213 214
350 349
496 495
455 453
27 29
101 103
49 47
125 123
291 289
243 245
81 82
41 42
129 127
23 24
359 361
63 65
450 449
43 41
105 106
139 141
5 6
316 315
489 491
468 467
359 357
385 383
93 91
252 251
415 416
76 75
21 22
365 366
397 398
197 199
69 70
81 79
393 394
13 11
67 68
364 363
31 32
143 144
162 161
109 107
345 347
387 388
475 473
493 494
280 279
160 159
319 321
451 449
137 139
187 189
53 51
159 161
498 497
391 393
230 229
255 253
281 279
173 174
327 328
271 273
425 426
347 348
88 87
217 218
469 467
4 3
152 151
382 381
383 384
495 497
165 166
441 443
247 249
183 185
255 256
153 154
297 295
477 479
226 225
377 378
481 482
179 181
309 311
227 225
114 113
495 493
424 423
203 205
278 277
277 275
63 64
345 343
72 71
187 185
435 433
465 466
367 365
59 61
373 375
71 69
436 435
301 302
406 405
351 349
249 250
331 333
233 231
13 14
447 448
86 85
341 342
437 435
21 19
363 365
221 223
129 130
324 323
485 483
363 361
433 431
193 194
28 27
317 318
428 427
182 181
93 95
389 390
149 151
437 438
321 323
104 103
59 57
13 15
433 434
83 81
177 175
153 155
323 325
217 215
94 93
165 163
263 261
179 180
113 111
221 219
141 143
246 245
379 380
207 209
285 287
45 43
125 127
297 298
207 208
437 439
349 347
273 275
327 329
58 57
37 38
295 296
49 51
209 211
367 368
481 483
357 355
156 155
452 451
148 147
107 108
109 110
360 359
411 409
169 170
277 279
269 270
237 239
441 439
37 35
19 20
55 56
285 286
415 413
7 8
267 268
78 77
18 17
79 80
372 371
233 235
123 121
97 95
303 304
111 109
289 287
353 354
135 137
224 223
163 161
136 135
240 239
272 271
231 232
198 197
408 407
203 204
247 245
309 310
189 191
335 336
287 288
371 373
183 181
74 73
171 172
118 117
453 454
3 1
65 67
138 137
145 143
412 411
165 167
422 421
33 35
53 55
99 97
385 386
215 213
73 71
89 87
177 179
281 282
311 313
2 1
17 19
491 492
124 123
411 413
219 220
207 205
351 352
45 46
125 126
15 16
305 307
215 216
339 341
370 369
429 431
457 459
15 17
309 307
301 303
306 305
237 235
487 489
186 185
409 407
116 115
95 96
443 445
91 92
121 122
337 339
117 115
187 188
210 209
83 84
461 463
396 395
221 222
353 351
485 487
299 301
167
8 7
159 104
68 69
11 10
100 99
155 84
135 134
121 120
21 20
96 97
11 12
45 46
65 66
122 123
86 87
141 100
23 22
38 37
113 112
82 157
124 125
15 14
126 125
77 76
135 136
47 161
94 93
47 46
48 49
106 107
17 18
6 7
96 95
70 71
85 84
81 82
108 107
16 15
3 4
56 57
136 137
98 99
43 42
26 25
5 142
39 40
87 163
124 123
4 5
55 54
49 50
34 33
109 108
145 35
98 97
83 82
164 97
140 116
104 103
22 21
88 151
147 130
105 104
132 133
25 24
17 16
36 35
167 152
48 47
160 150
9 8
50 51
39 38
37 36
63 64
32 31
138 52
133 134
34 35
92 91
89 88
110 109
56 55
109 153
2 3
57 58
146 156
118 117
116 115
95 94
111 110
93 92
128 127
106 105
64 65
101 100
112 111
150 130
154 112
129 128
51 52
43 44
58 59
79 80
113 114
61 62
2 1
6 5
127 126
52 53
54 53
79 78
73 74
80 81
30 31
120 119
88 87
165 55
30 139
10 9
20 19
29 146
131 130
27 26
67 68
33 32
86 85
29 30
152 64
117 116
102 101
49 144
121 122
118 119
72 71
129 130
73 72
115 114
83 84
41 42
18 19
5 158
162 3
76 75
62 63
78 77
45 44
74 75
132 131
30 148
28 29
24 23
13 12
102 103
4 166
143 52
27 28
91 90
89 90
13 14
67 66
40 41
149 138
70 69
61 60
59 60
158
110 132
90 91
118 119
158 22
72 71
3 2
54 53
20 21
124 123
102 101
49 48
11 10
25 147
85 86
136 142
88 87
124 125
91 130
37 36
153 34
42 43
92 93
4 5
44 45
55 54
53 52
72 73
50 51
29 30
79 80
107 108
16 17
103 102
48 47
64 63
42 154
62 63
140 128
116 115
14 15
38 39
105 104
121 138
33 34
68 69
8 7
33 32
115 114
35 34
123 122
95 96
82 83
145 29
4 3
23 22
9 10
113 112
66 150
39 40
109 108
15 16
46 45
18 19
28 29
101 100
94 93
25 24
131 98
129 110
107 106
126 127
120 119
106 105
66 67
78 79
141 31
60 61
81 82
41 40
41 42
83 84
6 7
56 55
74 73
59 58
8 9
110 109
6 5
70 71
46 47
81 139
57 56
143 117
118 117
59 60
146 71
26 25
135 69
148 12
91 92
51 52
22 21
30 31
127 128
1 2
14 13
31 32
49 155
75 74
156 15
96 97
84 85
68 67
116 117
112 111
20 19
44 43
95 94
11 12
64 65
17 18
110 111
120 121
98 137
86 87
49 50
144 114
77 78
45 134
1 133
58 57
64 149
98 97
75 76
61 62
35 36
28 27
81 80
113 114
100 99
69 70
104 103
23 24
13 12
126 125
88 89
66 65
27 26
37 38
121 122
66 151
128 157
98 99
76 77
90 89
122 152
72 136
169
57 59
160 159
75 73
63 65
131 133
113 115
161 159
146 145
43 45
17 19
9 11
107 109
49 47
169 167
2 1
95 96
147 145
149 150
141 142
105 107
114 113
93 91
49 50
45 46
99 97
35 36
101 99
166 165
8 7
53 51
3 4
147 149
5 3
137 135
87 89
163 161
155 153
92 91
25 26
140 139
59 60
143 145
44 43
113 111
39 37
13 11
16 15
52 51
119 117
167 165
94 93
159 157
76 75
27 29
78 77
121 122
85 86
115 117
90 89
115 116
30 29
101 103
11 12
133 135
85 83
117 118
155 156
136 135
124 123
21 22
13 14
143 141
48 47
19 20
77 79
129 130
74 73
68 67
64 63
163 164
83 81
58 57
88 87
167 168
157 155
85 87
139 141
24 23
157 158
77 75
84 83
1 3
21 19
73 71
131 132
106 105
9 7
39 41
149 151
71 69
63 61
137 138
153 154
5 7
23 25
28 27
107 108
34 33
127 129
49 51
33 35
69 67
37 35
144 143
148 147
129 131
99 100
18 17
17 15
151 153
42 41
38 37
125 127
65 66
45 47
55 53
121 119
25 27
82 81
54 53
123 121
111 112
5 6
125 123
55 57
137 139
79 80
43 41
133 134
111 109
102 101
21 23
69 70
161 162
40 39
127 128
59 61
105 103
91 89
110 109
79 81
95 97
97 98
125 126
32 31
152 151
120 119
71 72
104 103
56 55
13 15
163 165
95 93
9 10
31 29
61 62
65 67
31 33
162
62 125
96 48
95 47
72 36
73 147
29 59
3 7
48 97
50 101
19 38
77 155
63 126
80 40
70 140
3 6
127 63
66 133
114 57
53 106
69 34
15 31
74 37
8 17
45 91
19 39
131 65
44 88
76 153
12 25
152 76
8 4
5 11
11 23
112 56
50 100
119 59
137 68
60 120
107 53
78 39
57 28
34 17
93 46
25 50
45 22
80 160
83 41
121 60
73 36
92 46
44 22
123 61
17 35
89 44
47 94
57 115
12 6
51 102
12 24
16 8
141 70
67 33
99 49
134 67
79 159
116 58
45 90
135 67
13 26
158 79
110 55
143 71
109 54
69 139
41 20
38 76
23 47
75 151
78 156
34 68
58 29
14 7
103 51
70 35
58 117
48 24
105 52
28 14
60 30
3 1
27 54
74 149
65 130
72 144
21 42
21 10
84 42
27 55
10 20
145 72
64 128
32 16
59 118
66 33
18 36
46 23
82 41
80 161
5 2
154 77
54 108
4 9
61 122
52 104
40 20
30 15
49 24
62 124
73 146
29 14
10 5
150 75
56 28
13 27
85 42
64 32
2 1
31 63
37 75
19 9
43 86
32 65
148 74
64 129
18 9
37 18
26 52
6 13
142 71
132 66
11 22
16 33
81 162
49 98
30 61
113 56
51 25
157 78
69 138
26 53
40 81
79 39
4 2
35 71
77 38
68 136
87 43
7 15
31 62
43 21
55 111
144
67 66
75 76
25 24
56 57
19 20
63 64
144 55
138 121
52 53
10 9
58 59
42 43
133 114
38 37
86 87
29 120
51 50
73 74
83 82
98 143
96 97
98 99
97 129
21 20
81 82
69 68
23 24
23 22
112 111
84 83
92 93
9 8
4 5
94 130
126 91
70 69
3 4
35 34
57 58
33 32
132 74
64 65
131 55
15 123
134 132
95 94
88 87
2 3
41 40
74 75
46 47
65 66
101 128
16 17
78 122
26 27
25 26
99 100
48 49
53 54
46 45
51 52
142 24
54 55
36 37
80 79
19 18
108 107
88 89
5 6
38 124
109 117
103 102
12 13
7 115
90 91
27 28
62 63
105 104
135 132
107 106
85 86
10 11
44 43
106 105
38 39
113 112
33 34
48 47
71 72
92 91
30 29
101 100
7 8
110 109
60 61
12 11
35 137
101 102
70 71
30 31
76 77
78 79
104 103
56 55
14 15
1 2
73 72
90 89
36 35
77 78
68 67
118 111
16 15
139 26
60 59
49 50
140 120
44 45
39 141
85 84
1 136
14 13
108 109
125 89
102 116
111 110
121 38
32 31
40 39
22 21
42 41
119 95
93 94
98 97
96 95
113 114
80 81
62 61
17 18
28 29
6 7
62 127
2
2 1
3
3 1
2 1
2
1 2
2
1 2
2
2 1
1
1
5
4 3
2 3
5 4
2 1
1
1
1
2
2 1
3
1 2
3 2
1
1
2
1 2
3
1 2
1 3
3
1 2
3 2
2
2 1
3
1 2
1 3
3
2 1
1 3
2
2 1
3
2 1
3 1
1
1
2
2 1
2
1 2
1
1
2
2 1
3
2 1
1 3
1
1
2
2 1
2
2 1
2
2 1
4
2 1
3 2
2 4
1
1
1
2
1 2
2
1 2
3
3 1
1 2
2
2 1
1
2
1 2
2
2 1
4
1 3
1 2
4 2
4
1 2
3 1
4 1
1
1
3
2 1
3 1
1
1
1
2
1 2
4
2 3
4 3
2 1
2
1 2
2
1 2
1
2
2 1
1
2
2 1
2
2 1
4
1 2
3 1
4 3
3
3 1
2 1
2
1 2
2
1 2
2
1 2
1
1
2
2 1
1
1
1
1
2
2 1
1
4
2 1
1 3
4 2
2
2 1
2
1 2
2
2 1
1
1
2
1 2
1
1
2
2 1
1
1
1
3
2 1
3 1
2
2 1
3
2 1
3 1
3
3 1
1 2
4
1 3
4 1
2 1
3
1 2
3 2
4
1 2
2 3
4 1
4
1 2
3 4
1 3
4
4 2
1 2
3 1
