300
400
111 112
291 292
11 13
71 69
209 211
143 144
17 19
293 295
165 166
351 352
117 115
323 324
363 361
4 3
77 75
281 283
59 61
375 377
155 153
117 118
143 145
331 329
57 59
133 135
363 365
194 193
29 27
275 277
106 105
215 213
354 353
98 97
275 273
289 290
397 398
116 115
341 343
327 328
203 201
281 282
68 67
229 227
377 379
79 81
259 261
178 177
107 108
1 2
329 330
272 271
183 184
165 167
163 165
43 45
391 393
204 203
51 49
107 105
151 149
319 320
387 389
391 389
141 143
239 237
55 53
355 356
10 9
35 33
170 169
385 387
27 25
311 313
198 197
33 31
83 84
214 213
249 247
359 360
257 255
289 287
25 23
124 123
347 345
19 21
127 128
46 45
122 121
133 131
334 333
1 3
239 240
266 265
378 377
219 220
159 157
5 7
225 227
193 195
157 155
181 179
265 267
233 234
182 181
331 333
339 341
253 251
397 395
340 339
225 223
115 113
93 94
50 49
61 63
129 127
192 191
67 69
263 265
125 126
355 357
245 243
393 394
159 161
76 75
337 339
151 153
365 367
201 202
335 336
297 299
309 311
301 303
125 127
305 307
206 205
187 189
51 52
370 369
283 285
246 245
171 172
120 119
207 205
183 181
156 155
47 48
13 14
99 101
238 237
241 242
147 149
233 235
174 173
267 268
34 33
212 211
161 163
158 157
180 179
221 223
80 79
87 85
135 137
145 147
357 358
397 399
29 30
277 278
43 41
37 39
15 16
24 23
31 29
36 35
187 185
252 251
37 38
322 321
270 269
197 195
383 384
66 65
237 235
348 347
244 243
219 217
335 337
123 121
95 96
280 279
274 273
207 209
125 123
151 152
295 296
99 97
209 210
71 72
86 85
188 187
8 7
226 225
9 11
61 62
177 175
164 163
130 129
131 129
89 87
137 139
289 291
263 261
28 27
243 241
279 281
245 247
139 140
73 74
47 45
361 359
329 327
395 393
375 373
305 306
85 83
162 161
200 199
105 103
369 367
78 77
73 75
167 169
291 293
215 217
221 219
121 119
257 258
197 199
185 186
224 223
176 175
365 366
215 216
113 114
207 208
263 264
49 47
347 349
111 113
149 150
310 309
342 341
102 101
131 132
323 325
313 314
294 293
37 35
308 307
60 59
353 355
44 43
93 91
321 319
331 332
271 273
7 9
135 136
317 315
255 253
376 375
385 386
97 95
372 371
13 15
185 183
138 137
315 313
307 309
241 239
259 260
323 321
57 58
230 229
147 148
317 319
257 259
104 103
117 119
70 69
235 236
51 53
109 107
349 351
350 349
345 343
89 90
89 91
368 367
111 109
191 189
333 335
5 3
395 396
269 267
269 271
247 248
153 154
175 173
275 276
26 25
17 15
392 391
286 285
362 361
373 371
81 83
67 65
301 299
133 134
99 100
305 303
139 141
41 39
57 55
21 22
55 56
315 316
261 262
287 285
383 381
359 357
250 249
364 363
64 63
203 205
222 221
297 295
389 390
11 12
344 343
231 229
71 73
371 369
380 379
40 39
77 79
338 337
217 218
300 299
92 91
101 103
171 169
32 31
297 298
283 284
65 63
53 54
41 42
233 231
303 304
19 20
383 385
196 195
353 351
255 256
191 193
199 201
82 81
301 302
141 142
326 325
287 288
189 190
387 388
346 345
168 167
5 6
227 228
318 317
159 160
327 325
87 88
400 399
109 110
231 232
312 311
93 95
171 173
381 382
251 249
177 179
17 18
379 381
277 279
23 21
373 374
253 254
213 211
146 145
400
87 88
110 109
86 85
62 63
217 216
269 270
137 138
297 296
279 278
195 196
186 187
163 164
322 323
293 292
385 386
245 246
273 274
251 250
170 169
3 2
258 257
192 193
209 208
349 350
247 246
187 188
140 139
61 62
125 126
323 324
115 116
97 96
35 36
28 29
166 167
182 183
35 34
139 138
7 6
52 51
381 382
102 103
352 353
252 251
227 228
76 77
153 152
12 13
194 195
338 337
189 190
99 100
21 22
153 154
16 15
364 363
239 238
31 30
114 115
112 113
183 184
137 136
373 374
296 295
14 15
5 6
117 116
172 173
350 351
114 113
84 85
297 298
105 106
72 73
318 319
279 280
121 120
184 185
289 288
265 266
241 240
19 20
212 211
200 201
192 191
125 124
310 311
39 40
351 352
374 375
229 228
127 126
249 250
220 219
247 248
20 21
54 55
226 227
301 300
90 89
142 143
145 144
44 45
91 393
379 380
338 339
382 383
65 66
19 18
371 372
379 378
367 366
57 56
238 237
111 110
344 345
273 272
70 71
313 312
298 299
53 52
348 347
39 38
254 253
43 42
202 203
66 67
328 329
142 141
171 172
321 320
25 26
135 136
370 371
262 263
87 86
163 162
221 222
256 257
64 65
144 143
13 14
325 326
59 60
128 129
164 165
214 213
151 150
4 5
303 302
134 135
232 233
11 10
365 366
11 12
123 124
186 185
202 201
356 355
381 380
244 243
245 244
285 286
178 179
50 49
315 316
4 3
8 7
224 223
41 42
255 256
105 104
206 207
204 205
275 276
94 93
141 140
88 89
48 47
267 268
81 82
93 92
130 131
176 175
392 347
225 224
176 177
74 73
222 223
339 340
323 391
90 91
282 281
70 69
157 156
295 294
196 197
322 321
370 369
132 133
72 71
259 258
287 288
197 198
376 377
333 334
372 373
174 175
58 57
365 364
173 174
150 149
118 117
283 282
171 170
181 182
17 16
188 189
314 315
17 18
120 119
32 31
146 145
41 40
181 180
215 216
277 276
336 337
396 258
94 95
156 155
8 9
299 300
348 349
10 9
376 375
304 303
30 29
122 123
129 130
215 214
309 308
346 347
265 264
331 330
301 302
207 208
97 98
255 254
342 343
290 289
253 252
103 104
319 320
26 27
148 149
76 75
345 346
38 37
161 162
327 326
267 266
131 132
400 9
248 249
36 37
83 84
46 45
212 213
33 34
239 240
50 51
1 2
336 335
22 23
360 359
236 237
313 314
95 96
311 312
385 384
286 287
270 271
231 232
99 98
199 198
107 106
161 160
191 190
109 108
378 377
342 341
218 217
383 384
333 332
261 262
354 353
241 242
67 68
260 259
158 157
205 394
357 358
235 234
44 43
82 83
47 46
361 362
152 151
280 281
368 367
56 55
147 146
148 147
127 128
307 308
310 309
343 344
263 264
359 358
100 101
63 64
210 211
111 112
210 209
118 119
134 133
329 330
335 334
325 324
368 369
107 108
388 387
78 77
32 33
229 230
340 341
165 166
28 27
91 92
24 23
199 200
179 180
102 101
356 357
307 306
277 278
354 355
398 81
362 363
204 203
54 53
387 386
218 219
205 206
177 178
59 58
221 220
284 283
122 121
305 304
242 243
388 389
75 74
48 49
69 68
271 272
316 317
78 79
155 154
291 290
193 194
235 236
261 260
390 389
226 225
80 79
268 269
167 168
160 159
169 168
327 328
159 158
317 318
130 395
361 360
294 293
81 80
234 233
61 60
274 275
159 397
331 332
336 399
25 24
292 291
305 306
231 230
284 285
400
120 60
273 136
50 100
156 312
236 118
141 70
192 385
346 173
7 15
109 54
159 319
264 132
286 143
137 274
41 83
45 22
85 170
16 8
46 93
118 237
160 321
54 27
143 71
104 208
155 311
70 35
287 143
179 89
142 285
107 53
203 101
59 119
154 309
139 278
189 378
123 61
112 56
176 353
116 232
304 152
106 212
88 177
110 220
153 76
225 112
133 266
196 393
318 159
136 68
65 130
105 211
259 129
377 188
57 28
243 121
240 120
324 162
171 342
101 202
135 67
116 233
193 387
222 111
67 134
95 191
300 150
5 11
101 50
59 118
119 238
13 27
30 61
386 193
58 117
42 21
144 289
73 36
48 24
368 184
146 292
256 128
91 45
161 323
180 361
369 184
303 151
9 4
141 283
30 60
182 91
337 168
195 391
149 74
62 31
64 128
53 26
48 97
5 10
51 103
100 201
137 68
168 336
119 239
12 25
298 149
339 169
87 175
107 214
131 263
397 198
98 197
314 157
85 42
29 58
210 105
6 12
97 194
55 110
53 106
62 124
135 270
151 75
138 276
122 61
167 335
150 301
82 41
382 191
22 11
388 194
299 149
104 209
51 102
128 257
91 183
245 122
71 35
176 352
350 175
72 144
2 1
242 121
400 200
54 108
83 167
365 182
62 125
3 6
392 196
39 78
130 261
51 25
18 36
177 354
131 65
132 265
4 8
164 329
376 188
366 183
204 102
193 96
87 43
187 93
163 81
260 130
98 196
111 223
126 63
328 164
28 56
4 2
147 73
88 176
364 182
41 20
351 175
109 219
142 71
49 98
170 340
310 155
16 32
161 322
174 87
325 162
38 19
115 57
18 9
134 269
344 172
16 33
341 170
10 21
66 132
94 189
117 235
117 234
84 42
228 114
106 213
34 17
83 166
86 43
154 77
138 277
32 65
17 35
181 362
206 103
291 145
44 88
179 359
37 18
199 99
13 6
172 345
102 205
40 80
343 171
140 280
275 137
150 75
82 165
178 356
44 22
8 17
127 254
147 294
90 45
308 154
2 5
316 158
31 63
55 27
183 367
82 164
379 189
94 47
89 178
94 188
96 192
10 20
86 173
333 166
396 198
69 34
184 92
156 78
66 33
191 383
99 198
327 163
76 38
133 267
26 13
315 157
74 148
398 199
332 166
197 395
80 160
50 25
152 76
19 39
165 331
99 49
69 139
375 187
169 338
186 373
249 124
48 96
30 15
157 78
258 129
97 195
11 23
95 190
125 250
389 194
108 216
90 180
14 28
163 326
36 72
255 127
3 1
126 253
46 92
186 372
72 145
334 167
172 86
105 52
129 64
370 185
349 174
146 293
123 246
159 79
110 221
317 158
100 200
248 124
109 218
19 9
40 81
38 77
34 68
69 138
226 113
199 399
92 185
147 295
63 127
151 302
296 148
114 57
103 207
187 374
290 145
169 84
306 153
81 162
178 357
197 394
355 177
229 114
108 217
244 122
262 131
186 93
84 168
272 136
26 52
20 40
12 24
123 247
190 380
44 89
52 104
156 313
43 21
134 268
113 227
49 24
23 47
281 140
181 90
59 29
381 190
80 161
33 67
3 7
29 14
107 215
284 142
153 307
56 113
158 79
37 74
330 165
15 31
77 155
37 75
390 195
241 120
192 384
95 47
46 23
297 148
60 121
320 160
135 271
126 252
348 174
360 180
79 39
14 7
115 231
70 140
32 64
347 173
58 116
133 66
115 230
185 371
179 358
125 251
139 279
305 152
141 282
146 73
55 111
171 85
288 144
224 112
181 363
400
285 286
276 275
162 163
251 250
332 333
365 364
36 35
90 91
252 251
208 207
38 39
111 110
295 296
103 104
100 101
23 22
67 66
237 236
113 112
82 81
224 223
73 74
140 141
331 330
143 144
176 175
355 393
338 339
112 111
154 155
237 238
367 366
11 12
185 184
178 177
363 362
138 139
180 179
142 143
188 189
209 208
309 310
155 156
67 68
90 89
162 161
225 224
351 350
313 312
61 60
315 316
264 263
19 18
326 325
212 213
195 196
307 306
25 26
149 400
171 170
227 226
39 40
37 36
332 331
42 41
200 199
34 33
345 346
13 12
83 82
282 281
71 384
176 177
85 86
336 335
279 280
392 22
9 8
362 361
144 145
41 40
45 46
121 120
316 387
215 216
246 247
210 209
232 233
335 334
119 375
307 308
196 197
96 95
262 261
126 127
65 64
273 272
326 327
374 138
27 28
242 243
15 16
327 328
275 274
358 357
105 106
184 183
101 102
137 138
69 68
133 132
119 118
189 190
79 78
215 214
20 19
131 132
195 194
182 183
278 277
258 259
3 2
296 297
6 7
343 342
84 83
24 25
340 341
346 347
234 233
93 92
239 240
304 305
87 88
151 152
198 199
141 142
222 223
146 145
221 220
152 153
15 14
369 368
325 324
383 160
352 353
105 377
261 260
93 94
129 130
14 13
192 191
87 86
47 48
123 124
116 115
206 207
289 288
300 301
355 356
140 139
353 354
66 65
117 118
9 10
57 58
53 52
342 341
48 49
299 386
340 339
114 113
280 281
337 338
166 167
32 31
334 333
128 129
186 185
278 279
287 288
42 43
11 10
228 229
97 96
181 182
156 157
270 269
241 240
367 368
70 71
128 127
4 3
391 181
204 203
50 51
287 286
191 190
276 277
28 29
389 107
76 75
232 231
72 71
299 300
265 266
355 354
168 169
263 262
292 291
220 219
257 258
72 73
126 125
98 97
6 5
108 107
57 56
299 399
295 294
305 306
397 17
366 365
69 70
47 390
337 336
360 361
115 114
122 123
324 323
164 163
352 351
360 359
137 136
50 49
394 288
283 284
249 248
35 34
268 269
55 54
297 298
256 257
245 244
158 159
192 193
2 1
247 248
53 54
99 98
20 21
134 133
164 165
149 148
54 381
289 290
291 290
221 222
234 235
44 45
388 252
238 239
371 249
122 121
167 168
26 27
55 56
321 320
301 302
78 77
267 266
205 204
293 294
380 297
256 255
17 16
181 180
147 146
120 119
330 329
198 197
135 136
323 322
116 117
43 44
92 91
22 21
100 99
173 174
385 215
267 268
321 322
171 172
172 173
308 309
303 302
231 230
226 225
174 175
255 254
312 311
201 202
311 310
124 125
299 298
357 356
228 227
314 313
52 51
211 210
62 61
217 216
373 14
84 85
316 317
245 246
319 320
62 63
58 59
178 179
95 94
188 187
103 102
149 150
59 60
4 5
348 347
319 318
213 214
235 236
315 314
31 30
203 202
160 159
109 110
64 63
148 147
363 364
285 284
89 88
271 272
108 109
24 23
211 212
210 372
229 230
170 169
264 265
158 157
344 345
253 252
8 7
76 77
344 343
242 241
150 151
259 260
18 17
37 38
348 349
303 304
193 194
249 250
46 47
74 75
166 165
153 154
376 159
201 200
130 131
253 254
358 359
328 379
218 219
355 398
329 328
80 79
271 270
318 317
81 80
382 195
206 205
33 32
282 283
217 218
359 378
187 186
370 369
293 292
243 244
273 274
134 135
105 104
107 106
46 396
395 243
160 161
29 30
350 349
2
2 1
3
1 2
3 1
2
1 2
6
1 6
2 1
4 1
1 3
5 1
1
4
4 2
2 1
2 3
2
2 1
4
2 1
4 2
3 1
2
2 1
1
3
1 2
3 1
4
2 4
1 3
2 1
2
1 2
4
2 1
3 1
4 2
3
2 1
3 1
6
4 3
3 5
1 3
2 1
5 6
4
4 2
2 3
2 1
3
2 3
1 2
1
2
2 1
3
1 3
2 1
7
3 4
3 1
7 5
5 6
3 5
2 1
3
3 2
2 1
3
2 1
1 3
2
1 2
3
3 2
2 1
4
2 1
4 1
2 3
3
2 1
1 3
5
3 4
4 5
1 2
2 3
5
5 4
2 1
2 3
4 3
3
2 1
1 3
3
2 1
1 3
5
2 5
3 1
4 2
1 2
4
3 4
2 3
1 2
6
1 2
5 1
1 4
1 3
1 6
3
1 2
3 2
1
3
2 1
3 1
1
3
3 2
2 1
3
1 2
1 3
3
2 1
1 3
2
2 1
5
3 4
5 4
2 3
1 2
3
1 2
1 3
4
4 2
1 2
3 1
2
1 2
5
2 4
5 1
2 1
3 1
5
2 1
4 5
4 1
3 1
3
1 2
1 3
2
2 1
4
2 1
1 3
4 2
6
2 1
3 4
6 5
3 1
5 3
2
1 2
3
1 3
1 2
4
3 2
2 1
4 3
3
1 2
3 1
3
3 1
2 1
4
1 3
1 4
1 2
3
2 1
1 3
4
1 3
1 2
4 1
5
3 2
3 4
5 4
2 1
2
1 2
6
1 2
2 4
2 5
1 3
3 6
3
2 3
2 1
3
1 2
3 1
1
5
2 5
2 1
4 2
1 3
6
2 4
4 6
2 1
1 5
1 3
1
4
3 4
2 1
3 1
1
3
1 3
2 1
3
3 2
2 1
4
1 3
2 4
2 1
3
1 2
1 3
3
1 3
1 2
3
1 2
3 1
4
1 2
4 3
3 2
2
2 1
4
2 1
1 3
2 4
7
6 5
1 2
4 5
2 3
6 7
3 4
7
3 1
7 3
2 1
2 4
3 6
5 4
2
2 1
6
2 1
2 5
3 6
2 4
1 3
4
2 1
3 1
2 4
2
1 2
4
4 2
1 3
2 1
4
3 1
2 4
1 2
2
2 1
5
1 2
1 4
3 1
1 5
3
3 1
2 1
1
6
6 5
3 2
4 3
1 2
4 5
4
3 1
1 4
2 1
3
1 3
2 1
3
1 2
3 1
4
2 3
2 1
4 3
2
2 1
3
3 1
2 1
4
4 3
3 2
2 1
3
2 3
2 1
2
1 2
4
2 1
1 3
1 4
1
2
2 1
4
3 2
4 3
2 1
4
3 1
4 1
1 2
2
1 2
3
1 3
2 1
7
5 7
3 4
1 2
1 3
5 3
5 6
1
4
2 1
4 3
1 3
4
1 3
3 4
1 2
4
2 3
1 2
3 4
3
2 3
1 2
2
1 2
4
3 1
4 1
1 2
4
1 3
2 4
1 2
3
1 2
1 3
3
1 2
3 1
3
1 2
3 1
3
2 1
1 3
3
1 3
1 2
3
1 2
3 1
2
1 2
3
3 2
1 2
6
2 1
3 1
1 6
5 1
4 1
2
1 2
4
4 1
1 2
1 3
4
3 1
1 2
4 2
4
1 2
2 4
3 1
2
1 2
2
1 2
7
5 6
3 2
3 4
4 5
7 6
2 1
3
1 2
3 2
4
1 3
1 4
2 1
6
4 3
2 3
5 6
2 1
4 5
3
3 2
2 1
2
2 1
4
4 1
1 2
3 1
1
2
2 1
3
3 1
1 2
3
1 2
3 2
4
1 4
2 1
1 3
2
2 1
4
2 1
3 4
1 3
2
1 2
2
1 2
2
1 2
3
3 1
1 2
2
2 1
3
1 2
2 3
2
2 1
4
3 1
1 2
4 2
4
1 2
3 1
4 2
3
1 2
3 2
5
4 3
3 5
1 3
2 1
3
2 1
1 3
6
1 2
3 6
3 1
5 2
1 4
4
1 2
2 4
3 1
6
6 5
2 1
5 3
4 3
3 1
4
3 4
2 3
2 1
3
1 3
1 2
4
1 2
2 3
3 4
5
1 2
4 1
5 1
3 1
3
3 2
1 2
4
4 3
2 1
3 2
4
3 4
1 3
2 1
4
4 3
1 2
3 1
4
2 1
3 2
4 1
5
5 2
2 4
1 2
3 1
3
3 1
1 2
2
1 2
3
3 1
2 1
2
1 2
1
3
3 1
2 1
2
2 1
3
2 3
1 2
2
1 2
2
2 1
5
1 2
5 4
4 3
2 3
4
3 1
2 1
4 2
4
4 2
1 2
1 3
7
6 3
5 2
3 7
2 4
2 1
3 1
6
1 4
5 1
3 6
1 3
2 1
3
2 1
3 1
4
2 1
4 3
3 1
4
1 3
1 4
2 1
3
2 3
2 1
2
1 2
3
2 1
1 3
6
3 4
1 2
3 1
6 5
5 3
3
1 2
3 2
8
3 4
1 2
6 5
7 6
7 8
5 4
3 2
3
1 2
1 3
3
3 1
2 1
1
5
1 3
1 2
4 2
5 2
3
1 3
2 1
2
1 2
3
1 2
3 2
3
3 1
2 1
5
2 1
2 5
2 4
3 1
5
3 1
5 3
1 2
4 3
3
1 2
1 3
3
2 1
1 3
4
1 2
1 3
4 2
5
1 4
3 1
1 5
2 1
4
3 1
1 2
2 4
5
4 3
2 3
2 1
5 4
5
3 4
2 1
3 5
1 3
3
3 1
1 2
4
3 4
1 2
3 2
5
3 1
2 1
3 5
3 4
3
1 2
2 3
5
4 3
3 1
2 1
5 3
5
2 1
4 1
5 1
1 3
2
2 1
3
2 3
1 2
5
5 3
1 3
3 4
1 2
5
3 4
4 5
3 2
1 2
1
1
2
1 2
3
3 1
1 2
3
1 2
3 1
1
4
1 2
4 3
3 1
5
1 2
3 4
3 2
5 4
3
2 1
3 1
2
1 2
4
1 3
4 3
1 2
2
1 2
4
4 2
1 2
3 1
3
1 3
2 1
3
3 2
2 1
2
2 1
2
2 1
5
3 4
2 3
1 2
4 5
3
1 2
3 1
4
1 3
2 4
1 2
5
4 1
5 4
2 1
3 1
5
1 3
5 1
1 4
1 2
4
2 1
1 4
3 1
3
2 1
3 1
2
2 1
4
3 4
1 2
1 3
5
2 5
2 1
4 2
3 1
5
1 2
5 4
4 3
3 2
3
3 1
2 1
2
2 1
4
4 1
1 2
1 3
1
6
5 1
1 3
6 1
4 1
1 2
5
1 2
5 4
2 3
4 3
3
3 2
1 2
5
1 3
4 2
5 2
2 1
5
5 3
2 1
4 3
3 1
4
2 1
4 1
3 1
1
2
1 2
5
1 4
2 1
1 3
5 1
2
2 1
3
2 1
3 2
3
3 2
2 1
3
3 1
1 2
2
1 2
4
3 4
2 1
1 3
2
1 2
1
4
4 1
1 2
2 3
6
1 2
4 2
5 2
6 3
1 3
3
1 2
1 3
1
3
1 2
3 1
4
2 1
3 1
4 2
4
1 2
3 2
4 3
7
3 2
1 2
2 4
6 5
5 2
6 7
2
1 2
5
3 1
5 2
4 2
2 1
1
3
3 2
2 1
2
2 1
4
1 2
1 4
3 1
3
2 1
1 3
5
4 3
3 5
1 2
3 1
4
3 4
1 2
3 1
1
2
2 1
2
2 1
3
1 3
1 2
1200
701 702
197 199
923 921
809 810
1128 1127
518 517
29 30
803 801
533 534
117 115
1145 1147
694 693
1097 1098
1057 1058
390 389
469 470
303 304
1067 1068
1085 1083
675 677
693 695
299 297
859 860
313 311
1149 1150
175 177
751 753
90 89
175 176
615 617
407 408
132 131
1011 1013
988 987
1156 1155
1196 1195
53 54
591 589
397 399
552 551
861 862
828 827
929 930
831 832
720 719
600 599
634 633
301 299
1003 1005
3 4
286 285
425 427
681 679
577 575
737 738
672 671
1002 1001
329 330
129 131
312 311
309 310
459 461
521 523
1177 1178
346 345
529 527
267 265
375 377
939 941
387 385
415 413
739 737
381 383
354 353
907 905
1127 1125
981 982
609 611
399 401
747 749
81 83
302 301
886 885
729 727
939 940
918 917
975 976
939 937
569 567
504 503
1177 1175
717 715
666 665
257 255
730 729
502 501
1064 1063
761 762
39 37
139 137
202 201
1113 1114
631 633
235 236
1067 1065
145 146
1111 1109
350 349
695 696
1191 1193
537 538
1123 1121
1191 1189
637 635
823 825
349 351
147 148
289 287
801 799
27 25
1061 1062
419 420
373 374
155 153
459 460
315 313
59 60
953 951
394 393
609 607
103 104
301 303
321 319
833 831
925 926
633 635
14 13
141 142
1167 1168
984 983
767 769
331 333
733 734
969 967
480 479
316 315
876 875
967 965
285 287
839 837
949 950
361 362
145 143
941 943
949 947
946 945
599 597
451 453
1145 1146
791 792
285 283
853 851
341 342
11 9
1005 1007
837 835
255 253
237 235
75 73
921 919
981 983
680 679
1089 1087
692 691
931 933
703 704
531 532
391 392
449 447
877 879
748 747
541 539
331 332
1117 1119
147 145
335 333
257 258
911 913
1052 1051
11 13
15 17
772 771
76 75
1135 1133
665 667
150 149
1007 1008
971 969
597 598
111 109
727 725
706 705
199 201
793 794
77 78
509 511
162 161
721 723
41 43
591 592
419 421
364 363
661 663
127 128
309 311
813 811
262 261
49 51
913 914
660 659
545 547
213 214
683 684
719 721
123 121
275 277
100 99
945 943
935 933
375 376
269 271
655 657
349 347
703 705
64 63
246 245
121 119
1161 1162
140 139
752 751
1143 1145
268 267
852 851
187 188
337 335
485 483
275 276
993 995
1113 1111
735 737
44 43
175 173
769 770
669 667
638 637
983 985
882 881
1134 1133
1048 1047
934 933
385 383
477 479
57 55
389 391
629 631
635 636
411 409
1165 1163
253 254
147 149
232 231
194 193
612 611
337 339
46 45
5 7
674 673
329 327
553 555
1033 1034
440 439
717 718
1056 1055
1095 1096
260 259
243 241
809 811
500 499
153 154
1130 1129
927 928
965 963
122 121
758 757
195 193
183 185
379 381
1059 1060
1082 1081
207 208
585 586
689 690
668 667
127 125
157 159
134 133
570 569
1040 1039
1085 1087
870 869
124 123
867 868
378 377
341 339
903 904
367 365
815 816
203 204
1185 1186
13 15
261 259
117 118
1081 1079
948 947
24 23
67 68
544 543
687 685
1169 1170
1025 1026
629 630
387 388
1125 1123
382 381
446 445
491 489
993 994
1185 1187
34 33
42 41
445 443
901 903
646 645
736 735
857 855
1200 1199
195 197
627 625
275 273
101 102
1099 1097
919 920
191 193
873 875
1185 1183
743 741
675 676
263 264
398 397
239 241
67 65
1160 1159
687 689
55 56
661 662
63 61
536 535
317 315
878 877
1019 1021
589 590
927 925
728 727
3 1
715 716
475 477
841 843
853 854
203 205
69 67
367 368
358 357
782 781
865 867
823 824
1140 1139
665 663
477 478
58 57
425 426
247 245
277 278
958 957
990 989
413 414
1093 1095
1122 1121
575 576
880 879
411 412
883 885
554 553
507 505
585 583
1173 1175
806 805
219 220
725 726
897 895
843 844
741 739
722 721
384 383
37 38
322 321
1086 1085
960 959
88 87
1071 1073
567 565
785 783
1041 1039
1046 1045
957 955
1051 1053
657 658
654 653
1037 1035
631 632
1105 1107
1115 1116
53 55
1066 1065
595 593
601 603
217 215
575 573
907 909
282 281
607 608
709 711
663 664
833 835
1126 1125
163 164
819 817
846 845
3 5
791 793
489 487
872 871
613 615
463 464
251 253
424 423
729 731
681 682
1119 1120
1023 1025
1069 1070
699 700
473 475
836 835
1065 1063
320 319
291 289
181 183
227 229
20 19
172 171
259 257
336 335
97 95
430 429
17 18
72 71
1011 1012
642 641
152 151
650 649
289 290
905 906
578 577
279 281
251 249
233 235
783 781
891 889
533 535
1014 1013
563 565
267 269
359 357
506 505
1181 1179
709 710
1155 1157
786 785
1188 1187
170 169
613 614
1143 1144
99 101
1011 1009
463 461
529 531
1103 1105
87 85
1107 1109
1019 1020
171 173
743 745
215 216
790 789
992 991
864 863
1182 1181
1089 1091
861 859
1117 1115
915 913
584 583
624 623
25 26
491 492
1181 1183
1151 1153
547 549
900 899
1018 1017
1192 1191
845 843
1142 1141
355 353
559 561
183 184
103 101
768 767
821 823
815 813
766 765
1183 1184
777 778
33 31
1027 1028
167 165
1063 1061
395 393
974 973
897 898
919 917
517 519
53 51
771 773
1023 1024
751 749
777 775
261 263
747 745
1081 1083
1077 1079
909 911
1091 1092
952 951
513 511
763 764
977 979
83 85
1171 1169
945 947
491 493
447 448
637 639
995 997
135 136
961 963
847 845
356 355
1091 1093
73 74
583 581
641 639
457 458
649 651
1033 1031
731 733
1031 1029
333 334
201 203
861 863
831 829
473 474
1005 1006
179 177
437 439
527 525
537 535
695 697
496 495
129 127
975 977
1004 1003
308 307
433 434
814 813
66 65
545 543
651 653
1009 1010
23 21
867 869
248 247
343 345
1195 1197
79 77
589 587
1113 1115
761 763
433 435
1194 1193
251 252
59 57
991 989
507 508
683 685
808 807
866 865
1001 999
521 519
701 699
391 393
959 957
167 169
131 133
1189 1190
75 77
655 653
937 935
81 82
305 306
405 406
497 495
444 443
247 249
1164 1163
1169 1167
432 431
521 522
482 481
1055 1053
501 499
871 873
997 998
111 113
455 456
351 353
647 648
471 472
627 628
580 579
1100 1099
107 108
756 755
1090 1089
51 52
1129 1127
656 655
1033 1035
369 371
1173 1174
317 318
515 517
548 547
481 479
593 594
125 126
603 604
917 915
643 644
995 996
755 753
471 469
481 483
520 519
35 36
9 10
269 270
241 242
107 109
435 437
557 555
524 523
541 542
1149 1151
413 411
400 399
605 603
825 826
292 291
135 133
271 272
226 225
92 91
888 887
427 429
789 787
1057 1059
922 921
551 549
423 425
196 195
645 647
591 593
160 159
1050 1049
997 999
419 417
699 697
525 526
17 19
1124 1123
774 773
380 379
573 574
979 980
985 987
961 959
817 815
47 45
803 805
938 937
765 763
1152 1151
1041 1043
881 879
300 299
797 798
841 839
61 62
703 701
344 343
610 609
954 953
495 493
1077 1078
217 219
842 841
1073 1074
109 110
620 619
79 81
975 973
964 963
625 623
629 627
649 647
451 452
179 181
753 754
746 745
441 443
130 129
453 455
112 111
549 550
787 785
1101 1099
825 827
949 951
1009 1007
279 277
911 912
125 123
793 795
691 689
1179 1177
923 925
573 571
180 179
403 404
1 2
283 281
1037 1039
742 741
45 43
596 595
581 582
757 755
1135 1136
265 263
189 191
445 447
1135 1137
1103 1104
817 818
95 96
987 989
465 463
221 222
89 91
347 348
779 777
587 588
297 295
568 567
71 73
978 977
915 916
871 869
759 760
651 652
800 799
79 80
733 735
41 39
16 15
223 225
613 611
283 284
403 405
211 213
681 683
49 50
215 213
1087 1088
863 865
715 713
853 855
86 85
615 616
540 539
401 402
902 901
693 691
473 471
890 889
307 305
907 908
675 673
35 37
848 847
993 991
169 171
1030 1029
337 338
623 621
395 396
217 218
801 802
205 207
105 106
626 625
1193 1195
1025 1027
105 107
449 451
494 493
1044 1043
643 641
409 410
99 97
1137 1139
93 94
84 83
386 385
489 490
293 295
1173 1171
5 6
1051 1049
856 855
883 881
371 372
931 929
497 499
1053 1054
1095 1097
923 924
769 771
250 249
265 266
351 352
749 750
313 314
543 541
149 151
968 967
151 153
1180 1179
467 469
511 512
137 135
893 894
670 669
359 360
407 405
893 891
1147 1148
619 621
829 827
732 731
293 294
361 359
309 307
340 339
245 243
899 901
1069 1071
1093 1094
185 187
244 243
229 230
546 545
784 783
761 759
177 178
822 821
857 859
415 416
1139 1141
999 1000
449 450
431 429
797 799
365 363
1023 1021
1132 1131
59 61
707 705
779 781
387 389
1043 1045
47 49
618 617
953 955
619 617
757 759
407 409
373 371
69 71
717 719
1059 1061
1167 1165
645 643
579 577
807 809
288 287
181 182
1047 1049
1159 1157
932 931
965 966
219 221
833 834
329 331
1112 1111
789 791
566 565
117 119
673 671
1133 1131
1013 1015
839 840
326 325
708 707
585 587
1198 1197
28 27
1075 1077
971 972
209 210
909 910
441 439
740 739
1027 1029
677 678
166 165
192 191
1158 1157
418 417
1121 1119
723 724
375 373
936 935
69 70
597 595
365 366
1041 1042
885 887
559 560
97 98
979 981
303 305
155 157
713 711
1016 1015
1117 1118
119 120
31 29
723 725
601 599
231 229
1153 1154
279 280
1171 1172
895 896
47 48
324 323
503 505
563 561
1101 1103
1003 1001
273 271
466 465
795 797
969 970
163 165
569 571
187 189
1017 1019
830 829
143 144
21 22
240 239
323 325
971 973
370 369
39 40
273 274
1015 1017
847 849
423 421
454 453
503 501
234 233
161 159
796 795
1037 1038
415 417
712 711
369 367
571 572
361 363
347 345
9 7
327 328
1166 1165
438 437
227 225
296 295
562 561
677 679
137 138
27 29
602 601
819 820
167 168
457 459
607 605
209 211
1045 1047
116 115
317 319
807 805
891 892
905 903
819 821
157 158
812 811
873 874
498 497
114 113
185 186
523 525
87 89
962 961
441 442
357 355
551 553
239 237
1147 1149
487 488
174 173
483 484
63 65
1032 1031
403 401
231 233
688 687
1083 1084
1175 1176
237 238
788 787
563 564
804 803
743 744
255 256
19 21
1153 1155
558 557
639 640
379 377
1109 1110
32 31
93 91
657 659
485 487
955 956
767 765
709 707
1069 1067
223 224
209 207
686 685
455 457
486 485
1197 1199
509 507
698 697
8 7
780 779
986 985
1131 1129
422 421
141 143
200 199
1036 1035
1079 1080
929 927
1143 1141
1022 1021
661 659
605 606
943 944
475 476
1107 1108
341 343
428 427
531 533
291 293
103 105
899 897
713 714
850 849
537 539
465 467
297 298
113 115
211 212
156 155
11 12
1163 1161
197 198
468 467
1137 1138
849 851
435 436
223 221
621 622
559 557
669 671
321 323
528 527
581 579
513 514
884 883
462 461
23 25
1187 1189
942 941
893 895
33 35
509 510
1101 1102
327 325
556 555
516 515
889 887
858 857
776 775
227 228
190 189
93 95
1161 1159
141 139
775 773
1076 1075
1106 1105
1071 1072
837 838
433 431
1075 1073
395 397
1055 1057
529 530
875 877
163 161
515 513
205 206
1200
865 864
23 24
9 10
110 109
1111 1112
983 982
695 696
1015 1014
540 541
947 948
974 975
843 842
615 616
56 55
1104 1103
122 123
195 194
869 870
937 938
634 635
333 332
1109 1108
489 488
398 399
207 206
780 779
603 604
140 139
543 542
358 359
994 993
139 138
181 180
551 550
29 1185
1007 1006
659 658
152 153
1065 1064
1165 1172
605 604
1089 1090
245 244
918 919
790 791
609 608
384 385
466 467
716 717
822 821
773 772
1038 1037
890 889
923 922
1186 166
820 819
308 309
308 307
154 153
1125 1126
345 344
813 814
205 204
417 416
768 769
120 119
1135 1134
1021 1022
639 638
337 336
530 531
601 1188
556 557
859 858
540 539
564 563
575 574
1078 1079
428 429
539 538
326 327
653 652
423 422
1175 273
1159 1158
491 492
810 809
975 976
863 862
1057 1056
483 484
1082 1081
912 913
1061 1062
772 771
412 411
388 389
832 833
732 731
936 937
207 208
405 406
73 72
462 463
62 63
516 515
725 726
526 525
908 909
49 50
1031 1030
11 10
472 473
149 148
46 47
63 64
5 6
641 642
172 173
743 744
1059 1058
887 886
911 912
467 468
867 868
427 426
733 732
31 30
806 807
18 17
44 43
465 464
487 488
880 879
605 606
1044 1045
970 969
1156 1157
114 115
795 796
166 165
630 631
268 269
465 466
48 49
951 950
537 536
528 527
1152 1151
1010 1011
1026 1025
507 506
13 14
496 497
722 723
313 312
808 809
76 77
1050 1051
504 503
1161 1162
621 622
833 834
712 713
425 426
36 35
954 953
249 250
644 645
856 857
712 711
1160 1161
433 432
1072 1073
148 147
178 179
1147 1148
205 206
381 382
413 414
900 899
898 899
736 737
1121 1120
1000 1001
897 898
529 528
358 357
725 724
100 101
140 141
618 617
794 793
200 199
324 325
585 586
1153 1152
775 776
105 104
992 991
1150 1149
1036 1035
1065 1066
748 747
234 235
567 566
595 596
861 862
996 997
644 643
813 812
628 629
788 787
474 473
142 143
1101 1102
705 706
753 752
47 48
851 852
959 960
945 944
1066 1067
91 90
214 213
432 431
338 339
741 742
291 292
92 91
287 288
1127 1128
756 755
656 655
686 687
593 592
360 359
655 654
868 869
1008 1009
973 974
967 968
849 850
564 565
625 626
242 241
648 647
1133 1132
777 776
589 590
940 939
182 181
686 685
145 146
731 730
580 579
821 820
25 26
703 704
710 711
785 786
61 60
75 76
908 907
773 774
92 1198
453 452
251 252
216 217
4 5
117 118
625 624
1074 1073
1099 1098
622 623
475 474
520 519
801 802
920 919
884 885
955 954
736 735
614 615
903 902
167 166
835 836
471 472
778 777
296 295
1014 1013
720 721
215 214
305 306
90 89
14 1182
377 376
802 803
986 985
68 69
637 636
1029 1030
357 356
97 96
1110 1111
707 706
1112 1113
715 716
125 126
431 430
365 364
685 684
1164 1163
74 73
555 556
780 781
936 935
500 499
758 757
1097 1192
239 238
1141 1177
522 521
1119 1118
1039 1040
694 693
341 1174
708 709
872 873
965 964
141 142
441 442
1128 1129
878 879
553 554
1197 334
199 198
559 558
980 979
1155 1156
415 414
1019 1018
581 582
435 436
1002 1003
695 694
147 146
168 169
876 875
352 351
930 929
1163 1162
610 609
819 818
293 294
545 544
1170 1169
657 658
1166 1167
1115 1114
607 606
752 751
767 768
1045 1046
248 247
1135 1136
230 229
755 754
329 330
498 499
1012 1013
81 80
1145 1146
846 845
1133 1134
1041 1040
310 309
931 932
964 963
1165 1164
277 278
384 383
599 598
481 482
168 167
475 476
573 574
638 637
240 241
390 391
135 134
648 649
1189 919
452 451
928 927
627 628
442 443
322 323
546 547
765 764
674 673
801 800
1107 1106
817 818
515 514
285 286
844 843
456 455
478 477
289 288
1093 1092
186 187
982 981
1026 1027
300 301
784 783
1060 1059
1154 1153
53 52
246 247
524 525
748 749
397 396
650 651
909 910
108 109
344 343
1076 1075
943 942
860 859
914 913
43 42
75 74
1140 1141
600 601
901 902
1025 1024
143 144
1019 1020
306 307
373 374
155 154
234 233
1196 171
1193 1039
733 734
577 578
316 317
561 560
996 995
371 372
824 825
830 831
885 886
952 951
792 791
324 323
599 600
104 103
1033 1032
150 151
72 71
619 618
15 16
786 787
280 279
823 822
125 124
699 700
121 120
1154 1155
257 258
508 507
807 808
338 337
508 509
353 354
191 190
652 651
680 681
174 173
209 210
124 123
235 236
126 127
1094 1095
1082 1083
296 297
906 905
633 634
331 330
1142 1143
438 439
495 494
253 252
957 958
375 374
92 93
696 697
806 805
557 558
164 163
723 724
943 944
1141 1142
492 493
183 182
1017 1016
264 265
494 493
744 745
663 664
571 570
969 968
988 987
102 103
185 186
159 160
789 788
719 720
449 448
1138 1137
102 101
55 54
665 666
841 840
1017 1018
1011 1012
910 911
1123 1122
50 51
824 823
1098 1097
274 273
1093 1094
389 390
805 804
449 450
379 378
941 942
987 986
934 935
1157 1158
222 221
369 370
412 413
829 830
434 433
687 688
591 592
1184 1145
497 498
679 678
761 762
1053 1054
394 395
425 424
514 513
419 418
14 15
584 583
799 798
178 177
585 584
589 588
848 849
128 127
519 518
616 617
1117 1116
189 188
825 826
575 576
11 12
601 602
219 220
277 276
132 131
920 921
1091 1092
176 177
702 703
440 441
844 845
871 870
760 759
503 502
134 133
567 568
334 335
373 372
552 553
846 847
1110 1109
536 535
803 804
639 640
866 865
1037 1036
1160 1159
114 113
668 1180
284 285
1049 1050
548 549
460 459
550 549
319 320
916 915
300 299
1080 1081
790 789
746 747
1053 1052
317 318
921 922
941 940
89 88
27 26
814 815
516 517
608 607
65 66
661 660
270 269
110 111
656 657
873 874
511 512
248 249
751 750
1055 1056
397 398
265 266
256 255
46 45
244 243
966 967
705 704
172 171
156 157
245 246
552 551
458 457
852 853
209 208
594 595
701 702
1072 1071
810 811
749 750
1123 1124
670 671
533 532
314 315
510 511
478 479
353 352
1200 309
279 278
675 674
1126 1127
1033 1034
828 829
455 454
753 754
341 340
211 210
161 160
632 631
1022 1023
765 766
569 570
480 481
958 959
678 677
681 682
669 670
363 364
271 272
34 33
469 468
1028 1027
729 728
757 756
956 957
402 403
739 740
70 69
718 717
98 99
152 151
1020 1021
929 928
1176 889
728 727
971 970
85 86
650 649
113 112
325 326
1051 1052
159 158
812 811
1034 1035
258 259
428 427
506 505
896 895
1016 1015
1086 1085
192 193
30 29
950 949
215 216
294 295
743 742
592 1195
491 490
907 906
20 21
797 796
735 734
779 778
518 517
1041 1042
487 486
447 446
537 538
450 451
709 710
588 587
861 860
526 527
345 346
83 84
407 406
226 227
401 400
1086 1087
362 363
672 671
350 349
88 87
233 232
380 381
350 351
764 763
161 162
1138 1139
598 597
342 341
533 534
925 924
984 985
612 611
851 850
881 882
513 512
367 368
783 782
37 38
863 864
854 855
218 217
41 40
454 453
259 260
95 94
563 562
523 522
661 662
106 105
37 36
642 643
978 979
619 620
1069 1068
86 87
273 272
591 590
636 635
955 956
1076 1077
60 59
677 676
200 201
1047 1046
596 597
698 697
582 583
362 361
469 470
301 302
382 383
1058 1057
395 396
365 366
335 336
82 83
80 79
760 761
297 298
816 815
149 150
138 137
559 560
577 576
184 185
439 440
445 444
1063 1064
111 112
662 663
692 691
460 461
855 856
394 393
228 227
437 438
349 348
292 293
1023 1024
1096 1097
194 193
981 980
41 42
17 16
572 573
594 593
44 45
289 290
758 759
587 586
1075 1074
683 682
770 771
571 572
1032 1031
1088 1087
190 189
66 67
443 444
1117 1118
25 24
410 411
1077 1078
202 201
841 842
1171 513
1054 1055
1173 190
371 370
793 792
237 238
857 858
925 1191
984 983
320 321
965 966
93 94
314 313
1067 1068
1084 1083
679 680
866 867
946 947
524 523
1000 999
629 630
877 876
892 893
884 883
283 284
35 34
392 393
32 31
640 641
107 108
156 155
669 668
633 632
646 647
1047 1048
562 561
158 157
953 952
219 218
762 763
827 828
339 340
477 476
8 9
1002 1001
28 27
1137 1136
95 96
945 946
408 407
79 78
1194 387
243 242
311 312
19 20
408 409
196 197
895 894
402 401
1144 1145
914 915
319 318
816 817
726 727
162 163
476 1190
419 420
85 84
386 385
962 963
900 901
737 738
304 305
164 165
275 276
32 33
1060 1061
1124 1125
222 223
375 376
480 479
347 348
82 81
303 302
29 28
568 569
1091 1090
534 535
175 174
4 3
505 504
61 62
848 847
927 926
355 356
1088 1089
1004 1003
430 429
18 19
132 133
883 882
328 327
838 837
667 668
766 767
565 566
267 266
871 872
1079 1080
543 544
770 769
421 422
347 346
188 187
1178 987
579 578
874 875
740 741
949 948
333 334
613 614
232 231
1070 1071
645 646
837 836
878 1187
781 782
960 961
840 839
180 179
1103 1102
170 169
961 962
39 38
1148 1149
418 417
1008 1007
1131 1130
57 58
1143 1144
745 746
612 613
510 509
192 191
1129 1130
826 827
405 404
602 603
280 281
226 225
71 70
1108 1107
1150 1151
224 225
995 994
1119 1120
531 532
887 888
1168 1167
775 774
58 59
196 195
203 202
54 53
263 264
1101 1100
261 262
260 261
891 890
555 554
116 115
1113 1114
699 698
388 387
12 13
838 839
409 410
361 360
972 971
130 129
904 903
262 263
489 490
170 171
689 688
239 240
420 421
213 212
1116 1115
495 496
660 659
700 701
457 456
464 463
251 250
988 989
894 893
529 530
22 21
184 183
1168 1169
684 683
283 282
377 378
993 992
692 693
626 627
236 237
729 730
896 897
1106 1105
1005 1004
665 664
877 878
672 673
56 57
1105 1104
107 106
938 939
221 220
1039 1038
121 122
403 404
785 784
1179 1043
933 934
1048 1049
23 22
271 270
203 204
400 399
7 6
972 973
424 423
64 65
1062 1063
98 97
68 67
1147 1146
366 367
1006 1005
257 256
1009 1010
739 738
1121 1122
470 471
714 715
342 343
610 611
722 721
445 446
666 667
328 329
281 282
136 137
77 78
881 880
369 368
447 448
267 268
653 654
1 2
290 291
322 321
117 116
136 135
386 387
437 436
482 483
548 1183
230 231
689 690
275 274
976 977
303 304
52 51
918 917
713 714
175 176
520 521
888 889
223 224
541 542
1043 1044
416 415
1140 1139
129 128
1043 1042
1131 1132
331 332
1199 191
990 989
459 458
392 391
1165 1166
892 891
286 287
999 998
998 997
905 904
212 211
854 853
623 624
1099 1100
675 676
502 501
118 119
797 798
298 299
485 484
991 990
707 708
718 719
794 795
581 580
379 380
835 834
229 228
546 545
1084 1085
39 40
977 978
923 924
461 462
131 130
933 932
1096 1095
1181 1180
620 621
1070 1069
916 917
2 3
145 144
8 7
100 99
547 548
198 197
1028 1029
800 799
255 254
926 925
690 691
500 501
354 355
435 434
930 931
315 316
254 253
831 832
310 311
485 486
