300
400
112 111
292 291
13 12
70 71
211 210
144 143
19 18
295 294
166 165
352 351
116 117
324 323
362 363
3 4
76 77
283 282
61 60
377 376
154 155
118 117
145 144
330 331
59 58
135 134
365 364
193 194
28 29
277 276
105 106
214 215
353 354
97 98
274 275
290 289
365 398
115 116
343 342
328 327
202 203
282 281
67 68
228 229
379 378
81 80
261 260
177 178
108 107
2 1
330 329
271 272
184 183
167 166
165 164
45 44
318 393
203 204
50 51
106 107
150 151
320 319
389 388
391 80
143 142
238 239
54 55
356 355
9 10
34 35
169 170
387 386
26 27
313 312
197 198
32 33
84 83
213 214
248 249
360 359
256 257
288 289
24 25
123 124
346 347
21 20
128 127
45 46
121 122
132 133
333 334
3 2
240 239
265 266
377 378
220 219
158 159
7 6
227 226
195 194
156 157
180 181
267 266
234 233
181 182
333 332
341 340
252 253
397 60
339 340
224 225
114 115
94 93
49 50
63 62
128 129
191 192
69 68
265 264
126 125
357 356
244 245
90 394
161 160
75 76
339 338
153 152
367 366
202 201
336 335
299 298
311 310
303 302
127 126
307 306
205 206
189 188
52 51
369 370
285 284
245 246
172 171
119 120
206 207
182 183
155 156
48 47
14 13
101 100
237 238
242 241
149 148
235 234
173 174
268 267
33 34
211 212
163 162
157 158
179 180
223 222
79 80
86 87
137 136
147 146
358 357
194 399
30 29
278 277
42 43
39 38
16 15
23 24
30 31
35 36
186 187
251 252
38 37
321 322
269 270
196 197
384 383
65 66
236 237
347 348
243 244
218 219
337 336
122 123
96 95
279 280
273 274
209 208
124 125
152 151
296 295
98 99
210 209
72 71
85 86
187 188
7 8
225 226
11 10
62 61
176 177
163 164
129 130
130 131
88 89
139 138
291 290
262 263
27 28
242 243
281 280
247 246
140 139
74 73
46 47
360 361
328 329
395 253
374 375
306 305
84 85
161 162
199 200
104 105
368 369
77 78
75 74
169 168
293 292
217 216
220 221
120 121
258 257
199 198
186 185
223 224
175 176
366 365
216 215
114 113
208 207
264 263
48 49
349 348
113 112
150 149
309 310
341 342
101 102
132 131
325 324
314 313
293 294
36 37
307 308
59 60
355 354
43 44
92 93
320 321
332 331
273 272
9 8
136 135
316 317
254 255
375 376
386 385
96 97
371 372
15 14
184 185
137 138
314 315
309 308
240 241
260 259
322 323
58 57
229 230
148 147
319 318
259 258
103 104
119 118
69 70
236 235
53 52
108 109
351 350
349 350
344 345
90 89
91 90
367 368
110 111
190 191
335 334
4 5
324 396
268 269
271 270
248 247
154 153
174 175
276 275
25 26
16 17
392 100
285 286
361 362
372 373
83 82
66 67
300 301
134 133
100 99
304 305
141 140
40 41
56 57
22 21
56 55
316 315
262 261
286 287
382 383
358 359
249 250
363 364
63 64
205 204
221 222
296 297
390 389
12 11
343 344
230 231
73 72
370 371
379 380
39 40
79 78
337 338
218 217
299 300
91 92
103 102
170 171
31 32
298 297
284 283
64 65
54 53
42 41
232 233
304 303
20 19
385 384
195 196
352 353
256 255
193 192
201 200
81 82
302 301
142 141
325 326
288 287
190 189
388 387
345 346
167 168
6 5
228 227
317 318
160 159
326 327
88 87
400 394
110 109
232 231
311 312
95 94
173 172
382 381
250 251
179 178
18 17
381 380
279 278
22 23
374 373
254 253
212 213
145 146
400
88 87
109 110
85 86
63 61
215 217
270 269
138 137
295 297
277 279
196 195
187 185
164 163
323 321
291 293
386 385
246 245
274 273
249 251
169 170
1 3
257 258
193 191
207 209
350 349
245 247
188 187
139 140
62 61
126 125
324 323
116 115
95 97
36 35
29 27
167 165
183 181
33 35
137 139
5 7
51 52
382 381
103 101
353 351
251 252
228 227
77 75
151 153
13 11
195 193
337 338
190 189
100 99
22 21
154 153
15 16
363 364
237 239
29 31
115 113
113 111
184 183
135 137
374 373
295 296
15 13
6 5
115 117
173 171
351 349
113 114
85 83
298 297
106 105
73 71
319 317
280 279
119 121
185 183
287 289
266 265
239 241
20 19
211 212
201 199
191 192
123 125
311 309
40 39
352 351
375 373
227 229
125 127
250 249
219 220
248 247
21 19
55 53
227 225
299 301
89 90
143 141
143 145
45 43
391 393
380 379
339 337
383 381
66 65
17 19
372 371
377 379
365 367
55 57
237 238
109 111
345 343
271 273
71 69
311 313
299 297
51 53
347 348
37 39
253 254
41 43
203 201
67 65
329 327
141 142
172 171
319 321
26 25
136 135
371 369
263 261
85 87
161 163
222 221
257 255
65 63
143 144
14 13
326 325
60 59
129 127
165 163
213 214
149 151
5 3
301 303
135 133
233 231
9 11
366 365
12 11
124 123
185 186
201 202
355 356
379 381
243 244
243 245
286 285
179 177
49 50
316 315
3 4
7 8
223 224
42 41
256 255
103 105
207 205
205 203
276 275
93 94
139 141
89 87
47 48
268 267
82 81
91 93
131 129
175 176
392 391
223 225
177 175
73 74
223 221
340 339
389 391
91 89
281 282
69 70
155 157
293 295
197 195
321 322
369 370
133 131
71 72
257 259
288 287
198 197
377 375
334 333
373 371
175 173
57 58
363 365
174 173
149 150
117 118
281 283
169 171
182 181
15 17
189 187
315 313
18 17
119 120
31 32
145 146
39 41
179 181
216 215
275 277
337 335
396 395
95 93
155 156
9 7
300 299
349 347
9 10
375 376
303 304
29 30
123 121
130 129
213 215
307 309
347 345
263 265
329 331
302 301
208 207
98 97
253 255
343 341
289 290
251 253
104 103
320 319
27 25
149 147
75 76
346 345
37 38
162 161
325 327
265 267
132 131
400 399
249 247
37 35
84 83
45 46
213 211
34 33
240 239
51 49
2 1
335 336
23 21
359 360
237 235
314 313
96 95
312 311
383 385
287 285
271 269
232 231
97 99
197 199
105 107
159 161
189 191
107 109
377 378
341 342
217 218
384 383
331 333
262 261
353 354
242 241
68 67
259 260
157 158
393 394
358 357
233 235
43 44
83 81
45 47
362 361
151 152
281 279
367 368
55 56
145 147
147 148
128 127
308 307
309 310
344 343
264 263
357 359
101 99
64 63
211 209
112 111
209 210
119 117
133 134
330 329
333 335
323 325
369 367
108 107
387 388
77 78
33 31
230 229
341 339
166 165
27 28
92 91
23 24
200 199
180 179
101 102
357 355
305 307
278 277
355 353
398 397
363 361
203 204
53 54
385 387
219 217
206 205
178 177
57 59
219 221
283 284
121 122
303 305
243 241
389 387
73 75
49 47
67 69
272 271
317 315
79 77
153 155
289 291
194 193
236 235
259 261
389 390
225 226
79 80
269 267
168 167
159 160
167 169
328 327
157 159
318 317
393 395
359 361
293 294
79 81
233 234
59 61
275 273
395 397
332 331
397 399
23 25
291 292
306 305
229 231
285 283
400
119 120
272 273
100 99
312 311
235 236
140 141
112 385
345 346
15 14
108 109
319 318
263 264
285 286
274 273
83 82
44 45
170 169
15 16
93 92
237 236
321 320
53 54
142 143
208 207
311 310
69 70
286 287
178 179
285 284
106 107
202 203
119 118
309 308
278 277
357 378
122 123
111 112
353 352
232 231
303 304
212 211
177 176
220 219
152 153
224 225
266 265
363 393
317 318
135 136
130 129
211 210
258 259
377 169
56 57
242 243
239 240
323 324
342 341
202 201
134 135
233 232
106 387
221 222
134 133
191 190
299 300
11 10
100 101
118 117
238 237
27 26
61 60
386 158
117 116
41 42
289 288
72 73
47 48
367 368
292 291
255 256
90 91
323 322
361 360
368 369
302 303
8 9
283 282
60 59
181 182
336 337
133 391
148 149
61 62
128 127
52 53
97 96
10 9
103 102
201 200
136 137
336 335
239 238
25 24
297 298
338 339
175 174
214 213
263 262
397 266
197 196
313 314
84 85
58 57
209 210
12 11
194 193
110 109
106 105
124 123
270 269
150 151
276 275
121 122
335 334
301 300
81 82
382 121
21 22
388 325
298 299
209 208
102 101
257 256
183 182
244 245
70 71
352 351
349 350
144 143
1 2
241 242
400 19
108 107
167 166
364 365
125 124
6 5
392 59
78 77
261 260
50 51
36 35
354 353
130 131
265 264
8 7
329 328
376 232
365 366
203 204
192 193
86 87
186 187
162 163
259 260
196 195
223 222
125 126
327 328
56 55
3 4
146 147
176 175
363 364
40 41
350 351
219 218
141 142
98 97
340 339
309 310
32 31
322 321
173 174
324 325
37 38
114 115
17 18
269 268
343 344
33 32
340 341
21 20
132 131
189 188
235 234
234 233
83 84
227 228
213 212
33 34
166 165
85 86
153 154
277 276
65 64
35 34
362 361
205 206
290 291
88 87
359 358
36 37
198 199
12 13
345 344
205 204
80 79
342 343
280 279
274 275
149 150
165 164
356 355
43 44
17 16
254 253
294 293
89 90
307 308
5 4
315 316
63 62
54 55
367 366
164 163
379 53
93 94
178 177
188 187
192 191
20 19
173 172
332 333
396 58
68 69
183 184
155 156
65 66
212 383
198 197
326 327
75 76
267 266
25 26
314 315
148 147
398 353
331 332
61 395
160 159
49 50
151 152
39 38
331 330
98 99
139 138
375 348
338 337
238 373
248 249
96 95
29 30
156 157
257 258
195 194
23 22
190 189
250 249
389 77
216 215
180 179
28 27
326 325
72 71
254 255
2 3
253 252
92 91
244 372
145 144
333 334
171 172
104 105
128 129
369 370
348 349
293 292
246 245
158 159
221 220
316 317
200 199
247 248
218 217
18 19
81 80
77 76
68 67
138 137
225 226
180 399
185 184
295 294
127 126
302 301
295 296
113 114
207 206
99 374
289 290
168 169
305 306
162 161
357 356
178 394
354 355
228 229
217 216
243 244
261 262
185 186
168 167
271 272
52 51
40 39
24 23
247 246
299 380
89 88
104 103
313 312
42 43
268 267
227 226
48 49
47 46
280 281
180 181
58 59
381 229
161 160
67 66
7 6
28 29
215 214
283 284
307 306
113 112
157 158
74 73
329 330
31 30
155 154
75 74
390 228
240 241
292 384
94 95
45 46
296 297
121 120
319 320
271 270
252 251
347 348
359 360
78 79
13 14
231 230
140 139
64 63
346 347
116 115
132 133
230 229
140 371
358 357
251 250
279 278
304 305
282 281
145 146
111 110
170 171
287 288
223 224
363 362
400
285 286
276 275
162 163
251 250
332 333
365 364
36 35
90 91
252 251
208 207
38 39
111 110
295 296
103 104
100 101
23 22
67 66
237 236
113 112
82 81
224 223
73 74
140 141
331 330
143 144
176 175
19 393
338 339
112 111
154 155
237 238
367 366
11 12
185 184
178 177
363 362
138 139
180 179
142 143
188 189
209 208
309 310
155 156
67 68
90 89
162 161
225 224
351 350
313 312
61 60
315 316
264 263
19 18
326 325
212 213
195 196
307 306
25 26
267 400
171 170
227 226
39 40
37 36
332 331
42 41
200 199
34 33
345 346
13 12
83 82
282 281
384 383
176 177
85 86
336 335
279 280
392 208
9 8
362 361
144 145
41 40
45 46
121 120
387 386
215 216
246 247
210 209
232 233
335 334
375 374
307 308
196 197
96 95
262 261
126 127
65 64
273 272
326 327
373 374
27 28
242 243
15 16
327 328
275 274
358 357
105 106
184 183
101 102
137 138
69 68
133 132
119 118
189 190
79 78
215 214
20 19
131 132
195 194
182 183
278 277
258 259
3 2
296 297
6 7
343 342
84 83
24 25
340 341
346 347
234 233
93 92
239 240
304 305
87 88
151 152
198 199
141 142
222 223
146 145
221 220
152 153
15 14
369 368
325 324
382 383
352 353
377 376
261 260
93 94
129 130
14 13
192 191
87 86
47 48
123 124
116 115
206 207
289 288
300 301
355 356
140 139
353 354
66 65
117 118
9 10
57 58
53 52
342 341
48 49
386 385
340 339
114 113
280 281
337 338
166 167
32 31
334 333
128 129
186 185
278 279
287 288
42 43
11 10
228 229
97 96
181 182
156 157
270 269
241 240
367 368
70 71
128 127
4 3
391 373
204 203
50 51
287 286
191 190
276 277
28 29
388 389
76 75
232 231
72 71
299 300
265 266
355 354
168 169
263 262
292 291
220 219
257 258
72 73
126 125
98 97
6 5
108 107
57 56
204 399
295 294
305 306
397 191
366 365
69 70
390 389
337 336
360 361
115 114
122 123
324 323
164 163
352 351
360 359
137 136
50 49
394 280
283 284
249 248
35 34
268 269
55 54
297 298
256 257
245 244
158 159
192 193
2 1
247 248
53 54
99 98
20 21
134 133
164 165
149 148
381 380
289 290
291 290
221 222
234 235
44 45
387 388
238 239
370 371
122 121
167 168
26 27
55 56
321 320
301 302
78 77
267 266
205 204
293 294
379 380
256 255
17 16
181 180
147 146
120 119
330 329
198 197
135 136
323 322
116 117
43 44
92 91
22 21
100 99
173 174
384 385
267 268
321 322
171 172
172 173
308 309
303 302
231 230
226 225
174 175
255 254
312 311
201 202
311 310
124 125
299 298
357 356
228 227
314 313
52 51
211 210
62 61
217 216
372 373
84 85
316 317
245 246
319 320
62 63
58 59
178 179
95 94
188 187
103 102
149 150
59 60
4 5
348 347
319 318
213 214
235 236
315 314
31 30
203 202
160 159
109 110
64 63
148 147
363 364
285 284
89 88
271 272
108 109
24 23
211 212
372 371
229 230
170 169
264 265
158 157
344 345
253 252
8 7
76 77
344 343
242 241
150 151
259 260
18 17
37 38
348 349
303 304
193 194
249 250
46 47
74 75
166 165
153 154
375 376
201 200
130 131
253 254
358 359
379 378
218 219
391 398
329 328
80 79
271 270
318 317
81 80
381 382
206 205
33 32
282 283
217 218
378 377
187 186
370 369
293 292
243 244
273 274
134 135
105 104
107 106
384 396
395 151
160 161
29 30
350 349
3
1 2
1 3
2
1 2
5
2 1
5 4
3 4
3 2
2
1 2
3
1 2
1 3
5
1 3
1 2
4 3
5 3
4
2 1
2 4
3 2
5
4 1
5 1
3 1
1 2
3
2 3
1 2
2
2 1
5
1 2
3 4
3 2
5 4
3
1 2
3 2
7
1 3
1 4
2 1
1 6
5 1
7 1
3
3 1
1 2
2
1 2
4
1 2
4 3
1 3
3
3 2
1 2
1
3
2 1
3 2
1
4
1 2
1 3
1 4
4
3 4
2 1
3 2
6
6 3
2 4
2 1
3 1
2 5
4
1 4
1 3
1 2
2
2 1
3
2 1
3 1
3
1 3
1 2
3
2 1
2 3
1
4
3 1
2 1
3 4
2
1 2
2
1 2
6
2 3
5 4
1 4
6 2
2 1
4
2 1
2 3
3 4
1
4
1 4
1 3
1 2
4
1 2
4 3
3 1
3
1 2
1 3
2
1 2
6
3 5
6 5
4 3
1 2
3 1
4
2 1
3 4
2 3
4
2 4
1 3
1 2
4
2 1
1 3
4 2
1
3
3 1
1 2
5
4 3
3 5
2 1
3 1
1
6
1 4
1 2
1 6
5 4
1 3
2
2 1
4
3 1
1 4
1 2
3
3 1
1 2
3
2 1
3 1
4
1 2
1 4
1 3
7
5 4
6 7
3 2
1 2
3 4
6 5
5
3 1
5 3
1 2
4 3
4
3 1
2 1
3 4
2
1 2
1
1
4
3 4
3 1
1 2
4
3 1
3 4
1 2
4
1 2
3 4
1 3
3
1 3
2 1
5
5 2
1 2
2 4
1 3
4
1 4
2 1
1 3
3
3 2
2 1
4
2 3
4 3
2 1
2
2 1
3
1 2
3 1
1
2
2 1
3
1 3
2 1
4
1 3
3 4
2 1
6
1 3
3 5
3 4
1 2
5 6
3
2 1
2 3
2
1 2
3
3 1
1 2
1
4
3 1
2 1
4 3
3
3 1
2 1
6
5 6
4 3
5 3
2 1
3 1
2
2 1
4
1 3
4 1
1 2
3
2 1
3 1
5
2 3
1 2
4 3
4 5
5
3 2
4 3
5 4
1 2
3
3 2
2 1
1
5
1 4
1 5
3 1
1 2
1
3
1 3
1 2
3
3 1
1 2
4
2 1
4 2
3 1
2
2 1
3
1 2
1 3
1
4
4 2
1 2
3 1
3
3 1
2 1
4
4 1
3 1
2 1
2
2 1
3
3 2
2 1
5
1 5
4 1
1 3
1 2
3
3 2
1 2
3
1 3
1 2
2
2 1
1
4
1 3
2 4
1 2
2
1 2
2
2 1
3
3 2
1 2
2
1 2
4
3 4
1 2
1 3
3
3 1
2 1
8
7 8
3 4
2 1
1 3
6 5
5 7
3 5
2
1 2
3
1 3
1 2
3
3 1
1 2
1
2
1 2
2
1 2
4
1 2
2 4
1 3
3
1 3
1 2
4
2 3
1 2
3 4
4
3 1
2 4
1 2
3
2 1
3 2
6
2 1
4 1
1 5
6 1
3 1
4
4 2
3 1
1 2
5
1 5
4 1
1 3
1 2
2
1 2
4
3 1
4 1
2 1
4
1 2
3 1
4 2
2
1 2
2
2 1
2
2 1
6
5 4
1 2
6 5
4 3
3 2
2
2 1
2
1 2
2
1 2
3
2 1
1 3
4
1 4
1 2
1 3
3
1 2
2 3
6
1 3
1 6
2 1
5 1
1 4
5
5 2
1 2
1 3
4 2
4
2 4
3 1
1 2
5
2 1
2 4
5 2
3 1
3
2 1
3 2
1
5
2 3
1 2
5 4
3 4
4
3 4
1 3
2 1
4
4 2
1 3
2 1
2
1 2
4
2 4
1 3
2 1
3
1 2
3 1
5
2 3
3 4
1 2
5 4
3
2 1
1 3
3
1 2
1 3
1
2
1 2
1
6
1 2
1 3
4 3
6 5
5 3
4
3 1
4 2
2 1
5
4 3
3 5
1 3
1 2
3
1 2
3 1
3
2 1
3 1
3
3 2
1 2
4
4 3
2 1
3 1
2
1 2
2
2 1
4
1 2
3 1
4 3
4
1 3
1 4
2 1
2
1 2
2
1 2
2
2 1
1
3
1 2
2 3
1
4
4 1
2 1
3 1
5
2 5
2 4
2 1
3 1
6
5 1
1 3
2 1
1 4
1 6
5
2 3
4 2
2 1
5 2
2
1 2
4
3 1
1 4
1 2
3
2 1
3 2
5
4 3
3 1
5 3
1 2
3
3 2
1 2
4
3 1
4 2
1 2
3
1 2
1 3
1
5
2 1
3 4
5 3
3 1
3
2 1
2 3
4
1 2
2 4
3 2
6
4 5
2 3
6 5
4 3
1 2
4
2 1
3 1
4 2
9
6 1
1 7
8 1
1 3
1 5
1 4
9 1
1 2
7
6 1
3 2
4 3
2 1
1 7
2 5
5
2 1
3 1
1 4
1 5
5
1 2
2 5
4 2
3 1
7
3 6
4 7
3 1
2 4
2 5
2 1
1
3
2 1
1 3
6
5 2
3 6
1 2
4 2
3 1
3
3 1
1 2
2
2 1
2
2 1
4
2 1
2 3
3 4
3
1 2
3 1
2
1 2
5
1 3
5 2
2 1
4 2
6
1 2
4 5
6 1
1 3
4 3
6
6 3
3 1
4 2
1 2
5 2
1
4
3 2
2 1
4 3
3
1 2
1 3
2
2 1
2
1 2
7
6 7
4 5
2 6
2 3
2 1
3 4
6
1 3
2 5
6 3
2 1
2 4
2
1 2
5
4 3
1 3
1 2
5 3
2
1 2
3
1 2
3 1
3
2 1
3 1
4
1 2
2 3
4 3
3
1 3
1 2
4
2 1
1 3
1 4
3
2 1
1 3
3
1 2
2 3
2
2 1
2
1 2
3
3 2
2 1
3
2 1
2 3
6
5 3
2 1
1 3
6 1
4 1
5
3 1
4 5
4 2
2 1
6
5 1
6 1
1 2
4 1
3 1
5
5 1
2 4
2 1
3 2
2
1 2
2
1 2
2
2 1
4
1 2
1 3
2 4
1
4
1 2
4 1
1 3
4
2 1
4 3
3 1
3
2 3
2 1
5
4 1
1 2
5 1
1 3
5
4 2
1 3
2 1
5 2
8
1 2
6 2
2 3
7 3
5 4
4 1
8 7
2
2 1
3
3 1
2 1
6
1 3
5 3
4 3
6 5
2 1
2
2 1
3
2 1
1 3
3
3 2
2 1
4
2 1
3 4
1 3
3
3 2
2 1
2
1 2
5
2 5
2 1
2 3
3 4
3
2 1
1 3
2
1 2
2
2 1
4
2 3
1 2
2 4
4
1 2
2 4
1 3
2
1 2
3
2 1
1 3
6
1 2
5 6
2 3
4 5
4 3
2
1 2
2
1 2
5
3 1
5 3
1 2
4 3
6
2 3
1 2
2 4
3 5
4 6
5
1 3
2 1
3 5
4 3
6
2 3
4 3
6 5
1 2
4 5
5
1 5
1 2
1 4
3 1
2
2 1
2
2 1
4
3 4
2 1
3 1
4
2 1
4 3
3 1
1
2
2 1
3
2 1
3 2
4
2 3
1 2
3 4
3
2 1
3 1
4
1 2
4 2
1 3
2
2 1
1
5
1 2
4 5
3 2
4 3
3
3 1
2 1
2
2 1
1
3
1 3
2 1
4
1 2
1 3
1 4
2
2 1
2
2 1
3
1 3
2 1
6
6 3
1 2
3 1
2 4
2 5
4
3 1
1 2
3 4
1200
973 971
873 871
973 975
967 965
327 328
835 833
457 458
100 99
679 680
1183 1184
1055 1053
671 673
831 832
631 633
140 139
833 834
1181 1182
110 109
75 76
1012 1011
107 109
543 544
1061 1063
169 167
1041 1043
283 284
79 80
653 651
927 928
352 351
865 863
1072 1071
779 781
1062 1061
393 394
117 115
909 910
114 113
943 945
675 676
944 943
39 37
166 165
887 885
291 292
809 811
1156 1155
875 876
1154 1153
137 135
259 260
524 523
669 667
461 462
1127 1128
731 729
461 463
1089 1090
169 171
299 301
261 259
858 857
561 559
367 368
595 597
416 415
700 699
823 821
1171 1172
925 923
1108 1107
1155 1153
251 252
411 412
409 411
375 376
21 22
854 853
911 909
302 301
95 96
205 203
1001 1003
136 135
2 1
1183 1181
992 991
563 561
196 195
132 131
68 67
1137 1135
226 225
409 410
630 629
1188 1187
396 395
111 113
215 217
743 744
562 561
1177 1179
202 201
403 401
985 986
369 371
1149 1150
172 171
903 901
350 349
227 228
1009 1011
825 826
160 159
357 355
746 745
511 513
981 983
493 495
18 17
987 988
38 37
399 400
319 317
263 261
323 321
1195 1197
513 514
558 557
735 733
209 210
481 483
1141 1139
359 360
509 510
186 185
1115 1117
583 585
1099 1101
569 567
551 549
1139 1137
51 49
187 185
541 543
573 571
1109 1110
87 89
491 489
1055 1056
824 823
990 989
684 683
545 547
819 821
521 522
576 575
774 773
233 234
654 653
1025 1026
623 621
417 415
540 539
904 903
1080 1079
865 866
1041 1039
4 3
631 629
25 27
959 961
377 378
463 465
784 783
1157 1159
1038 1037
1017 1015
853 855
1159 1161
599 597
939 937
1087 1089
607 608
677 675
423 425
39 40
545 543
176 175
192 191
5 7
1169 1167
971 972
609 607
979 980
366 365
90 89
783 781
765 766
923 924
335 336
97 99
15 13
19 20
325 326
755 757
311 313
667 665
57 58
517 518
245 246
505 503
188 187
739 740
897 898
949 947
237 239
975 976
937 938
717 719
912 911
725 726
211 209
108 107
1073 1071
887 888
613 615
951 953
269 267
143 145
503 501
727 725
1053 1051
429 431
751 749
49 47
451 452
62 61
466 465
595 596
827 825
927 925
1025 1027
307 309
356 355
1067 1068
229 227
788 787
949 951
665 663
642 641
1161 1162
702 701
185 183
119 117
222 221
381 379
915 917
1016 1015
609 611
141 142
417 418
519 517
346 345
619 621
155 156
1013 1011
586 585
385 383
1115 1116
199 197
1031 1033
985 983
525 523
593 595
1075 1076
409 407
327 329
872 871
497 499
548 547
662 661
175 177
713 711
423 424
942 941
665 666
52 51
1109 1107
1007 1005
828 827
337 338
125 127
993 995
1059 1057
707 709
151 153
71 73
98 97
92 91
649 650
481 479
508 507
648 647
291 293
1031 1029
262 261
331 332
340 339
756 755
1149 1151
1132 1131
215 216
651 652
705 707
471 473
691 689
751 753
37 35
243 241
1133 1131
987 989
154 153
815 813
515 516
611 613
223 225
81 82
840 839
88 87
509 507
741 739
347 348
1103 1104
786 785
193 191
984 983
1005 1006
59 57
497 495
790 789
622 621
649 651
194 193
45 43
317 318
1028 1027
421 423
367 369
441 442
742 741
759 757
1159 1160
637 638
422 421
575 577
987 985
78 77
643 645
869 870
637 639
907 905
286 285
494 493
792 791
1121 1123
271 272
564 563
147 145
404 403
407 408
639 641
1097 1099
1137 1138
913 915
674 673
787 789
1152 1151
1177 1175
979 981
829 830
861 859
477 475
173 174
776 775
477 478
877 875
995 997
765 763
521 519
617 619
811 812
1035 1033
139 141
699 697
779 780
929 931
996 995
1173 1171
960 959
179 180
625 623
1155 1157
179 181
146 145
305 307
389 387
883 881
932 931
1143 1144
70 69
297 295
1029 1027
728 727
151 152
149 147
511 509
706 705
958 957
587 585
1121 1122
597 598
850 849
91 89
813 814
535 537
271 273
751 752
1082 1081
991 989
1045 1046
43 41
294 293
605 607
758 757
411 413
161 163
551 553
207 208
135 133
199 201
1047 1045
1181 1179
957 959
447 448
104 103
668 667
715 716
533 535
841 842
659 657
881 882
307 308
727 729
1193 1194
51 53
417 419
323 324
678 677
1134 1133
1022 1021
969 967
703 705
1069 1070
772 771
12 11
26 25
203 201
1009 1007
133 131
1075 1077
526 525
513 515
837 835
498 497
118 117
469 471
49 50
1127 1125
627 628
220 219
783 785
857 855
501 499
601 602
1199 1197
413 415
161 162
950 949
183 181
245 243
601 603
1167 1168
1170 1169
1124 1123
941 939
1147 1148
247 248
403 405
213 211
21 19
887 889
315 317
279 277
331 333
797 799
633 635
125 126
29 30
1037 1035
300 299
809 807
392 391
387 388
367 365
32 31
1174 1173
863 861
808 807
81 83
249 250
129 130
155 157
235 237
614 613
337 335
429 427
124 123
878 877
701 699
735 737
919 920
636 635
777 775
531 532
321 319
1129 1127
767 768
777 779
568 567
311 312
407 405
806 805
204 203
1083 1081
897 899
379 377
113 115
1102 1101
1017 1018
457 459
725 723
688 687
1177 1178
1180 1179
849 851
265 267
873 874
281 283
343 341
382 381
419 420
683 685
313 314
285 283
1003 1005
467 468
43 44
569 570
1017 1019
693 695
205 207
921 919
733 731
965 966
213 214
1121 1119
1094 1093
1023 1025
263 264
421 419
969 971
102 101
1173 1175
157 159
33 35
270 269
447 449
917 918
1087 1085
15 16
139 137
617 615
857 859
512 511
128 127
795 796
28 27
557 555
483 485
3 1
825 823
767 765
835 836
861 862
817 815
437 439
164 163
961 962
5 6
240 239
255 253
935 937
1087 1088
99 101
373 371
315 316
438 437
810 809
503 504
77 79
791 789
244 243
771 769
770 769
402 401
573 575
474 473
1141 1142
385 387
981 982
383 384
748 747
943 941
1165 1167
453 455
1047 1048
492 491
696 695
891 892
1163 1161
730 729
48 47
323 325
434 433
230 229
583 581
1101 1103
1113 1114
579 580
275 276
759 761
231 233
911 913
713 715
41 39
750 749
655 656
1081 1079
469 467
565 567
375 373
121 119
427 428
577 579
103 105
221 223
379 380
590 589
1193 1191
505 507
177 179
719 720
517 515
901 902
313 315
258 257
1060 1059
285 287
940 939
545 546
93 95
1083 1084
535 536
793 795
247 249
454 453
123 121
1091 1093
375 377
957 955
538 537
782 781
991 993
87 85
1015 1013
899 901
578 577
461 459
10 9
563 565
56 55
459 460
195 193
1190 1189
65 67
627 625
737 739
309 310
601 599
221 219
1043 1044
606 605
1023 1021
1193 1195
149 151
165 163
718 717
919 917
555 556
213 215
903 905
1069 1067
290 289
120 119
499 500
470 469
935 933
968 967
1185 1186
480 479
1061 1059
843 845
1074 1073
713 714
1024 1023
588 587
805 803
81 79
288 287
753 755
697 698
694 693
723 724
1093 1095
66 65
797 798
472 471
33 31
555 553
1036 1035
626 625
329 330
329 331
803 804
320 319
337 339
1140 1139
895 896
347 345
29 31
745 743
184 183
1113 1115
59 61
277 275
398 397
1053 1054
488 487
993 994
979 977
306 305
889 891
717 715
773 771
657 658
1043 1045
296 295
147 148
298 297
760 759
144 143
239 241
738 737
799 800
637 635
339 341
231 232
837 839
525 527
229 231
1013 1014
935 936
305 303
361 363
721 723
925 926
1165 1163
67 69
566 565
496 495
449 451
816 815
473 475
218 217
63 65
1125 1126
763 761
659 660
709 711
351 349
841 839
115 116
370 369
425 427
241 242
843 844
869 871
673 675
762 761
333 335
1039 1040
322 321
915 916
663 661
341 342
644 643
977 978
456 455
134 133
1020 1019
670 669
71 69
583 584
464 463
639 640
860 859
807 805
933 934
542 541
603 604
589 587
801 802
405 406
695 697
1065 1067
591 593
818 817
711 712
1049 1051
773 775
159 161
793 791
5 3
880 879
85 86
266 265
599 600
7 9
846 845
295 293
1187 1189
17 19
445 443
223 224
879 877
450 449
170 169
703 704
1032 1031
153 155
267 268
671 672
435 437
269 271
447 445
731 732
413 414
217 219
485 486
1008 1007
353 354
280 279
287 289
1105 1103
931 933
581 582
778 777
475 476
282 281
663 664
1071 1069
1153 1151
521 523
1049 1050
955 953
571 569
799 801
399 397
1200 1199
23 21
679 677
53 55
481 482
691 692
489 490
929 927
593 594
930 929
436 435
999 997
883 884
433 431
1003 1004
633 634
443 444
841 843
855 856
1042 1041
573 574
278 277
299 297
683 681
691 693
75 73
433 435
1185 1187
817 819
477 479
72 71
863 864
1039 1037
439 441
273 274
1107 1105
353 355
33 34
1117 1119
1096 1095
327 325
769 767
389 390
353 351
1111 1113
385 386
125 123
539 537
361 362
879 881
505 506
263 265
1092 1091
225 227
484 483
45 46
831 829
531 529
709 710
647 649
1079 1077
94 93
357 358
13 11
426 425
889 890
109 111
83 85
895 897
1030 1029
964 963
741 743
615 616
610 609
1091 1089
29 27
560 559
612 611
195 197
703 701
487 485
547 549
1057 1055
837 838
363 364
15 17
59 60
301 303
745 747
167 168
1117 1118
646 645
868 867
571 572
137 138
1021 1019
371 372
397 395
247 245
487 489
189 190
253 254
255 256
35 36
178 177
1141 1143
1125 1123
719 721
914 913
393 391
520 519
821 822
687 689
617 618
1129 1130
733 734
1157 1158
977 975
961 963
1135 1136
112 111
735 736
553 554
909 907
1057 1058
199 200
207 209
659 661
681 679
182 181
107 105
1075 1073
952 951
502 501
445 446
343 345
401 399
908 907
1197 1198
347 349
754 753
129 127
905 906
1191 1189
1131 1129
1085 1083
970 969
893 891
1009 1010
381 383
95 97
344 343
1145 1147
999 1000
627 629
1149 1147
41 42
333 334
533 531
233 235
541 539
171 173
453 451
7 8
645 647
1064 1063
157 158
722 721
1176 1175
883 885
963 965
873 875
894 893
273 275
106 105
83 84
947 945
9 11
1099 1100
624 623
655 657
1169 1171
175 173
74 73
1047 1049
361 359
13 14
997 998
591 592
849 847
1001 1002
259 257
999 1001
1165 1166
579 581
1105 1106
493 491
429 430
847 845
1063 1065
1112 1111
238 237
1033 1034
1191 1192
527 528
251 249
467 465
1097 1095
1163 1164
867 865
131 129
893 895
643 641
669 671
253 251
77 75
24 23
440 439
457 455
198 197
1120 1119
393 395
529 527
820 819
689 690
708 707
946 945
206 205
948 947
45 47
55 57
811 813
101 103
441 443
257 255
533 534
289 291
831 833
54 53
827 829
848 847
1085 1086
557 559
793 794
279 281
973 974
886 885
899 900
311 309
631 632
954 953
619 620
121 122
955 956
923 921
685 687
797 795
187 189
1065 1066
93 91
682 681
357 359
374 373
64 63
165 167
1077 1078
1052 1051
851 853
529 530
23 25
549 550
212 211
552 551
304 303
869 867
1146 1145
749 747
363 365
1196 1195
1097 1098
236 235
1185 1183
591 589
803 801
1145 1143
851 852
1109 1111
150 149
655 653
785 787
141 143
389 391
1133 1135
63 61
922 921
603 605
763 764
189 191
432 431
685 686
1200
544 545
702 701
21 22
607 606
930 931
15 16
398 399
260 259
1147 1148
308 307
96 95
460 461
406 405
684 685
625 626
379 380
765 764
149 148
681 680
331 332
360 359
233 232
611 612
561 560
465 464
1120 1121
972 971
56 55
694 693
239 238
17 16
710 709
1111 1110
470 471
303 302
736 735
554 553
39 40
153 152
595 596
975 976
1154 1153
760 761
751 752
836 837
347 346
1044 1043
881 880
790 789
25 24
1058 1059
375 374
225 226
52 51
688 687
917 918
920 919
940 941
268 267
196 195
586 587
438 437
107 106
1020 1021
48 47
529 528
445 446
270 269
396 397
480 479
201 200
389 388
418 417
953 954
808 809
849 848
1062 1063
338 337
911 910
281 282
1152 1151
861 862
352 351
30 31
830 829
54 53
215 216
771 770
1014 1015
1192 973
730 729
929 928
750 751
273 274
769 768
96 97
723 724
321 322
902 901
61 62
772 773
1033 1032
377 378
215 214
810 811
289 290
425 424
311 310
552 553
835 834
1090 1091
1001 1002
226 227
323 324
895 896
637 638
536 535
627 626
1175 91
932 933
344 345
83 82
619 618
297 296
912 913
395 394
133 132
1151 1150
147 148
245 244
1098 1099
204 205
202 201
978 979
962 963
612 613
295 294
128 129
250 251
433 434
573 574
955 954
1169 1168
355 354
1010 1009
1187 337
723 722
55 54
166 167
332 333
696 697
157 156
165 166
1035 1036
1115 1116
175 174
277 278
519 520
631 632
517 518
892 893
1109 1108
717 716
531 532
578 579
1135 1136
725 724
534 535
236 235
938 939
859 858
478 479
672 673
780 781
990 991
213 214
419 418
756 757
1138 1139
966 965
384 385
227 228
975 974
850 849
209 208
268 269
505 506
1117 1116
478 477
658 657
182 183
607 608
1124 1123
449 450
495 494
144 143
193 192
160 159
702 703
858 857
959 960
422 421
334 335
743 744
689 690
1075 1074
1084 1083
1111 1112
124 123
692 691
305 306
511 512
1114 1115
981 980
540 541
1182 678
911 912
784 783
404 405
1125 1124
549 548
1166 1165
902 903
1119 1120
713 714
50 49
66 67
831 832
997 996
1070 1069
1091 1092
326 325
965 964
507 506
884 885
876 877
105 106
872 873
567 568
298 299
766 767
945 944
315 314
531 530
647 646
741 742
1133 1132
267 1189
776 775
784 785
1164 1163
753 752
654 653
759 760
237 238
355 356
904 905
123 122
1012 1013
121 120
295 296
37 36
533 532
998 999
1071 1072
266 267
301 302
448 447
474 473
79 78
525 526
207 206
1159 1158
1070 1071
854 853
1169 1170
544 543
743 742
890 891
696 695
1049 1048
761 762
309 310
222 221
946 945
190 189
500 501
477 476
365 366
1107 1106
642 641
125 124
435 436
1018 1017
378 379
923 922
899 900
664 663
499 498
666 667
537 536
838 839
452 453
514 515
472 471
1088 1087
938 937
592 591
80 79
594 595
415 416
801 800
611 610
502 501
431 430
832 1185
872 871
411 410
398 397
883 884
540 539
870 869
2 3
708 709
555 554
828 829
141 142
199 200
1042 1043
497 498
484 485
521 520
797 796
678 677
169 170
680 679
571 570
966 967
1026 1027
588 589
1057 1056
579 1184
1105 1106
847 846
973 972
1082 1081
334 333
674 673
861 860
483 484
403 402
247 246
239 240
1167 1168
734 733
827 826
591 590
958 959
1082 1083
388 387
428 429
516 515
740 739
510 511
1173 46
60 61
305 304
126 127
1101 1100
562 563
1128 1127
371 370
20 21
597 596
1022 1021
453 454
38 37
1069 1068
293 294
1103 1102
841 842
916 917
370 369
893 894
952 953
76 75
685 686
1004 1005
565 564
986 985
38 39
463 464
745 746
700 701
432 431
908 907
550 549
748 747
391 392
1129 1128
617 618
346 345
191 190
768 767
1090 1089
659 658
981 982
603 602
139 140
921 922
11 10
158 157
635 634
86 85
1118 1119
249 250
490 491
420 419
774 775
1016 1017
94 95
1144 1143
863 862
114 113
249 248
381 380
1048 1047
376 375
255 256
274 275
286 287
119 118
467 468
338 339
732 733
881 882
73 72
447 446
1181 597
968 969
432 433
1076 1077
977 978
456 455
1156 1155
955 956
218 219
245 246
1164 1165
348 347
1080 1079
1085 1084
563 564
496 495
112 111
825 826
691 690
343 342
644 645
502 503
185 184
180 179
64 63
847 848
630 629
652 653
114 115
466 465
550 551
350 349
837 838
942 943
179 178
197 196
330 331
625 624
719 720
408 407
162 163
597 598
438 439
692 693
580 581
1050 1049
992 993
915 914
1144 1145
358 359
1081 1080
165 164
142 143
758 757
558 559
740 741
1037 1036
401 402
374 373
7 8
923 924
133 134
1130 1131
1025 1024
101 100
228 229
921 920
1031 1032
236 237
12 11
43 42
482 481
776 777
1005 1006
414 415
843 842
1092 1093
328 327
139 138
150 149
394 393
984 985
131 130
116 117
559 560
87 88
1113 1112
604 605
264 263
726 725
252 251
52 53
99 100
457 456
600 601
628 627
46 47
169 168
908 909
830 831
137 136
1107 1108
28 29
14 15
1135 1134
403 404
913 914
771 772
1066 1067
262 261
466 467
217 218
524 525
800 1177
481 480
483 482
997 998
548 547
276 275
58 57
211 210
780 779
900 901
363 362
182 181
665 666
748 1191
286 285
441 442
526 527
13 14
645 646
698 699
695 694
795 794
982 983
885 886
1055 1056
240 241
678 679
22 23
711 710
925 924
460 459
90 89
62 63
202 203
883 882
1103 1104
894 895
1134 1133
1097 1096
557 558
670 671
1137 1136
46 45
413 412
794 793
606 1186
660 661
115 116
177 178
704 703
1094 1093
187 188
177 176
766 765
8 9
517 516
859 860
944 943
253 254
728 729
585 584
834 833
989 988
533 534
795 796
1024 1023
1011 1012
804 803
155 154
1178 1016
905 906
717 718
382 383
817 818
1105 1104
1166 1167
1053 1054
1038 1039
314 313
614 613
631 630
328 329
421 420
996 995
835 836
341 342
735 734
715 714
1039 1040
737 736
468 469
820 821
514 513
361 362
300 301
987 988
1156 1157
1028 1027
390 391
1122 1123
1050 1051
616 615
674 675
672 671
739 738
9 10
458 459
271 272
382 381
50 51
71 70
288 287
470 469
44 43
918 919
762 763
599 600
366 367
1063 1064
393 392
688 689
950 951
754 755
973 974
49 48
876 875
400 399
856 855
497 496
457 458
290 291
647 648
417 416
807 806
655 656
552 551
220 221
368 367
583 584
652 651
828 827
773 774
141 140
1096 1095
3 4
1045 1046
623 622
970 969
360 361
545 546
556 555
995 994
824 823
543 542
728 727
1176 400
213 212
35 34
297 298
1072 1073
1100 1099
852 851
255 254
24 23
621 622
806 805
620 619
210 209
231 230
205 206
907 906
266 265
150 151
318 319
669 670
1130 1129
1185 1199
593 594
462 463
931 932
684 683
406 407
108 107
357 358
682 683
476 475
1126 1125
580 579
778 777
408 409
843 844
570 569
991 992
1061 1062
802 801
687 686
172 173
842 1180
186 187
708 707
77 76
585 586
147 146
941 942
1095 1094
639 640
778 779
73 74
1079 1078
604 603
401 400
173 174
814 813
504 503
522 521
80 81
369 368
195 194
721 722
56 57
322 323
234 233
315 316
510 509
792 791
1004 1003
887 888
711 712
235 234
788 787
348 349
731 730
1073 1074
1038 1037
1161 1162
1061 1060
568 569
278 279
319 320
336 335
411 412
1137 1138
1052 1053
258 259
1150 1149
26 27
854 855
800 799
927 928
936 935
383 384
643 642
429 430
242 243
93 92
915 916
98 99
363 364
65 64
1195 389
939 940
91 90
423 422
718 719
615 614
574 575
948 949
110 111
633 632
72 71
203 204
606 605
167 168
109 108
339 340
324 325
144 145
32 31
1163 1162
130 129
340 341
993 994
7 6
1078 1077
641 640
101 102
852 853
77 78
1132 1131
1041 1042
427 428
879 878
41 42
504 505
1008 1009
170 171
351 350
414 413
288 289
472 473
617 616
609 608
546 547
643 644
946 947
373 372
69 70
747 746
699 700
385 386
193 194
897 896
887 886
668 669
217 216
845 846
118 117
492 493
284 283
659 660
20 19
112 113
1010 1011
871 870
69 68
132 131
243 244
316 317
280 279
490 489
593 592
927 926
867 868
986 987
999 1000
189 188
1140 1141
110 109
304 303
396 395
507 508
97 98
704 1200
892 891
160 161
1122 1121
819 820
786 787
103 104
364 365
208 207
372 371
1 2
898 899
958 957
1029 1030
781 782
1194 883
449 448
523 524
950 949
258 257
512 513
874 875
628 629
983 984
866 867
1046 1047
1183 440
571 572
782 783
811 812
792 793
528 527
197 198
840 839
857 856
105 104
280 281
192 191
317 318
443 442
94 93
980 979
1030 1031
1066 1065
582 581
818 819
270 271
562 561
87 86
247 248
153 154
599 598
292 291
263 262
352 353
572 573
816 817
952 951
461 462
960 961
1109 1110
649 648
582 583
677 676
1052 1051
529 530
89 88
802 803
83 84
971 970
720 721
485 486
1098 1097
1174 150
1117 1118
232 231
1003 1002
577 578
1196 222
813 812
321 320
957 956
668 667
137 138
698 697
518 519
500 499
866 865
184 183
1028 1029
963 964
1022 1023
488 489
1140 1139
1127 1126
127 128
284 285
1146 1145
444 445
163 164
444 443
841 840
962 961
474 475
537 538
1045 1044
252 253
620 621
809 810
1057 1193
576 575
58 59
634 633
82 81
1114 1113
1000 1001
910 909
44 45
376 377
764 763
5 4
223 222
731 732
990 989
1076 1171
1197 594
35 36
888 889
822 821
33 32
1008 1007
1014 1013
967 968
486 487
336 337
557 556
654 655
675 676
354 353
159 158
224 225
451 450
903 904
1026 1025
727 726
1086 1085
451 452
602 601
1033 1034
455 454
283 282
155 156
948 947
898 897
538 539
1102 1101
439 440
67 68
815 816
706 707
326 327
1160 1159
488 487
716 715
125 126
1075 1076
91 92
851 850
1158 1157
1146 1147
845 844
1149 1148
704 705
1067 1068
136 135
102 103
161 162
491 492
261 260
220 219
879 880
1161 1160
122 121
1057 1058
1089 1088
276 277
223 224
786 785
75 74
682 681
769 770
1016 1015
610 609
119 120
988 1172
65 66
151 152
171 172
1188 35
748 749
176 175
662 663
822 823
705 706
1141 1142
1040 1041
712 713
930 929
754 753
589 590
229 230
1086 1087
12 13
877 878
874 873
30 29
437 436
664 665
424 423
329 330
313 312
409 410
1018 1019
577 576
636 637
868 869
494 493
257 256
661 662
807 808
308 309
264 265
587 588
649 650
934 935
738 737
815 814
799 798
1055 1054
59 60
180 181
1154 1155
759 758
426 425
523 522
565 566
146 145
889 890
977 976
34 33
1012 1179
937 936
186 185
306 307
864 865
933 934
441 440
832 833
508 509
755 756
344 343
1143 1142
241 242
744 745
1019 1020
798 797
389 390
1007 1006
300 299
789 788
25 26
623 624
84 85
566 567
790 791
864 863
639 638
427 426
804 805
925 926
825 824
356 357
541 542
312 311
946 1198
1065 1064
1059 1060
651 650
40 41
636 635
273 272
19 18
1152 1153
434 435
27 28
928 1190
198 199
134 135
387 386
292 293
17 18
749 750
1035 1034
212 211
656 657
5 6
