2
2500
1205 1206
1191 1192
703 702
2396 2395
2401 2402
469 470
707 708
1133 1132
166 165
2390 2391
1214 1215
1031 1030
363 362
1651 1650
1736 1737
1980 1981
1417 1418
1196 1195
645 644
722 721
1577 1576
1557 1558
422 421
2320 2319
1186 1187
1984 1983
552 553
1689 1688
973 972
1398 1397
354 353
914 913
545 544
2257 2256
1385 1384
115 116
641 640
1270 1271
202 203
282 281
68 67
674 673
1013 1012
1626 1625
1884 1885
1733 1734
107 108
800 799
1627 1626
272 271
1270 1269
1313 1312
2287 2288
1614 1613
393 392
203 204
1388 1387
1442 1443
2473 1067
320 319
388 389
390 391
143 142
409 410
2042 2041
742 741
719 718
35 34
1547 1548
1776 1775
27 26
782 783
712 711
1639 1638
84 83
435 436
543 544
1896 1897
256 257
1315 1316
1194 1195
1273 1274
1223 1224
1895 1896
963 964
45 46
700 699
132 133
2267 2266
1474 1475
2207 2206
1669 1668
2009 2008
1505 1504
1836 1837
557 556
2096 2097
2281 2280
1217 1216
910 909
538 537
2153 2152
1516 1515
1025 1024
2046 2045
494 493
1967 1966
1741 1740
639 640
1710 1711
1979 1980
49 50
62 63
507 508
192 191
69 68
1202 1201
689 688
2363 2362
1097 1098
697 698
1350 1349
1488 1489
800 801
563 562
1606 1605
1450 1449
613 614
2086 2085
1127 1126
2114 2113
784 783
2064 2065
498 497
188 189
1241 1242
1004 1003
1395 1396
2123 2124
1899 1900
2192 2191
2344 2345
2210 2209
770 771
1833 1832
496 495
950 949
1203 1202
734 733
2038 2037
1378 1379
1050 1051
268 267
534 533
211 212
163 162
1039 1040
2221 2222
1534 1533
79 80
1767 1768
137 136
1875 1874
358 357
1347 1346
746 747
278 277
772 771
416 415
1870 1871
2153 2154
2217 2216
2314 2313
1962 1961
1874 1873
1089 1088
1306 1305
1860 1859
2243 2244
383 384
1017 1016
1476 1475
348 347
1644 1643
1782 1783
1338 1339
123 122
947 946
1485 1484
274 273
1817 1818
465 464
948 947
2455 2456
1555 1554
2167 2166
72 71
706 705
667 666
2168 2167
903 902
2096 2095
61 62
2075 2074
2252 2251
818 819
1845 1846
1514 1513
830 831
1892 1891
2305 2306
1203 1204
1822 1821
281 280
1089 1090
479 480
404 405
46 47
1095 1096
1928 1927
2469 2468
1396 1397
990 989
85 84
2377 2376
1635 1634
2241 2242
2142 2143
77 78
607 608
2150 2151
292 293
2195 2196
958 957
863 864
2049 2050
652 653
479 478
1948 1947
766 765
453 452
1679 1680
1598 1599
465 466
512 513
1722 1721
1777 1776
1124 1125
1410 1409
2052 2051
2040 2041
897 896
760 761
858 859
921 2481
1206 1207
1486 1487
508 509
1227 2480
1288 1287
2302 2303
93 92
1784 1785
1684 1683
1355 1354
678 679
136 135
1617 1616
1693 1694
1994 1993
1336 1335
97 96
371 372
1049 1048
1236 1237
1579 1580
1065 1064
2486 1079
241 240
2426 2425
1058 1059
57 58
1301 1300
939 938
319 318
1171 1172
1800 1799
2322 2323
1987 1986
1159 1158
53 52
108 109
919 918
2027 2028
1126 1125
1780 1781
1068 1067
2163 2162
985 986
191 190
1259 1258
2224 2225
598 597
1989 1990
1455 1456
1224 1225
154 153
175 174
2062 2061
2081 2080
1302 1301
515 514
587 588
1645 1646
2255 2254
1531 1532
1607 1606
301 300
1759 1760
2317 2316
2028 2029
140 141
455 454
1323 1324
1540 1539
2004 2003
1649 1648
1716 1717
2058 2057
382 383
738 739
250 249
1293 1294
2391 2392
204 205
413 412
790 789
1825 1824
1359 1358
644 643
1826 1825
761 762
371 370
2266 2265
1671 1670
1161 1162
2033 2034
2183 2182
1438 1439
1956 1955
2335 2334
1451 1450
2346 2347
1831 1830
284 283
1108 1107
2349 2348
42 41
715 716
1799 1798
20 19
2228 2227
1291 1290
1718 1719
1962 1963
1868 1867
2445 2446
1239 1240
302 301
813 812
1629 1630
682 681
2428 2429
1937 1936
1620 1619
1879 1880
850 851
520 519
1497 1498
2461 2460
2431 2430
1311 1312
1367 1368
1975 1974
873 872
311 312
497 496
173 172
1833 1834
1501 1502
581 582
17 18
1931 1932
2312 2313
890 889
892 891
253 254
907 906
802 803
1478 1479
1821 1820
1024 1023
57 56
1563 1564
2223 2222
1039 1038
1784 1783
881 882
2102 2101
2006 2007
642 641
1268 1269
1616 1615
1074 1075
2297 2298
338 337
2454 2453
413 414
1937 1938
555 556
1185 2478
2427 2426
2318 2319
2156 2157
2332 2333
1117 1118
257 258
97 98
1181 1182
1317 1316
1442 1441
536 537
296 295
1588 1587
554 553
1313 1314
1390 1391
2295 2294
485 484
1462 1463
1434 1435
66 65
492 491
1716 1715
423 424
2421 2422
837 836
326 327
623 622
967 968
510 511
626 625
1747 1748
2410 2409
1652 1653
910 911
980 981
1140 1139
726 725
2393 2394
2048 2047
2325 2324
1965 1964
1489 1490
1102 1103
806 807
2387 2386
2371 2370
1129 1130
1110 1109
811 812
473 474
306 307
273 272
2314 2315
1547 1546
243 244
650 651
846 845
1007 1006
661 662
2198 2199
1779 1778
276 275
2213 2214
1426 1425
2125 2126
333 332
1471 1470
2108 2109
186 187
1675 1676
2339 2338
1158 1157
1840 1839
1468 1469
205 206
1358 1357
1656 1657
1446 1445
2240 2239
2287 2286
2277 2278
1341 1342
2285 2284
1047 1046
2438 2437
308 307
2404 2403
1231 1230
318 317
263 264
1077 1078
392 391
651 652
1523 1522
1147 1146
890 891
228 227
1051 1052
1543 1542
845 844
121 120
1723 1722
2116 2115
2229 2228
1991 1992
417 418
471 470
1144 1143
1641 1642
962 961
826 827
1078 1079
865 864
975 976
266 267
711 710
1790 1791
2410 2411
2147 2146
82 83
2145 2144
1113 1114
1929 1928
1726 1725
159 160
255 254
1339 1340
534 535
1013 1014
1166 1167
1556 1557
1043 1044
462 461
437 438
1592 1593
2491 1001
117 116
1352 1353
2395 2394
885 884
369 368
399 400
2082 2083
823 822
132 131
2054 2053
843 842
2187 2186
490 489
815 814
1902 1903
1656 1655
80 81
1209 1210
1311 1310
2441 2440
1254 1253
660 661
617 618
309 310
76 77
2077 2078
1696 1697
1329 1330
2305 2304
1521 1520
1166 1165
144 145
832 831
451 450
2488 964
564 563
1320 1321
2457 2456
1449 1448
95 94
574 573
220 219
1400 1399
321 320
2045 2044
1559 1560
1548 1549
101 102
2366 2367
1801 1802
605 606
729 730
1647 1648
1402 1401
1613 1612
1362 1361
2116 2117
453 454
1137 1138
1789 1788
838 837
476 477
2071 2072
2202 2201
1365 1364
172 171
2302 2301
1047 1048
872 871
1434 1433
1665 1666
1249 1248
2448 2447
2094 2095
1750 1751
2036 2035
4 5
675 674
447 448
16 15
988 989
1629 1628
813 814
297 296
1823 1822
1426 1427
198 2479
2134 2133
1472 1473
2274 2275
1873 1872
1494 1495
935 936
198 199
1608 1609
2203 2204
1627 1628
1422 1423
362 361
2335 2336
626 627
33 32
2119 2120
2289 2290
2388 2389
1848 1847
862 863
1460 1459
1636 1635
458 457
2189 2188
1263 1262
549 548
422 423
2380 2379
9 8
2387 2388
2043 2044
691 690
724 723
1820 1819
2440 2439
1662 1663
2011 2012
578 579
1219 1218
1286 1285
690 689
978 979
1866 1867
1508 1509
2342 2341
925 926
511 512
330 331
118 117
1970 1971
547 546
1197 1198
237 236
122 121
551 552
1193 1192
1107 1106
1951 1952
2047 2046
992 991
1930 1929
888 889
113 114
2330 2329
632 631
2075 2076
206 207
2337 2338
2405 2406
2384 2385
1050 1049
2097 2098
10 9
486 487
438 439
1861 1860
2020 2019
572 571
687 688
1266 1265
1610 1611
1099 1100
1275 1276
63 64
278 279
2485 1571
1108 1109
241 242
1366 1365
1811 1810
821 822
1978 1977
2303 2304
1448 1447
1968 1967
929 930
1707 1706
914 915
2169 2170
1944 1945
1227 1226
155 156
90 89
530 529
2057 2056
164 165
1180 1179
1797 1796
2121 2122
1151 1152
364 363
1516 1517
1544 1543
100 99
2193 2192
2308 2309
2086 2087
38 37
111 110
175 176
616 615
298 299
1814 1815
1921 1922
732 731
916 917
244 245
1652 1651
1916 1915
2035 2034
1101 1102
428 427
895 896
2457 2458
680 679
448 449
1882 1883
2190 2189
547 548
1326 1325
1381 1382
1831 1832
696 697
445 446
2298 2299
1746 1745
1223 1222
840 839
1080 1079
2213 2212
1115 1116
2219 2218
214 215
1308 1307
338 339
2307 2308
1159 1160
983 982
1772 1773
234 235
1795 1794
1586 1585
192 193
977 978
1594 1593
2200 2201
142 141
1978 1979
735 736
1907 1908
1059 1060
1983 1982
1284 1285
1909 1910
1534 1535
1603 1602
1324 1325
1597 1598
944 945
2414 2415
1574 1575
694 693
1444 1445
1943 1944
1764 1765
357 356
1887 1886
833 832
1960 1961
232 231
2366 2365
768 769
922 921
282 283
1020 1021
650 649
870 871
246 247
2257 2258
857 856
287 288
2385 2386
2159 2160
2311 2310
2060 2059
1891 1890
965 964
1510 1511
385 384
1254 1255
2355 2354
1297 1298
1736 1735
1215 1216
2447 2446
2202 2203
208 209
1439 1440
1386 1387
222 221
2339 2340
367 368
1790 1789
499 500
2281 2282
2118 2119
1866 1865
1704 1703
334 333
1904 1905
2198 2197
374 375
407 406
1632 1633
260 261
1715 1714
30 29
330 329
152 153
186 185
480 481
2058 2059
1041 1042
22 23
411 410
374 373
1278 1277
431 430
664 665
1169 1168
1755 1754
1441 1440
532 533
1348 1347
443 444
839 838
501 502
1042 1043
1906 1905
1071 1070
732 733
387 388
103 104
954 955
659 658
150 151
737 736
429 428
2055 2056
1582 1583
1027 1026
12 11
1370 1371
799 798
2350 2349
1549 1550
1578 1577
1419 1418
1148 1149
1774 1775
1625 1624
352 351
917 918
1145 1144
2159 2158
342 341
1436 1435
805 804
2017 2016
772 773
435 434
676 677
2107 2106
720 721
1403 1402
505 504
636 635
138 137
1571 1572
619 620
1425 1424
2165 2166
1157 1156
621 622
2005 2006
1890 1889
1602 1601
2015 2016
835 834
1977 1976
2182 2181
220 221
603 602
1777 1778
1893 1894
2106 2105
686 2494
2458 2459
904 903
344 343
1033 1032
1494 1493
2296 2297
177 176
1170 1169
2194 2195
105 106
1501 1500
1323 1322
495 494
1453 1452
821 820
592 593
2105 2104
1005 1006
290 291
1356 2476
2093 2094
213 212
2407 2406
1343 1344
2411 2412
1946 1947
775 776
56 55
1899 1898
401 400
285 284
406 405
1641 1640
149 148
613 612
801 802
1573 1574
1001 1002
1807 1808
2290 2291
370 369
27 28
976 977
1647 1646
258 259
585 586
999 1000
868 869
2037 2036
934 933
958 959
269 270
1173 1174
522 521
2258 2259
1579 1578
2357 2358
115 114
103 102
2310 2309
1070 1069
655 656
571 570
1231 1232
481 482
1349 1348
1939 1938
1481 1482
468 469
2229 2230
2331 2330
261 262
1030 1029
139 140
1897 1898
1545 1544
2175 2174
2139 2140
1737 1738
1933 1932
2087 2088
627 628
515 516
79 78
1609 1610
15 14
1567 1566
811 810
565 566
1292 1293
2419 2418
2148 2149
2364 2363
1559 1558
709 708
1391 1392
2472 1070
562 561
1865 1864
1134 1133
672 673
1964 1963
1915 1914
1870 1869
2295 2296
724 725
2262 2261
2260 2261
404 403
1738 1739
358 359
988 987
531 530
419 420
32 31
505 506
645 646
1009 1010
2150 2149
1029 1028
303 302
931 930
447 446
1194 1193
2315 2316
1378 1377
2054 2055
933 932
2004 2005
1901 1900
1828 1827
997 996
1976 1975
2399 2398
1252 1251
1156 1155
895 894
2449 2448
2220 2221
1919 1918
961 960
2419 2420
197 196
1914 1913
663 662
425 426
74 73
524 525
1743 1742
1844 1843
1585 1584
353 352
1673 1672
1432 1431
427 426
1172 1173
1687 1686
1673 1674
1015 1016
2367 2368
2140 2141
759 758
2118 2117
2286 2285
131 130
1976 2483
144 143
1191 1190
1908 1909
2499 637
1415 1416
828 829
2001 2000
39 40
936 937
110 109
713 712
2238 2239
581 580
1155 1154
1044 1045
356 355
1699 1698
1721 1720
876 875
920 919
134 135
1341 1340
743 742
591 592
2271 2270
2242 2243
575 576
984 983
1263 1264
1958 1959
2279 2278
887 888
741 740
777 778
5 6
588 589
1675 1674
1456 1457
569 568
987 986
1841 1840
684 685
498 499
718 717
156 157
1242 1243
532 531
178 177
624 625
2162 2161
660 659
867 866
2439 2438
2069 2068
2497 967
2405 2404
927 926
1942 1941
647 2493
2009 2010
403 402
2180 2181
1282 1283
570 569
2142 2141
935 934
2234 2235
927 928
2207 2208
2250 2251
2160 2161
1460 1461
486 485
1998 1997
1004 1005
1141 1140
111 112
1280 1281
294 293
717 716
183 184
1072 1071
1999 2000
996 995
310 311
797 796
1960 1959
1362 1363
51 52
1276 1277
1115 1114
2434 2435
2250 2249
1990 1991
614 615
1201 1200
2190 2191
684 683
1189 1190
1256 1257
35 36
1092 1091
2254 2253
1367 1366
1498 1499
1701 1700
234 233
1958 1957
609 610
325 324
1596 1597
1678 1679
1218 1217
901 900
728 729
1877 1878
707 706
905 906
1082 1081
2317 2318
1407 1406
1330 1331
1179 1178
76 75
1421 1420
12 13
247 248
218 217
1373 1374
335 334
316 317
1328 1329
1288 1289
255 256
2083 2084
2014 2013
2323 2324
127 128
781 780
2436 2437
1724 1725
1208 1209
1731 1730
1317 1318
1467 1468
2020 2021
943 944
381 380
1935 1934
1053 1054
2408 2409
2232 2233
51 50
1710 1709
1992 1993
2400 2401
2017 2018
886 885
354 355
1257 1258
1887 1888
1854 1853
1587 1586
1287 1286
667 668
1565 1566
1497 1496
1453 1454
386 385
2268 2267
1244 1243
922 923
17 16
2289 2288
1847 1846
2340 2341
1676 1677
2326 2327
1345 1346
1567 1568
859 860
629 630
88 87
1400 1401
535 536
387 386
1422 1421
927 2490
2466 2465
1405 1406
776 777
379 380
1553 1554
1306 1307
2079 2080
755 756
1917 1916
2487 71
2033 2032
2365 2364
290 289
951 950
1926 1927
830 829
2238 2237
949 948
857 858
1763 1764
2157 2158
336 337
1444 1443
277 276
657 656
1569 1570
842 841
923 924
774 775
1845 1844
593 594
299 300
546 545
215 216
623 624
695 696
179 178
475 474
1881 1880
2109 2110
1508 1507
1787 1786
1701 1702
2169 2168
1361 1360
2038 2039
340 339
578 577
1314 1315
1066 1067
2026 2027
243 242
1766 1765
1111 1110
1803 1804
994 993
767 768
1837 1838
1392 1393
1863 1862
763 764
1283 1284
1729 1730
74 75
1541 1540
705 704
1509 1510
1803 1802
730 731
513 514
1570 1571
2136 2137
2284 2283
791 792
1768 1769
1447 1446
1433 1432
2098 2099
809 810
877 878
925 924
2416 2415
675 676
1639 1640
168 167
2176 2175
766 767
1123 1124
213 214
2134 2135
1965 1966
181 182
150 149
1622 1623
2417 2416
866 865
1969 1970
1176 1177
2403 2402
1015 1014
1092 1093
1850 1849
429 430
1858 1859
288 289
1101 1100
1084 1085
95 96
1604 1605
2423 2422
2415 2471
2354 2353
199 200
853 854
1885 1886
2342 2343
2216 2215
746 745
638 639
1917 1918
1912 1913
2179 2178
2321 2320
1308 1309
163 164
106 107
395 396
1617 1618
1658 1657
1034 1033
1127 1128
549 550
1028 1027
1334 1335
1405 1404
1687 1688
1266 1267
1046 1045
648 647
28 29
1563 1562
1525 1524
1008 1009
1255 1256
58 59
2356 2355
867 868
781 782
1907 1906
1655 1654
572 573
599 598
1053 1052
633 634
959 960
2361 2360
1022 1021
2299 2300
1272 1273
1199 1200
694 695
379 378
201 200
2331 2332
1805 1806
1525 1526
2430 2429
1653 1654
1495 1496
37 36
1420 1419
1252 1253
664 663
2163 2164
1213 1214
1954 1955
2282 2283
1849 1848
564 565
1863 1864
1484 1483
361 360
364 365
779 778
2350 2351
808 809
1062 1061
1667 1666
1530 1529
1950 1951
1953 1954
1766 1767
2414 2413
1056 1057
940 939
1304 1305
467 466
714 713
1409 1408
1198 1199
1208 1207
967 966
245 246
412 411
601 602
786 785
431 432
1839 1838
2249 2248
71 70
260 259
909 908
912 911
2300 2301
543 542
1424 1423
2030 2029
701 702
1229 1228
2443 2442
2370 2369
2372 2373
1834 1835
1003 1002
1112 1111
442 443
1650 1649
737 738
869 870
1236 1235
559 558
270 271
2358 2359
1746 1747
1379 1380
1020 1019
323 324
898 899
238 239
1318 1319
827 828
560 561
1480 1481
180 179
1483 1482
1011 1010
894 893
1575 1576
1956 1957
415 414
294 295
1994 1995
1536 1537
1289 1290
1672 1671
2001 2002
629 628
34 33
1183 1182
1950 1949
230 229
1359 1360
1299 1300
303 304
740 739
1090 1091
567 566
2436 2435
1714 1713
416 417
1376 1377
2135 2136
127 126
1607 1608
1428 1429
963 962
762 763
1264 1265
420 421
1299 1298
1719 1720
1057 1058
1760 1761
2328 2327
1099 1098
882 883
1261 1260
313 312
1512 1513
2256 2255
2178 2177
2071 2070
459 460
2132 2131
1187 1188
1604 1603
44 45
2 3
590 589
1259 1260
1375 1374
500 501
346 345
1619 1618
1536 1535
993 992
748 749
2084 2085
952 953
1824 1823
488 489
2482 2431
325 326
1017 1018
2336 2337
2433 2434
1879 1878
1429 1430
1733 1732
1238 1237
425 424
1943 1942
1836 1835
997 998
1310 1309
436 437
1920 1921
752 753
2185 2186
747 748
946 945
1319 1320
112 113
1842 1843
1782 1781
2050 2051
279 280
2240 2241
1112 1113
1750 1749
315 316
2209 2208
751 752
2078 2079
815 816
1561 1562
1168 1167
2234 2233
2265 2264
1504 1503
139 138
2184 2183
2343 2344
1712 1711
649 648
559 560
1708 1709
727 728
1492 1493
322 321
1690 1691
1130 1131
1351 1350
1700 1699
2165 2164
836 835
331 332
433 434
23 24
2131 2130
755 754
1431 1430
1170 1171
64 65
1382 1383
788 787
1472 1471
877 876
1807 1806
1903 1904
757 756
1381 1380
554 555
43 44
1185 1184
1850 1851
1 2
1662 1661
1371 1372
2246 2245
1395 1394
2378 2377
1828 1829
1507 1506
1931 1930
808 807
1724 1723
1175 1176
1988 1989
1034 1035
1343 1342
1219 1220
1056 1055
942 943
48 49
2211 2212
372 373
1068 1069
1871 1872
2138 2137
1856 1855
1213 1212
2236 2235
2451 2450
2023 2024
1751 1752
1888 1889
1569 1568
714 715
1664 1663
1708 1707
1326 1327
2264 2263
1902 1901
847 846
1573 1572
1038 1037
1788 1787
1088 1087
981 982
1235 1234
1808 2477
1076 1077
558 557
1981 1982
1417 1416
794 795
1670 1669
1103 1104
1883 1884
2362 2361
217 216
516 517
1096 1097
87 86
939 2496
1435 2474
1413 1414
931 932
1658 1659
1762 1761
2259 2260
1412 1411
1772 1771
1552 1553
408 407
1356 1357
1150 1151
703 704
348 349
1537 1538
2333 2334
1075 1076
1624 1623
527 528
219 218
1411 1410
1161 1160
2144 2143
1633 1634
899 900
375 376
305 306
785 784
597 596
1080 1081
2127 2128
2322 2321
2210 2211
2174 2173
118 119
892 893
803 804
1464 1465
1748 1749
1436 1437
2115 2114
1810 1809
1322 1321
189 190
2368 2369
2373 2374
265 264
124 123
2441 2442
1118 1119
1780 1779
432 433
1163 1164
1063 1064
1939 1940
1122 1123
760 759
61 60
462 463
966 965
1996 1995
2226 2225
2023 2022
365 366
887 886
291 292
1150 1149
2008 2007
1774 1773
1337 1338
1727 1728
22 21
167 166
2489 78
1664 1665
616 617
1022 1023
170 171
798 797
4 3
2408 2407
399 398
1582 1581
1146 1145
1692 1693
2199 2200
455 456
579 580
1968 1969
1758 1757
195 196
2417 2418
1295 1296
2030 2031
2348 2347
1829 1830
2090 2089
1858 1857
1131 1132
1353 1354
382 381
601 600
1682 1683
441 440
612 611
773 774
1971 1972
973 974
225 224
915 916
1762 1763
1588 1589
323 322
1491 1492
1294 1295
928 929
2022 2021
683 682
753 754
720 719
1333 1332
881 880
2205 2206
1514 1515
1282 1281
1415 1414
2291 2292
468 467
2148 2147
980 979
1274 1275
1612 1611
20 21
709 710
2393 2392
2073 2074
2215 2214
1661 1660
493 492
457 456
187 188
2048 2049
25 26
1121 1122
40 41
129 128
133 134
2063 2064
2082 2081
1556 1555
2196 2197
873 874
1066 1065
1910 1911
398 397
208 207
1952 1953
1881 1882
786 787
590 591
1262 1261
898 897
1814 1813
1147 1148
2380 2381
2357 2356
2003 2002
1136 1137
472 471
1455 1454
1245 1244
938 937
396 397
2396 2397
518 519
2172 2171
666 665
2465 2464
1500 1499
1519 1518
54 53
88 89
1185 1186
788 789
224 223
2312 2311
2427 2428
1911 1912
1945 1946
587 586
940 941
1363 1364
2271 2272
582 583
1408 1407
1793 1792
955 956
181 180
1546 1545
1857 1856
315 314
670 669
758 757
1936 1935
1116 1117
1551 1552
1595 1594
1521 1522
818 817
195 194
2280 2279
1139 1138
1234 1233
1851 1852
2273 2274
99 98
1040 1041
793 794
1698 1697
805 806
193 194
599 600
120 119
2360 2359
1404 1403
502 503
1694 1695
210 211
2247 2248
860 861
2467 2468
2270 2269
883 884
124 125
238 237
223 222
1621 1622
744 743
902 901
2184 2185
2461 2462
913 912
2449 2450
1174 1175
297 298
2454 2455
2076 2077
1526 1527
1600 1599
1457 1458
2015 2014
2072 2073
1376 1375
2329 2328
2464 2463
527 526
2495 1843
1238 1239
1729 1728
230 231
655 654
2252 2253
42 43
1000 1001
349 350
304 305
1691 1692
671 670
1128 1129
1892 1893
1291 1292
2013 2012
1490 1491
2123 2122
2275 2276
790 791
157 158
1369 1370
488 487
636 637
2103 2102
402 401
2088 2089
1998 1999
1924 1923
1031 1032
668 669
378 377
2111 2110
449 450
637 638
2070 2069
2382 2383
2384 2383
286 287
701 700
1815 1816
1467 1466
440 439
2112 2111
575 574
1271 1272
147 148
262 263
956 957
1985 1984
844 843
1812 1813
100 101
1221 1220
86 85
2125 2124
198 197
1336 1337
2431 2432
603 604
2294 2293
1303 1302
840 841
39 38
1136 1135
2400 2399
1596 1595
173 174
2467 2466
340 341
1680 1681
1477 1478
1796 1795
482 483
2219 2220
551 550
1390 1389
2444 2443
201 202
2462 2463
520 521
309 308
1438 1437
1581 1580
1083 1082
7 8
1165 1164
1072 1073
1565 1564
346 347
1592 1591
2246 2247
1094 1093
698 699
1083 1084
1386 1385
1811 1812
1986 1985
2451 2452
849 850
509 510
975 974
2273 2272
90 91
1225 1226
969 970
1487 1488
1644 1645
1696 1695
235 236
1809 1808
2067 2068
2120 2121
1739 1740
1162 1163
795 796
633 632
687 686
2231 2230
2156 2155
2371 2372
972 971
2091 2092
594 595
6 7
1637 1638
1511 1512
834 833
2236 2237
2032 2031
328 329
504 503
621 620
2469 2470
1686 1685
1769 1770
1620 1621
1134 1135
1228 1227
847 848
1713 1712
1368 1369
1279 1278
1463 1464
2277 2276
685 686
2306 2307
210 209
779 780
490 491
1087 1086
722 723
2026 2025
880 879
253 2500
2039 2040
1538 1539
360 359
542 541
995 994
1074 1073
1677 1678
1352 1351
851 852
1726 1727
1941 1940
2425 2424
1304 1303
1178 1177
608 609
1589 1590
1520 1519
1988 1987
567 568
1819 1818
1086 1085
1759 1758
855 856
269 268
73 72
1745 1744
2263 2262
1614 1615
540 539
1452 1451
2432 2433
507 506
239 240
941 942
170 169
1681 1682
908 907
350 351
672 671
1804 1805
2188 2187
2129 2128
30 31
1862 1861
147 146
1631 1630
2138 2139
823 824
476 475
1528 1527
517 518
390 389
816 817
855 854
2067 2066
634 635
266 265
1667 1668
1518 1517
248 249
1393 1394
472 473
1717 1718
1246 1247
1025 1026
225 226
419 418
104 105
969 968
1106 1105
345 344
1062 1063
1933 1934
1372 1373
540 541
1875 1876
1771 1770
2378 2379
1561 1560
1120 1119
848 849
2325 2326
1919 1920
2232 2231
970 971
2498 2465
1054 1055
48 47
1690 1689
2100 2101
1035 1036
1974 1973
2381 2382
82 81
1705 1706
2171 2170
2052 2053
91 92
2475 1357
1221 1222
1250 1249
1094 1095
1142 1141
168 169
146 145
596 595
2146 2145
1906 2484
576 577
10 11
1841 1842
1877 1876
1466 1465
1660 1659
904 905
1895 1894
691 692
1486 1485
2177 2176
539 538
2346 2345
1011 1012
2108 2107
726 727
444 445
1153 1154
1852 1853
1827 1826
1459 1458
2180 2179
285 286
2019 2018
151 152
1019 1018
1743 1744
13 14
343 342
584 583
605 604
920 921
2103 2104
525 526
1267 1268
1427 1428
1245 1246
1703 1702
523 524
442 441
1279 1280
366 367
464 463
1333 1334
631 630
1477 1476
25 24
825 826
2129 2130
2268 2269
483 484
2205 2204
1473 1474
1355 1356
67 66
529 528
252 253
2424 2423
1734 1735
1741 1742
1533 1532
2389 2390
459 458
1972 1973
1643 1642
2090 2091
1757 1756
2459 2460
251 250
820 819
377 376
1183 1184
1036 1037
585 584
2194 2193
185 184
54 55
2421 2420
1636 1637
70 69
1152 1153
953 954
336 335
1949 1948
1205 1204
160 161
952 951
824 825
2065 2066
93 94
1008 1007
2024 2025
129 130
1211 1210
162 161
154 155
1523 1524
229 228
1247 1248
874 875
2061 2060
1753 1754
233 232
2353 2352
2492 1249
770 769
1997 1996
607 606
2398 2397
610 611
2092 2093
522 523
793 792
2154 2155
744 745
1197 1196
1332 1331
734 735
2226 2227
1060 1061
653 654
1583 1584
2218 2217
1756 1755
764 765
2352 2351
1398 1399
1704 1705
677 678
328 327
2375 2374
408 409
2292 2293
1797 1798
2010 2011
1188 1189
852 853
1469 1470
1530 1531
1503 1502
1791 1792
681 680
657 658
2444 2445
1389 1388
1922 1923
1794 1793
693 692
1801 1800
125 126
985 984
1383 1384
460 461
275 274
1412 1413
999 998
1541 1542
1752 1753
451 452
1786 1785
1550 1551
751 750
2223 2224
1479 1480
1232 1233
2375 2376
394 393
619 618
2173 2172
1590 1591
1817 1816
2244 2245
1345 1344
1685 1684
1120 1121
1328 1327
1296 1297
1229 1230
862 861
990 991
19 18
183 182
642 643
2112 2113
1180 1181
1251 1250
395 394
2152 2151
2099 2100
2412 2413
1506 1505
313 314
646 647
1528 1529
1601 1600
1462 1461
227 226
60 59
1854 1855
1925 1926
1631 1632
1868 1869
2063 2062
2132 2133
1142 1143
1104 1105
158 159
750 749
2453 2452
1212 1211
1241 1240
2042 2043
2127 2126
251 252
1732 1731
878 879
1924 1925
478 477
2500
2366 2365
1261 1260
1983 1982
335 336
1528 1527
958 957
1258 1257
359 358
2025 2024
1836 1835
1641 1642
1078 1079
1480 1481
1511 1512
980 981
2483 2484
1885 1884
2238 2239
1037 1038
701 700
863 862
1119 1118
763 762
1063 1062
1293 1292
328 327
1667 1666
1637 1636
117 116
945 944
2346 2347
865 864
1925 1924
2363 2364
894 893
1418 1417
860 861
651 650
2480 2479
1340 1339
1691 1690
1195 1194
1381 1382
240 239
1608 1609
1363 1362
1429 1430
1224 1223
670 671
1933 1932
174 173
1146 1147
974 975
1091 1090
1889 1888
2499 454
215 216
1065 1064
1067 1066
76 77
963 962
1667 1668
2481 2480
1639 1640
1033 1032
341 340
2317 2318
741 742
1296 1295
529 528
1343 1344
513 514
1021 1020
1874 1873
1991 1992
901 902
785 784
60 59
552 553
146 147
742 743
856 857
1484 1485
817 816
876 875
1302 1303
2216 2217
920 921
1596 1597
2086 2087
1598 1597
2455 2454
1906 1905
1899 1898
1150 1151
850 849
1407 1406
781 780
30 29
361 362
410 409
1901 1902
157 156
1655 1654
2335 2334
1252 1253
978 977
690 689
1102 1103
838 839
1956 1955
1709 1708
889 890
333 334
417 416
577 578
1809 1808
1867 1866
1127 1126
575 576
2352 2353
141 140
1320 1321
950 949
2409 2410
1928 1927
109 108
263 264
1840 1841
439 438
2133 2132
477 478
1283 1282
660 659
1394 1393
1643 1642
282 283
2036 2035
2058 2057
2459 2460
1313 1314
530 529
2254 2255
2222 2221
2283 2284
947 946
2289 2290
1903 1904
1168 1167
2328 2329
583 584
607 608
676 675
883 882
1070 1071
2005 2006
1794 1795
1450 1449
1357 1356
2204 2203
1687 1686
309 310
1966 1967
1592 1591
850 851
328 329
2165 2164
504 505
2450 2451
1031 1032
927 926
2325 2326
1287 1288
2064 2065
2294 2295
2097 2098
1675 1676
1968 1969
1217 1216
1249 1250
939 938
1067 1068
292 293
1505 1504
1406 1405
896 895
1930 1931
1275 1276
667 666
744 743
828 829
1147 1148
1426 1427
387 386
1540 1541
2316 2315
2132 2131
1562 1561
2335 2336
550 551
2381 2382
2310 2311
556 555
97 96
188 189
2345 2344
609 610
2055 2054
1668 1669
922 921
1746 1745
578 579
2336 2337
649 650
826 825
703 704
1518 1519
588 589
1412 1411
905 904
919 920
914 915
1028 1029
1422 1421
1060 1059
1371 1370
2171 2172
245 244
822 821
1526 1525
1337 1338
1053 1054
926 925
491 490
1402 1401
137 138
1844 1843
130 131
1886 1887
1910 1911
1648 1649
1018 1019
1096 1095
39 40
2292 2291
2408 2407
2472 2471
1055 1054
1488 1487
2367 2368
991 990
565 566
1693 1692
1624 1625
1787 1786
2218 2217
2188 2189
1655 1656
2240 2239
2135 2134
538 539
808 807
618 619
2282 2283
1172 1171
1068 1069
1978 1977
710 709
1008 1009
2344 2343
436 437
300 299
2128 2129
1693 1694
151 152
218 217
345 344
1176 1175
201 200
1282 1281
255 256
805 804
353 354
566 567
2092 2093
1971 1972
86 85
1461 1460
1324 1323
500 499
797 796
230 229
1675 1674
777 776
329 330
679 678
2115 2116
95 94
882 881
1999 1998
1482 1481
1456 1457
31 32
1918 1919
1739 1740
2195 2194
1926 1927
1127 1128
1070 1069
166 167
640 641
2252 2253
1153 1154
1578 1577
2082 2083
1834 1833
143 142
806 807
654 655
234 233
1629 1630
940 941
1544 1543
2203 2202
2388 2389
459 458
1041 1040
1995 1996
695 694
169 170
662 663
1569 1568
741 740
652 651
54 55
1657 1658
131 132
250 251
1616 1615
2232 2233
934 933
636 637
2433 2434
1883 1882
1803 1802
1140 1139
405 404
629 628
1878 1879
1753 1754
1290 1289
171 170
1837 1838
1979 1980
1917 1916
547 546
708 709
2106 2107
840 841
975 976
977 976
561 562
1550 1551
2452 2451
665 666
154 153
910 909
1139 1138
1993 1994
388 387
2054 2053
1044 1043
868 867
1694 1695
2206 2205
1698 1697
2468 2469
1699 1698
2004 2003
2473 2472
1873 1872
1337 1336
2404 2403
1573 1574
1352 1353
1195 1196
1203 1204
2063 2062
2416 2415
1199 1200
2090 2091
2188 2187
1007 1006
57 56
1075 1074
839 840
266 267
1123 1122
425 424
938 937
1583 1584
930 929
54 53
1863 1864
950 951
258 257
1670 1671
2394 2393
1409 1410
1243 1244
1548 1547
1558 1559
1328 1329
2307 2306
1189 1188
705 706
1726 1727
2418 2419
22 23
1001 1002
2028 2027
533 534
1773 1774
492 491
2152 2153
65 64
191 190
510 509
2361 2360
2476 2475
1156 1157
719 720
972 971
2309 2310
581 580
2023 2024
2376 2375
252 253
305 306
1620 1621
298 297
1590 1591
1504 1503
2390 2389
1003 1004
661 660
2149 2150
953 954
827 828
1577 1576
1639 1638
1514 1513
2486 2487
265 264
533 532
1881 1882
1211 1210
415 414
590 591
2045 2044
654 653
1799 1798
1349 1348
490 489
378 377
2119 2118
1111 1112
1718 1717
2315 2314
165 164
744 745
692 691
1486 1487
77 78
1823 1822
787 788
2055 2056
2366 2367
1214 1213
1750 1749
2084 2083
568 567
2267 2266
1811 1812
1665 1664
2021 2022
2271 2270
1292 1291
1772 1773
1027 1026
2010 2011
2193 2192
26 25
1593 1594
509 508
1182 1181
2153 2154
35 34
985 984
254 255
543 542
275 276
1692 1691
1932 1931
545 544
1789 1788
2089 2090
1377 1378
630 629
2478 2479
1474 1473
1170 1169
669 670
468 467
451 452
604 603
1413 1414
1901 1900
1383 1382
1660 1661
528 527
1651 1652
102 103
2302 2301
2102 2101
1123 1124
35 36
1791 1790
1551 1552
963 964
2261 2262
1012 1011
2159 2160
302 303
498 497
970 971
1495 1494
942 943
2072 2073
1110 1109
2369 2368
2455 2456
2001 2000
2012 2013
1828 1829
2041 2042
573 574
1985 1986
2175 2176
1749 1748
1323 1322
927 928
1713 1714
285 286
2078 2077
875 874
1107 1106
2413 2414
166 165
1920 1919
448 447
631 632
1335 1334
453 454
1410 1411
1037 1036
1542 1543
1899 1900
103 104
100 99
2173 2174
558 559
274 275
1791 1792
648 647
2381 2380
1301 1300
1122 1121
390 391
1042 1041
957 956
2341 2342
2387 2388
2015 2016
1907 1906
286 287
2453 2454
2357 2358
386 385
1856 1857
733 734
184 185
207 208
1874 1875
380 379
215 214
1529 1530
1137 1138
73 74
968 967
2432 2433
2245 2244
280 281
1850 1849
1682 1683
774 775
1490 1491
308 309
80 81
1739 1738
2113 2114
808 809
794 793
1191 1192
357 358
607 606
479 478
759 758
1720 1721
2098 2099
2269 2268
1915 1914
1125 1124
111 112
1239 1240
2334 2333
1468 1469
644 643
740 739
749 748
411 410
67 68
658 657
2220 2221
2338 2337
87 88
622 623
1946 1947
1269 1268
1092 1091
1970 1971
445 444
2440 2439
1728 1729
1005 1006
182 183
2131 2130
44 45
1714 1715
1784 1785
1745 1744
642 643
292 291
2052 2051
1910 1909
1442 1443
36 37
1049 1050
134 133
100 101
419 420
736 735
2122 2121
1360 1361
489 488
371 370
832 831
2267 2268
2161 2162
537 538
1236 1237
1821 1822
2168 2169
172 173
2159 2158
800 799
631 630
369 368
1247 1248
2444 2443
1995 1994
226 225
1261 1262
223 222
129 128
110 109
2320 2321
450 451
534 535
639 640
2187 2186
664 665
1334 1333
1087 1088
1926 1925
311 310
147 148
1453 1454
2179 2180
2498 191
540 539
199 198
2312 2311
1278 1279
731 730
2048 2047
1430 1431
435 434
1162 1163
1567 1566
1713 1712
492 493
1535 1534
2303 2302
2382 2383
1081 1082
1480 1479
1881 1880
2415 2414
1532 1533
477 476
1436 1437
227 226
2256 2255
198 197
1174 1175
2177 2176
601 602
515 514
1975 1976
202 201
2032 2031
13 14
1061 1060
412 413
880 881
2412 2413
544 543
1670 1669
2300 2299
1840 1839
2273 2272
686 687
1103 1104
130 129
1626 1625
1798 1797
532 531
1423 1422
1587 1586
1710 1709
1155 1154
2151 2152
1937 1936
874 873
372 373
843 844
145 144
1964 1965
1967 1968
223 224
599 600
1801 1802
1002 1003
1525 1524
2037 2036
217 216
158 159
295 294
1194 1193
16 17
2170 2171
2067 2068
1330 1329
786 785
1459 1460
1428 1427
2124 2123
221 220
161 160
903 902
462 461
638 639
815 814
2483 2482
947 948
1933 1934
2202 2201
1332 1331
2435 2434
187 188
392 393
446 445
439 440
2061 2060
1011 1010
931 932
1861 1862
1027 1028
1579 1578
1164 1165
1896 1895
2485 2486
1374 1373
497 496
193 194
2391 2390
1223 1222
2313 2314
1734 1733
702 701
1653 1654
1716 1715
2139 2140
1317 1318
877 876
1759 1760
1644 1645
1936 1935
851 852
695 696
463 462
824 823
314 315
383 384
1718 1719
58 59
1634 1633
2086 2085
2461 2460
1851 1850
1497 1498
1225 1224
2345 2346
952 951
1813 1812
599 598
351 350
847 846
2038 2039
1589 1588
2103 2104
736 737
1259 1258
241 240
205 204
367 366
371 372
2271 2272
841 842
1160 1159
459 460
273 274
268 269
312 311
2196 2195
812 811
51 50
1057 1056
2199 2198
1697 1696
2043 2044
1959 1960
2458 2459
2475 2474
1134 1135
2431 2432
847 848
2129 2130
1403 1402
2231 2230
339 340
1630 1631
253 254
230 231
2358 2359
1987 1986
719 718
1202 1203
1349 1350
2014 2015
1519 1520
2067 2066
1878 1877
1164 1163
756 757
325 324
2138 2137
1595 1596
175 174
816 815
2437 2438
1611 1612
280 279
1392 1391
1576 1575
1862 1863
708 707
2484 2485
1785 1786
1106 1105
48 49
2244 2243
483 484
886 887
1913 1912
1744 1743
557 558
1478 1477
1112 1113
297 296
832 833
1939 1940
68 69
1836 1837
228 229
1561 1560
1129 1130
1186 1185
1776 1777
306 307
1117 1116
1888 1887
2096 2097
2008 2007
1168 1169
95 96
363 362
1351 1352
1564 1563
2466 2467
518 519
1902 1903
2342 2343
859 858
1991 1990
861 862
1137 1136
2373 2374
1706 1707
831 830
1958 1957
864 863
1777 1778
1104 1105
668 669
1121 1120
2410 2411
1593 1592
1938 1937
2076 2075
299 298
961 962
2340 2339
2042 2043
1072 1073
1996 1997
827 826
559 560
1486 1485
628 627
1868 1867
2214 2215
2329 2330
2357 2356
1279 1280
1700 1699
1180 1181
1946 1945
1533 1534
778 779
142 141
359 360
551 552
2442 2443
347 346
594 595
8 9
613 614
1388 1389
2035 2034
1055 1056
235 236
1580 1581
698 697
1369 1368
314 313
507 508
342 341
2327 2326
2157 2156
507 506
2328 2327
887 888
495 494
397 396
1374 1375
1895 1894
1390 1389
2185 2186
1570 1571
1885 1886
1649 1650
1614 1615
2261 2260
1962 1961
2287 2288
1259 1260
600 601
1448 1449
1683 1684
83 84
313 312
1447 1446
2198 2197
790 789
2263 2264
764 765
1333 1332
1553 1554
1599 1600
1249 1248
561 560
1891 1892
411 412
2373 2372
186 185
357 356
2313 2312
1268 1267
2009 2010
2274 2275
1233 1234
2134 2133
288 287
1623 1624
2356 2355
1782 1781
981 982
2228 2227
1145 1146
1764 1763
781 782
2469 2470
1233 1232
583 582
931 930
1875 1876
2088 2089
1970 1969
581 582
1513 1512
1358 1357
1793 1794
1029 1030
571 572
1051 1052
437 438
11 10
706 707
1818 1819
9 10
1725 1724
434 433
1811 1810
2240 2241
374 373
770 769
1177 1178
486 487
422 421
353 352
202 203
1202 1201
1114 1115
586 587
1190 1189
1230 1231
117 118
918 919
844 845
2418 2417
817 818
127 128
442 443
956 955
1603 1604
1391 1390
2351 2350
1241 1242
570 571
1363 1364
1566 1565
1572 1573
1362 1361
1025 1024
114 113
214 213
644 645
1954 1955
783 784
468 469
2058 2059
869 868
1992 1993
1044 1045
1754 1755
194 195
1605 1604
1852 1851
1187 1186
22 21
1094 1093
495 496
2193 2194
189 190
2301 2300
89 88
90 91
1466 1465
1489 1490
1871 1870
1913 1914
1646 1645
2072 2071
1063 1064
1297 1296
2407 2406
2464 2465
1617 1618
1149 1148
1606 1605
673 674
2100 2101
2185 2184
1935 1934
1102 1101
1005 1004
1607 1606
2446 2447
1943 1942
1627 1626
800 801
1869 1870
125 124
2141 2140
1465 1464
408 407
2304 2305
726 725
2380 2379
1035 1034
980 979
2427 2428
612 611
503 502
2116 2117
49 50
2495 685
90 89
1089 1088
547 548
175 176
2125 2126
1379 1378
945 946
858 857
1792 1793
712 713
575 574
339 338
2308 2307
683 682
674 675
82 83
168 167
522 523
1447 1448
924 923
204 203
995 996
700 699
1431 1432
1723 1722
722 721
455 456
550 549
1432 1433
593 592
2249 2250
470 471
1816 1817
1898 1897
1781 1780
172 171
569 570
2151 2150
1077 1076
396 395
1437 1438
2183 2182
2441 2440
1734 1735
2059 2060
1466 1467
892 891
2070 2071
430 429
326 325
1923 1922
1288 1289
2494 580
1354 1353
622 621
1344 1345
2471 2470
969 970
337 336
237 238
940 939
1330 1331
1096 1097
2143 2144
1435 1434
2076 2077
135 136
2354 2355
1225 1226
2385 2384
898 899
2476 2477
791 790
432 433
901 900
1616 1617
2333 2332
1309 1310
713 714
115 114
715 716
1796 1797
69 70
2007 2006
1184 1185
1140 1141
2462 2461
225 224
1255 1256
603 602
2496 2178
1838 1839
27 28
290 289
382 381
1647 1648
1821 1820
619 620
219 218
888 889
2148 2149
913 914
586 585
725 724
518 517
208 209
1746 1747
53 52
1219 1218
649 648
2500 208
1915 1916
1013 1014
834 833
899 900
1584 1585
569 568
1438 1439
635 636
771 772
1526 1527
1294 1293
1020 1019
260 261
2376 2377
1118 1117
2158 2157
809 810
548 549
2231 2232
228 227
1052 1053
2431 2430
1204 1205
1347 1348
17 18
1015 1014
2127 2126
1685 1686
721 720
176 177
1945 1944
959 960
1270 1269
2378 2379
1463 1462
1182 1183
2178 2179
2276 2275
1278 1277
2069 2068
2154 2155
2224 2225
106 105
1210 1209
1762 1761
72 71
515 516
391 392
792 793
909 908
1637 1638
16 15
2403 2402
1059 1058
6 7
271 272
1861 1860
1365 1364
1365 1366
2216 2215
912 913
1510 1511
119 120
757 758
2349 2348
995 994
1952 1953
1345 1346
2105 2104
2105 2106
2180 2181
18 19
1180 1179
2419 2420
1783 1782
1619 1618
351 352
896 897
463 464
1395 1396
315 316
1206 1207
987 988
1294 1295
2029 2030
646 647
270 271
1583 1582
234 235
1220 1219
1540 1539
1320 1319
93 94
263 262
1000 1001
1442 1441
1000 999
1728 1727
1562 1563
1339 1338
116 115
2305 2306
1678 1679
419 418
1611 1610
1652 1653
2124 2125
1078 1077
1209 1208
522 521
343 344
303 304
1110 1111
598 597
935 936
1871 1872
1306 1307
684 683
1507 1508
1982 1981
1703 1702
288 289
1780 1779
1207 1208
1308 1309
474 473
1472 1473
1297 1298
2053 2052
457 458
1585 1586
317 316
893 892
1342 1343
2493 1065
1601 1600
1016 1015
886 885
1257 1256
1022 1023
1672 1671
63 64
467 466
2070 2069
436 435
1444 1445
1358 1359
732 733
1681 1682
2164 2163
803 802
1166 1167
716 717
196 195
1829 1830
1092 1093
626 625
2005 2004
659 658
2167 2168
879 880
1255 1254
2477 2478
2046 2047
2022 2023
712 711
1267 1266
1133 1134
338 337
755 754
1805 1804
1517 1518
2230 2229
183 184
1443 1444
1049 1048
2095 2094
1131 1130
985 986
1891 1890
2482 2481
1305 1306
1768 1769
422 423
1266 1265
2210 2209
872 871
402 401
1418 1419
829 830
1628 1629
73 72
2258 2259
1787 1788
2442 2441
1386 1385
1399 1400
1845 1844
1007 1008
2406 2405
1315 1314
1984 1983
1848 1849
1265 1264
734 735
1062 1061
2450 2449
917 918
1212 1211
565 564
2223 2224
699 698
1846 1847
1774 1775
1445 1446
2269 2270
1023 1024
368 367
728 727
796 795
1989 1990
30 31
1415 1416
2146 2145
383 382
1228 1229
1066 1065
343 342
1819 1820
2011 2012
1770 1769
261 262
2257 2258
710 711
1806 1805
520 519
765 766
2265 2264
1380 1379
1853 1854
2173 2172
452 453
1855 1856
2034 2033
2401 2400
232 231
23 24
1277 1276
1523 1522
968 969
1516 1515
363 364
2324 2325
2465 2466
2233 2234
1038 1039
866 865
2073 2074
2422 2423
1640 1641
632 633
443 444
1304 1305
609 608
5 4
1751 1752
474 475
836 837
1841 1842
972 973
898 897
2445 2444
107 106
2281 2282
1076 1075
2374 2375
1696 1695
1729 1730
332 333
1853 1852
241 242
1980 1981
990 989
1663 1662
2408 2409
1569 1570
1627 1628
1951 1952
2371 2372
2420 2421
759 760
912 911
1509 1508
2018 2017
1622 1621
2074 2075
1635 1636
688 689
406 405
1521 1520
244 243
1086 1087
6 5
1190 1191
2405 2404
472 471
2439 2438
1116 1115
1034 1033
290 291
1440 1441
1929 1930
1974 1973
958 959
1858 1859
2265 2266
66 65
1651 1650
2040 2041
1602 1603
1631 1632
220 219
2218 2219
2079 2078
768 767
1401 1400
1244 1245
520 521
210 211
408 409
584 585
2352 2351
502 501
156 155
134 135
199 200
146 145
1911 1912
180 181
1173 1172
682 681
1302 1301
2237 2238
179 178
1350 1351
379 378
2274 2273
1090 1089
1502 1503
2398 2399
2425 2426
442 441
107 108
505 506
2082 2081
1482 1483
1359 1360
2208 2209
1909 1908
739 738
1242 1243
2362 2363
87 86
1716 1717
480 481
1030 1031
277 276
62 61
38 37
1036 1035
662 661
1083 1082
465 464
52 51
92 93
564 563
1835 1834
883 884
186 2497
427 428
1662 1661
245 246
2386 2385
2448 2449
1957 1956
2115 2114
1397 1396
26 27
1950 1949
61 60
499 498
431 432
671 672
237 236
1961 1960
2136 2137
2324 2323
1196 1197
1307 1308
1647 1646
347 348
1559 1560
376 377
138 139
1948 1949
895 894
2204 2205
1538 1537
365 366
2463 2464
2250 2251
2279 2280
55 56
1598 1599
789 788
1689 1690
994 993
21 20
1883 1884
2167 2166
1230 1229
680 681
1498 1499
1469 1470
1303 1304
1142 1143
2299 2298
500 501
247 246
1107 1108
1620 1619
1394 1395
1220 1221
304 305
614 615
1536 1535
2141 2142
2002 2001
2211 2210
738 737
1085 1084
967 966
1471 1472
2189 2190
752 753
251 252
1158 1157
317 318
110 111
1676 1677
620 621
1467 1468
798 797
2118 2117
606 605
137 136
1235 1234
2181 2182
238 239
450 449
1072 1071
820 821
2488 2487
2383 2384
389 388
982 983
20 19
2364 2365
835 836
965 964
579 580
2199 2200
524 523
917 916
1860 1859
1475 1474
2048 2049
1552 1553
1176 1177
180 179
746 745
375 376
1514 1515
163 164
905 906
1043 1042
1397 1398
14 15
1457 1458
1825 1824
616 615
998 999
1254 1253
2088 2087
2002 2003
1098 1097
42 43
481 482
2226 2225
1759 1758
1827 1828
2416 2417
1434 1433
416 415
1537 1536
71 70
2111 2110
1963 1964
62 63
258 259
182 181
1048 1047
1767 1766
168 169
770 771
618 617
1740 1741
80 79
1312 1313
260 259
285 284
1235 1236
113 112
1866 1865
247 248
1976 1977
1574 1575
1213 1212
2317 2316
593 594
1567 1568
1764 1765
160 159
685 686
907 908
2223 2222
47 48
1680 1681
457 456
1889 1890
2242 2243
1524 1523
1372 1373
692 693
2213 2214
2246 2245
2162 2163
2285 2286
1413 1412
1896 1897
791 792
2227 2226
2279 2278
1311 1312
2435 2436
206 205
1831 1830
1702 1701
282 281
2320 2319
723 724
510 511
151 150
186 187
1894 1893
2489 2490
1145 1144
424 423
2399 2400
1848 1847
610 611
2457 2456
1152 1151
25 24
1125 1126
132 133
2170 2169
633 634
1761 1760
1539 1538
2040 2039
319 318
2424 2423
2387 2386
380 381
1854 1855
294 293
1753 1752
1424 1425
1505 1506
1341 1340
1319 1318
1404 1403
2378 2377
1742 1741
2457 2458
937 936
488 487
1198 1199
1476 1477
783 782
1549 1548
684 685
1800 1799
795 794
2277 2276
1192 1193
751 750
616 617
1264 1263
1421 1420
2247 2248
1086 1085
1826 1825
278 277
2277 2278
1877 1876
370 369
1380 1381
345 346
2037 2038
1555 1554
1751 1750
2201 2200
2027 2026
2192 2191
869 870
1299 1298
1497 1496
1285 1284
104 105
911 910
1216 1215
119 118
1132 1131
1281 1280
11 12
1665 1666
1757 1756
1905 1904
813 814
2468 2467
925 924
448 449
1436 1435
1582 1581
1672 1673
1678 1677
2113 2112
878 877
321 320
1711 1710
1929 1928
1272 1271
1013 1012
1327 1328
1565 1564
1571 1572
870 871
395 394
1366 1367
1757 1758
1246 1245
440 441
1978 1979
447 446
1173 1174
249 248
2347 2348
122 123
2359 2360
775 776
866 867
801 802
407 406
1589 1590
2061 2062
485 486
102 101
761 762
2143 2142
1502 1501
206 207
455 454
1453 1452
2395 2396
1736 1737
2422 2421
2103 2102
1613 1614
993 992
1765 1766
197 196
46 45
680 679
717 718
1843 1842
1108 1109
1081 1080
323 324
688 687
663 664
613 612
1039 1040
2291 2290
1806 1807
2177 2178
1778 1779
1129 1128
1458 1459
473 472
1399 1398
402 403
466 465
1099 1100
1988 1989
2394 2395
2281 2280
1587 1588
723 722
46 47
2108 2109
1962 1963
1987 1988
760 761
1325 1324
1217 1218
749 750
1231 1232
810 811
1846 1845
308 307
2254 2253
1947 1948
751 752
2453 2452
2184 2183
461 460
1755 1756
414 413
884 885
2206 2207
556 557
1356 1355
845 846
691 690
1425 1426
1250 1251
1657 1656
997 996
2174 2175
335 334
256 257
2446 2445
1907 1908
1959 1958
1824 1823
835 834
1771 1772
1529 1528
1454 1455
2208 2207
270 269
2296 2297
321 322
948 949
1492 1493
1205 1206
2094 2093
2064 2063
1310 1311
1719 1720
385 384
212 211
1347 1346
960 961
2046 2045
2241 2242
1532 1531
587 588
2263 2262
1974 1975
2340 2341
1321 1322
1924 1923
1198 1197
1776 1775
799 798
2447 2448
2030 2031
1722 1721
140 139
469 470
1738 1737
2066 2065
2354 2353
1705 1704
1262 1263
430 431
2397 2396
1387 1386
1238 1239
714 715
2033 2032
364 365
1972 1973
81 82
2362 2361
2251 2252
1954 1953
2286 2287
1021 1022
1541 1542
13 12
625 624
475 476
1074 1073
1790 1789
703 702
2370 2371
904 903
192 191
513 512
74 75
952 953
44 43
400 399
2091 2092
855 856
1868 1869
1795 1796
859 860
1479 1478
332 331
768 769
2229 2228
426 425
2369 2370
1623 1622
97 98
1083 1084
978 979
998 997
590 589
2107 2108
483 482
1326 1325
403 404
554 555
2427 2426
1921 1922
1807 1808
1317 1316
1016 1017
1464 1463
84 85
2016 2017
429 428
1342 1341
2020 2019
2319 2318
1383 1384
1162 1161
536 535
2220 2219
696 697
754 753
1706 1705
79 78
1417 1416
2144 2145
1803 1804
1814 1815
2050 2051
323 322
1818 1817
2295 2296
1051 1050
823 822
99 98
67 66
1735 1736
1920 1921
526 525
1273 1272
1733 1732
1558 1557
148 149
121 120
302 301
2462 2463
541 540
2304 2303
2099 2100
645 646
1336 1335
1419 1420
1375 1376
764 763
973 974
1409 1408
232 233
1283 1284
1530 1531
2237 2236
1832 1833
992 991
2473 2474
1384 1385
1941 1940
2429 2428
1700 1701
604 605
943 944
2330 2331
932 933
426 427
1607 1608
1726 1725
843 842
1610 1609
2211 2212
418 417
1179 1178
1555 1556
2084 2085
1550 1549
1222 1221
852 853
266 265
576 577
854 855
1747 1748
2249 2248
480 479
212 213
693 694
1047 1046
33 32
210 209
730 729
1388 1387
1414 1415
1499 1500
162 161
1612 1613
1708 1707
242 243
1810 1809
1732 1731
1673 1674
250 249
642 641
349 348
2332 2331
1200 1201
2025 2026
2392 2391
915 916
2430 2429
2110 2109
854 853
1711 1712
2297 2298
75 76
1133 1132
1166 1165
756 755
222 221
503 504
2165 2166
1544 1545
2028 2029
2247 2246
923 922
1369 1370
121 122
374 375
1423 1424
127 126
1687 1688
1939 1938
2293 2292
1214 1215
1801 1800
1857 1858
1704 1703
512 511
1237 1238
1141 1142
1153 1152
356 355
1893 1892
284 283
1451 1452
1679 1680
542 541
517 516
818 819
390 389
2 3
58 57
1240 1241
573 572
360 361
1816 1815
350 349
1451 1450
726 727
143 144
4 3
1471 1470
1404 1405
1943 1944
2425 2424
158 157
2289 2288
2009 2008
2148 2147
667 668
624 623
1557 1556
1864 1865
1635 1634
2057 2056
2235 2236
1246 1247
813 812
1455 1456
150 149
1495 1496
1664 1663
1119 1120
778 777
678 677
546 545
1095 1094
2398 2397
2213 2212
890 891
637 638
596 597
1010 1009
1170 1171
838 837
2161 2160
803 804
2323 2322
1368 1367
1135 1136
1500 1501
34 33
2155 2156
1688 1689
1522 1521
2489 2488
1355 1354
2293 2294
2260 2259
1158 1159
1150 1149
1879 1880
954 955
2321 2322
1510 1509
1493 1494
40 41
1942 1941
1484 1483
1439 1440
331 330
1997 1998
2350 2349
1429 1428
1046 1045
1784 1783
1580 1579
2411 2412
2139 2138
485 484
987 986
1724 1723
1270 1271
193 192
154 155
393 394
873 872
1392 1393
779 780
1832 1831
1489 1488
420 421
525 524
562 563
2136 2135
153 152
268 267
1017 1018
1026 1025
2437 2436
2120 2119
2 1
2014 2013
319 320
2112 2111
825 824
7 8
2339 2338
399 398
774 773
2018 2019
42 41
273 272
2309 2308
537 536
526 527
878 879
1685 1684
1316 1315
989 988
1545 1546
1408 1407
766 767
728 729
354 355
1057 1058
772 773
1160 1161
849 848
1113 1114
2021 2020
906 907
2147 2146
1275 1274
401 400
1602 1601
2197 2196
941 942
1826 1827
1660 1659
177 178
592 591
1155 1156
704 705
1517 1516
2491 1133
748 747
1371 1372
39 38
2191 2190
327 326
1285 1286
29 28
2080 2081
806 805
652 653
656 657
2284 2285
1965 1966
162 163
554 553
295 296
1184 1183
1743 1742
1917 1918
1476 1475
1100 1101
965 966
656 655
1951 1950
929 928
1770 1771
1188 1187
1273 1274
1546 1547
820 819
984 983
300 301
2127 2128
1595 1594
1814 1813
2492 1903
1290 1291
935 934
2234 2235
2049 2050
279 278
1300 1299
1462 1461
676 677
2079 2080
493 494
1492 1491
2096 2095
1098 1099
1643 1644
2121 2120
1144 1143
124 123
1763 1762
2000 1999
92 91
1377 1376
596 595
626 627
1079 1080
635 634
1659 1658
747 746
1768 1767
673 672
1985 1984
125 126
1507 1506
731 732
1327 1326
2256 2257
530 531
1252 1251
1633 1632
787 786
398 397
1226 1227
1228 1227
2123 2122
1731 1730
2401 2402
2393 2392
1286 1287
