6
3500
3187 3188
1191 1192
703 702
3099 3100
2401 2402
470 469
707 708
3230 3231
165 166
2390 2391
1215 1214
1031 1030
362 363
3239 3240
1736 1737
3339 3338
1417 1418
1196 1195
644 645
2975 2974
1577 1576
2757 2756
422 421
2319 2320
1187 1186
1983 1984
3141 3142
1689 1688
973 972
3019 3020
3169 3170
913 914
545 544
2256 2257
3124 3123
115 116
640 641
1271 1270
3055 3054
3447 3448
67 68
674 673
3269 3270
1625 1626
3279 3280
3138 3137
107 108
800 799
1627 1626
272 271
1269 1270
1312 1313
2288 2287
1613 1614
393 392
204 203
1388 1387
1442 1443
2472 2473
3037 3036
389 388
391 390
142 143
410 409
2042 2041
742 741
718 719
34 35
1548 1547
1775 1776
27 26
782 783
711 712
1639 1638
2710 2709
435 436
544 543
1896 1897
256 257
1315 1316
1195 1194
1274 1273
1224 1223
2731 2730
2885 2884
46 45
3059 3060
2980 2979
2266 2267
2760 2759
2206 2207
1669 1668
2662 2661
1505 1504
1837 1836
557 556
2097 2096
2281 2280
2632 2631
910 909
537 538
2153 2152
1861 3473
1024 1025
2046 2045
3139 3138
1967 1966
1740 1741
640 639
1710 1711
1980 1979
50 49
63 62
508 507
192 191
69 68
3385 3384
688 689
2363 2362
1097 1098
697 698
1349 1350
1488 1489
801 800
2638 2637
1606 1605
1450 1449
3402 3401
2992 2991
3363 3362
2113 2114
783 784
2064 2065
3408 3409
2984 2983
1241 1242
1003 1004
1396 1395
2124 2123
1899 1900
3023 3022
3081 3080
2766 2767
771 770
1833 1832
496 495
950 949
1203 1202
3417 3418
2038 2037
1379 1378
2582 2583
2615 2614
533 534
2850 2851
163 162
1039 1040
2221 2222
1534 1533
3371 3372
1768 1767
136 137
1874 1875
3367 3368
1347 1346
746 747
278 277
772 771
416 415
2878 2879
2153 2154
2217 2216
2313 2314
3268 3269
1874 1873
2786 2785
2515 2516
1860 1859
2244 2243
384 383
2940 2939
2997 2996
347 348
2530 2529
3470 3469
1339 1338
123 122
946 947
2961 2960
273 274
1817 1818
3247 3246
2943 2942
2456 2455
1554 1555
2166 2167
71 72
705 706
666 667
3467 3468
903 902
2096 2095
61 62
2849 2848
2782 2783
818 819
1846 1845
1514 1513
830 831
1892 1891
2951 2952
1204 1203
1821 1822
281 280
1090 1089
479 480
404 405
46 47
1096 1095
1927 1928
2469 2468
1396 1397
989 990
85 84
2376 2377
1635 1634
2241 2242
3278 3279
77 78
608 607
2151 2150
293 292
2195 2196
958 957
864 863
2050 2049
652 653
479 478
1947 1948
765 766
453 452
3013 3012
3034 3035
465 466
513 512
1721 1722
2860 2859
3342 3343
3123 3122
2051 2052
2041 2040
897 896
761 760
858 859
2902 2903
1207 1206
1486 1487
509 508
2479 2480
1287 1288
2302 2303
3002 3003
3293 3294
3367 3366
1354 1355
678 679
2572 2571
1616 1617
1693 1694
1993 1994
3349 3348
96 97
371 372
1048 1049
3100 3101
1580 1579
2555 2554
2485 2486
240 241
2425 2426
1059 1058
2908 2907
2703 2704
938 939
318 319
1172 1171
1799 1800
3113 3114
2903 2904
3434 3433
3088 3087
109 108
918 919
2977 2978
3244 3243
1780 1781
1068 1067
2163 2162
986 985
190 191
2771 2770
2225 2224
598 597
1989 1990
1455 1456
3192 3193
153 154
174 175
2061 2062
2080 2081
3168 3167
514 515
3118 3119
1646 1645
2255 2254
1532 1531
1607 1606
2714 2715
1759 1760
2316 2317
2028 2029
140 141
454 455
1323 1324
1540 1539
2751 2752
1649 1648
2994 2993
3400 3399
383 382
738 739
250 249
1294 1293
2990 2989
204 205
412 413
3225 3226
1824 1825
1359 1358
2621 2620
2800 2799
3149 3150
3444 3443
2265 2266
2904 2905
1162 1161
3405 3406
2182 2183
1439 1438
1955 1956
2334 2335
2671 2672
2347 2346
3234 3233
3029 3028
3051 3052
2759 2758
42 41
3070 3071
3369 3368
20 19
2870 2871
1291 1290
1719 1718
1962 1963
1867 1868
2445 2446
2899 2898
302 301
813 812
1629 1630
682 681
2428 2429
2820 2821
1619 1620
1880 1879
850 851
519 520
2854 2855
2460 2461
3120 3119
1312 1311
3418 3419
1975 1974
872 873
311 312
496 497
172 173
1834 1833
2584 2585
581 582
18 17
1932 1931
2312 2313
889 890
891 892
254 253
907 906
2621 2622
3376 3377
1821 1820
3458 3457
56 57
3153 3154
2222 2223
3444 3445
1783 1784
881 882
2102 2101
2006 2007
2540 2539
2743 2742
2509 2510
1074 1075
2298 2297
338 337
3236 3237
2977 2976
1937 1938
3195 3196
2477 2478
2427 2426
2318 2319
3411 3412
2332 2333
3296 3295
2911 2910
98 97
1181 1182
1316 1317
3372 3373
536 537
296 295
1588 1587
553 554
1313 1314
1390 1391
2295 2294
485 484
1462 1463
1434 1435
2731 2732
491 492
1715 1716
3308 3307
2999 2998
2959 2960
326 327
623 622
2807 2808
511 510
2990 2991
2801 2802
2410 2409
1653 1652
910 911
981 980
1140 1139
3375 3376
2393 2394
2047 2048
2325 2324
1964 1965
1489 1490
1103 1102
2648 2647
2386 2387
2371 2370
1130 1129
1109 1110
811 812
474 473
307 306
272 273
2314 2315
1546 1547
243 244
2526 2525
846 845
1006 1007
2663 2664
2198 2199
3220 3219
275 276
2213 2214
1426 1425
2126 2125
332 333
1471 1470
3021 3022
186 187
1675 1676
3455 3456
1158 1157
1839 1840
1468 1469
3306 3305
1358 1357
1656 1657
1446 1445
2239 2240
2286 2287
2278 2277
1342 1341
2285 2284
1046 1047
2437 2438
307 308
2404 2403
2585 2586
318 317
263 264
1078 1077
795 3487
3275 3274
1522 1523
1147 1146
891 890
227 228
1052 1051
1542 1543
845 844
120 121
2569 2568
2116 2115
2229 2228
1992 1991
418 417
471 470
3085 3086
1642 1641
2735 2734
827 826
1078 1079
865 864
976 975
2864 2863
710 711
1790 1791
2411 2410
2147 2146
82 83
2145 2144
1113 1114
1928 1929
1726 1725
160 159
254 255
1339 1340
2718 2719
3208 3209
3207 3206
1556 1557
1043 1044
461 462
3494 2725
1592 1593
2490 2491
2894 2895
1353 1352
2395 2394
885 884
369 368
2895 2896
2609 2610
823 822
3484 28
2811 2812
842 843
2558 2559
490 489
814 815
1903 1902
1656 1655
2967 2966
2838 2837
1311 1310
3235 3236
1253 1254
3456 3457
618 617
3263 3264
77 76
2078 2077
1697 1696
1329 1330
2304 2305
1520 1521
3026 3025
144 145
2786 2787
2770 2769
3276 3277
563 564
1320 1321
2457 2456
3077 3078
94 95
2689 2690
220 219
1400 1399
320 321
2045 2044
3068 3067
1548 1549
2558 2557
2367 2366
1802 1801
605 606
730 729
3168 3169
3111 3110
3477 1979
1361 1362
2117 2116
453 454
1138 1137
3337 3338
2681 2680
477 476
2072 2071
3403 3402
2581 2582
3014 3015
2301 2302
1048 1047
3112 3113
3108 3109
2927 2928
1248 1249
2860 2861
2094 2095
1751 1750
2035 2036
3064 3063
675 674
448 447
16 15
2637 2636
1628 1629
814 813
296 297
3101 3102
1426 1427
2478 2479
2728 2729
2534 2533
2274 2275
1872 1873
1494 1495
2698 2697
3354 3355
1608 1609
2203 2204
1627 1628
1423 1422
361 362
2548 2547
626 627
32 33
2606 2607
2289 2290
2389 2388
1848 1847
863 862
1460 1459
2938 2937
2502 2501
2188 2189
1263 1262
549 548
422 423
2639 2640
2762 2763
2387 2388
2044 2043
690 691
2752 2753
1820 1819
2440 2439
1663 1662
2883 2882
578 579
3207 3208
1285 1286
690 689
979 978
1867 1866
1508 1509
2341 2342
925 926
512 511
331 330
2745 2744
2536 2535
3458 3459
1198 1197
237 236
121 122
551 552
1193 1192
2524 2525
2662 2663
3195 3194
3380 3381
2633 2632
889 888
114 113
2329 2330
2751 2750
2076 2075
207 206
2338 2337
2405 2406
2384 2385
1049 1050
2098 2097
9 10
487 486
438 439
3335 3336
3251 3252
571 572
2901 2902
1265 1266
2595 2594
1100 1099
1276 1275
64 63
279 278
2484 2485
1108 1109
2836 2837
3287 3286
1810 1811
822 821
1978 1977
3030 3031
3178 3177
1968 1967
930 929
1707 1706
3098 3097
3265 3264
1945 1944
1226 1227
156 155
90 89
529 530
2057 2056
164 165
1180 1179
1796 1797
2122 2121
1151 1152
363 364
2596 2595
3151 3150
99 100
2192 2193
2913 2912
2087 2086
38 37
110 111
175 176
615 616
299 298
2625 2626
1922 1921
2708 2707
3000 3001
245 244
3398 3399
3489 2728
3445 3446
1101 1102
427 428
895 896
2457 2458
680 679
3013 3014
2929 2928
2190 2189
2976 2975
1326 1325
1381 1382
1831 1832
2774 2775
445 446
2299 2298
1746 1745
1222 1223
2862 2863
1080 1079
2212 2213
3039 3038
2218 2219
214 215
1307 1308
338 339
2307 2308
3476 1172
2557 2556
1773 1772
235 234
1794 1795
2880 2881
2601 2602
978 977
1594 1593
3369 3370
141 142
1979 1978
735 736
1907 1908
1059 1060
1982 1983
1284 1285
1910 1909
3065 3064
1602 1603
1325 1324
1598 1597
945 944
2415 2414
3143 3144
694 693
3061 3062
1944 1943
1765 1764
357 356
1886 1887
3062 3063
1961 1960
232 231
2365 2366
2777 2778
921 922
282 283
1020 1021
650 649
2920 2919
247 246
2258 2257
857 856
288 287
3350 3351
2159 2160
2825 2826
2059 2060
3326 3327
2750 2749
1510 1511
384 385
2761 2762
2354 2355
1298 1297
1735 1736
1216 1215
2447 2446
2202 2203
2684 2685
1440 1439
1387 1386
3170 3171
2340 2339
368 367
1789 1790
499 500
2964 2965
2119 2118
1865 1866
1703 1704
333 334
1905 1904
2197 2198
374 375
2933 2934
2746 2745
261 260
1714 1715
30 29
330 329
153 152
185 186
480 481
2059 2058
3251 3250
22 23
411 410
374 373
1278 1277
430 431
665 664
1168 1169
1754 1755
1441 1440
532 533
1348 1347
444 443
2694 2693
502 501
1042 1043
1905 1906
1070 1071
732 733
387 388
2661 2660
3292 3293
658 659
151 150
737 736
3357 3358
2673 2674
1583 1582
2527 2528
2814 2813
1371 1370
2958 2959
2349 2350
1549 1550
1577 1578
1419 1418
1149 1148
1775 1774
1624 1625
351 352
918 917
3043 3042
2918 2919
342 341
2806 2805
805 804
2017 2016
772 773
434 435
2534 2535
2107 2106
721 720
3326 3325
505 504
636 635
138 137
3134 3135
619 620
2623 2624
2166 2165
2634 2633
621 622
3211 3212
1889 1890
3241 3240
2015 2016
834 835
1976 1977
2181 2182
221 220
603 602
1777 1778
1894 1893
2589 2588
2494 2493
2636 2635
3453 3452
2989 2988
1033 1032
1493 1494
2296 2297
177 176
1169 1170
2195 2194
106 105
1501 1500
3133 3132
495 494
1452 1453
820 821
593 592
2104 2105
1005 1006
291 290
2475 2476
2789 2790
212 213
3005 3004
3424 3423
2412 2411
1946 1947
775 776
55 56
1898 1899
400 401
284 285
3329 3328
1640 1641
148 149
613 612
802 801
1573 1574
1002 1001
2824 2823
2911 2912
369 370
28 27
3117 3118
3035 3036
258 259
585 586
2512 2513
868 869
2037 2036
933 934
959 958
3299 3300
1174 1173
522 521
2259 2258
1579 1578
2357 2358
114 115
103 102
2309 2310
1070 1069
655 656
570 571
1231 1232
481 482
2559 2560
1938 1939
1482 1481
468 469
2229 2230
2330 2331
262 261
1029 1030
3027 3026
1897 1898
2941 2942
2652 2653
2702 2703
1738 1737
1932 1933
2689 2688
2618 2617
2889 2890
78 79
2722 2721
3005 3006
1566 1567
811 810
2601 2600
1292 1293
2592 2593
3090 3089
2532 2533
1559 1558
708 709
1392 1391
2471 2472
562 561
1865 1864
1134 1133
673 672
1963 1964
1914 1915
1869 1870
2295 2296
725 724
2262 2261
2260 2261
403 404
1739 1738
359 358
988 987
531 530
2852 2853
31 32
505 506
646 645
1010 1009
2149 2150
1029 1028
303 302
931 930
447 446
3050 3051
2316 2315
1377 1378
3271 3272
932 933
2605 2604
1900 1901
1827 1828
2831 2830
3282 3281
3364 3363
1251 1252
1155 1156
3157 3158
2581 2580
2221 2220
1919 1918
961 960
2419 2420
197 196
1913 1914
663 662
425 426
74 73
524 525
1743 1742
3429 3430
1584 1585
353 352
3071 3072
1432 1431
2981 2982
1172 1173
1686 1687
3337 3336
1016 1015
3287 3288
2856 2857
758 759
2792 2793
2864 2865
3021 3020
2482 2483
144 143
3210 3211
1908 1909
2498 2499
2674 2675
828 829
3106 3105
40 39
937 936
110 109
712 713
2847 2846
580 581
1154 1155
1044 1045
355 356
1698 1699
1721 1720
3453 3454
920 919
134 135
1341 1340
3397 3396
591 592
2875 2874
2869 2870
575 576
983 984
1264 1263
1958 1959
2279 2278
887 888
3089 3088
777 778
2617 2616
588 589
1674 1675
3049 3048
2626 2627
986 987
3173 3172
2519 2520
499 498
718 717
157 156
1242 1243
531 532
178 177
625 624
2162 2161
660 659
866 867
3046 3045
2068 2069
2496 2497
2405 2404
927 926
1942 1941
2493 2492
3427 3428
402 403
2181 2180
1283 1282
569 570
2142 2141
935 934
2235 2234
927 928
2208 2207
2251 2250
3192 3191
3229 3228
485 486
1998 1997
1005 1004
1140 1141
112 111
2812 2813
293 294
717 716
3347 3348
1072 1071
1999 2000
996 995
3404 3405
797 796
1960 1959
2887 2888
52 51
1277 1276
1115 1114
2434 2435
2249 2250
1991 1990
2568 2567
1200 1201
2191 2190
3462 3463
3285 3284
3274 3273
35 36
1092 1091
3201 3202
1367 1366
3129 3130
1700 1701
233 234
1957 1958
609 610
2504 2505
1596 1597
1679 1678
1217 1218
901 900
2949 2948
1878 1877
706 707
905 906
1081 1082
2317 2318
1406 1407
2835 2834
1178 1179
76 75
3214 3213
2578 2579
247 248
217 218
2573 2572
334 335
316 317
3183 3184
1289 1288
256 255
2083 2084
2013 2014
2324 2323
127 128
781 780
2436 2437
1725 1724
2531 2532
3339 3340
1317 1318
3349 3350
2021 2020
3008 3009
381 380
2788 2789
1054 1053
3017 3016
2652 2651
51 50
1709 1710
1992 1993
3136 3137
3439 3488
2799 2798
355 354
1257 1258
1888 1887
3322 3323
1587 1586
3439 3438
2970 2969
1566 1565
1496 1497
2937 2936
385 386
2267 2268
2776 2777
2768 2769
17 16
3301 3300
1847 1846
2340 2341
2947 2946
2326 2327
2564 2563
1567 1568
859 860
630 629
88 87
1401 1400
535 536
386 387
1421 1422
2489 2490
2465 2466
1405 1406
777 776
2573 2574
1554 1553
3151 3152
2079 2080
756 755
1916 1917
2507 2506
2641 2640
2365 2364
289 290
3434 3435
1926 1927
829 830
2238 2237
948 949
857 858
3361 3360
2963 2962
336 337
1444 1443
276 277
656 657
3256 3255
841 842
2773 2772
774 775
2830 2829
3247 3248
300 299
3400 3401
3267 3266
624 623
696 695
178 179
474 475
1881 1880
2110 2109
1508 1507
1786 1787
1702 1701
2168 2169
1361 1360
2038 2039
2842 2843
578 577
2541 2540
1067 1066
2026 2027
2562 2561
1765 1766
1110 1111
2787 2788
994 993
767 768
1837 1838
1393 1392
1863 1862
763 764
1283 1284
1730 1729
74 75
3248 3249
705 704
1509 1510
1803 1802
731 730
513 514
1571 1570
2137 2136
2284 2283
792 791
1768 1769
2753 2754
1432 1433
2099 2098
809 810
3049 3050
3199 3198
394 3499
3043 3044
1639 1640
167 168
2175 2176
766 767
1124 1123
214 213
2134 2135
1966 1965
3163 3164
149 150
1622 1623
3099 3098
866 865
1969 1970
1176 1177
2402 2403
3256 3257
2741 2742
1849 1850
429 430
1858 1859
289 288
2576 2577
1085 1084
95 96
1604 1605
2423 2422
3224 3225
2774 2773
200 199
854 853
2748 2749
2343 2342
2508 2509
745 746
639 638
3289 3290
1913 1912
2178 2179
2851 2852
1308 1309
164 163
106 107
396 395
1617 1618
1657 1658
3308 3309
1127 1128
550 549
1028 1027
2611 2610
1404 1405
3389 3388
1266 1267
1046 1045
2972 2971
2853 2854
1563 1562
1524 1525
1008 1009
1256 1255
58 59
2356 2355
868 867
781 782
1906 1907
1654 1655
573 572
599 598
1053 1052
3254 3255
959 960
2361 2360
3267 3268
2299 2300
1272 1273
1200 1199
695 694
3314 3313
2921 2920
2331 2332
1805 1806
1525 1526
2429 2430
1654 1653
2724 2725
2827 2828
1419 1420
2909 2910
2677 2676
2164 2163
3330 3329
1955 1954
2282 2283
3320 3319
2838 2839
1864 1863
1483 1484
3472 3155
365 364
3106 3107
2350 2351
809 808
1061 1062
1667 1666
1529 1530
1950 1951
3284 3283
1767 1766
2413 2414
2670 2669
939 940
1305 1304
466 467
714 713
2587 2588
2809 2810
1208 1207
967 966
2571 2570
3070 3069
601 602
786 785
2549 2548
1839 1838
2615 2616
3216 3217
260 259
2842 2841
3184 3185
2599 2600
543 542
1424 1423
2029 2030
2888 2889
1229 1228
2443 2442
2728 2727
2373 2372
1835 1834
1003 1002
1112 1111
442 443
1650 1649
737 738
870 869
1235 1236
559 558
3189 3188
2359 2358
1746 1747
3259 3258
1019 1020
3272 3273
898 899
2704 2705
2832 2831
2983 2982
560 561
2754 2755
179 180
1483 1482
1010 1011
893 894
1575 1576
1957 1956
414 415
295 294
3486 724
1536 1537
3163 3162
1671 1672
2001 2002
629 628
33 34
2755 2756
1950 1949
229 230
1359 1360
1300 1299
3265 3266
740 739
2764 2763
567 566
3387 3386
1713 1714
2597 2598
2659 2658
2944 2943
127 126
1607 1608
1428 1429
3186 3187
2900 2899
2549 2550
421 420
2973 2974
1720 1719
1058 1057
1761 1760
2328 2327
1098 1099
882 883
1260 1261
3181 3182
3038 3037
2256 2255
2833 2834
2070 2071
460 459
2736 2737
1188 1187
1604 1603
44 45
3 2
590 589
3154 3155
3090 3091
500 501
3238 3239
1619 1618
1536 1535
993 992
748 749
2084 2085
2536 2537
3310 3311
489 488
2482 2481
326 325
1018 1017
2337 2336
2433 2434
3290 3291
3356 3357
1733 1732
3500 3099
425 424
1942 1943
3237 3238
998 997
3012 3011
436 437
1921 1920
752 753
2186 2185
747 748
946 945
1319 1320
113 112
1842 1843
3475 281
2051 2050
280 279
2241 2240
1112 1113
3352 3353
316 315
2865 2866
751 752
2873 2872
815 816
2843 2844
1167 1168
2234 2233
3353 3354
1503 1504
139 138
2183 2184
2344 2343
1711 1712
2932 2933
560 559
1709 1708
3003 3004
1492 1493
322 321
1691 1690
1131 1130
1351 1350
1700 1699
3147 3148
2683 2684
331 332
433 434
3460 3459
2131 2130
754 755
1431 1430
2739 2738
65 64
1383 1382
2650 2651
3055 3478
3498 3206
1807 1806
3056 3057
3008 3007
1381 1380
555 554
44 43
1184 1185
1850 1851
2 1
1661 1662
3127 3126
2245 2246
2979 2978
2377 2378
1828 1829
1507 1506
2566 2567
807 808
1723 1724
1176 1175
1989 1988
1034 1035
1342 1343
1219 1220
1055 1056
3425 3426
49 48
2211 2212
373 372
1069 1068
1872 1871
3136 3135
1855 1856
1213 1212
1241 3497
2450 2451
2024 2023
1751 1752
1889 1888
1569 1568
714 715
1664 1663
2649 2648
1326 1327
2263 2264
1901 1902
846 847
1572 1573
1038 1037
1788 1787
1087 1088
2729 2730
2946 2945
2477 2476
1077 1076
557 558
1981 1982
1417 1416
794 795
3245 3244
1104 1103
1883 1884
2362 2361
216 217
517 516
1096 1097
87 86
3191 3190
2858 2857
1414 1413
931 932
3378 3379
1761 1762
2259 2260
3058 3057
1772 1771
1553 1552
407 408
1356 1357
1150 1151
704 703
348 349
1538 1537
2334 2333
1075 1076
1624 1623
2757 2758
218 219
3044 3045
1161 1160
2143 2144
1633 1634
2782 2781
2956 2957
2806 2807
785 784
2939 2938
3431 3432
2580 3485
2321 2322
2211 2210
2986 2987
119 118
892 893
804 803
2523 2524
3392 3393
1436 1437
2869 2868
1809 1810
2587 2586
2580 2579
3384 3383
3415 3414
265 264
123 124
3344 3343
1119 1118
1780 1779
432 433
1164 1163
3351 3352
1939 1940
1123 1122
759 760
2955 2954
463 462
3463 3464
1995 1996
2765 2766
3331 3330
365 366
3042 3041
3158 3159
1150 1149
2007 2008
1774 1773
1338 1337
1728 1727
2696 2695
166 167
2489 2488
1664 1665
616 617
1023 1022
170 171
798 797
4 3
2796 2797
398 399
1582 1581
2914 2913
1693 1692
2935 2936
2523 2522
579 580
1968 1969
1757 1758
195 196
2418 2417
1296 1295
2030 2031
2348 2347
1830 1829
2090 2089
1858 1857
3490 227
1354 1353
382 381
600 601
2502 2503
3072 3073
611 612
774 773
1972 1971
973 974
2701 2702
915 916
3250 3249
1588 1589
323 322
1492 1491
1294 1295
929 928
2021 2022
682 683
754 753
2709 2708
1333 1332
880 881
2206 2205
1515 1514
1282 1281
3218 3217
2291 2292
3152 3153
2147 2148
980 979
1274 1275
1611 1612
21 20
710 709
2392 2393
2073 2074
3145 3144
1660 1661
2999 3000
457 456
188 187
2048 2049
25 26
1122 1121
40 41
129 128
133 134
2064 2063
2081 2082
1555 1556
3011 3010
874 873
1066 1065
1911 1910
398 397
208 207
1952 1953
3259 3260
786 787
591 590
1262 1261
897 898
3491 2942
1148 1147
2380 2381
2357 2356
2002 2003
1137 1136
472 471
2906 2905
2625 2624
938 937
396 397
3436 3437
518 519
2172 2171
3440 3441
3442 3441
1500 1499
1519 1518
53 54
89 88
1186 1185
2723 2724
223 224
2514 2515
2427 2428
2945 2944
1946 1945
586 587
941 940
1364 1363
3333 3332
582 583
3134 3133
2832 2833
2514 2513
181 180
2949 2950
1857 1856
315 314
669 670
758 757
1936 1935
1117 1116
1551 1552
1595 1594
3218 3219
3075 3076
3017 3018
2619 2618
1139 1138
1233 1234
1852 1851
2273 2274
99 98
2518 2519
793 794
2931 2930
806 805
194 193
600 599
3103 3102
2360 2359
1404 1403
502 503
2520 2521
3298 3297
3023 3024
860 861
2468 2467
2269 2270
3317 3316
2874 2873
3364 3365
222 223
1622 1621
744 743
902 901
3253 3254
2461 2462
913 912
2450 2449
1175 1174
297 298
2454 2455
3428 3429
1527 1526
1600 1599
2739 2740
2015 2014
2073 2072
3216 3215
3333 3334
3423 3422
527 526
2495 2494
1239 1238
1729 1728
230 231
654 655
2253 2252
43 42
1000 1001
350 349
305 304
3201 3200
2951 2950
1129 1128
3139 3140
1292 1291
2012 2013
2507 2508
2123 2122
3359 3360
2733 2732
157 158
1370 1369
487 488
637 636
2103 2102
401 402
2089 2088
1999 1998
1924 1923
1031 1032
2825 2824
378 377
2110 2111
450 449
637 638
2070 2069
2383 2382
2384 2383
2696 2697
701 700
3335 3334
1467 1466
3205 3206
2112 2111
574 575
1271 1272
147 148
263 262
956 957
1985 1984
843 844
1813 1812
2521 2522
1221 1220
2678 2677
2124 2125
2722 2723
1336 1337
2431 2432
2700 2699
2294 2293
1302 1303
841 840
38 39
1135 1136
2400 2399
3252 3253
173 174
2669 2668
341 340
3199 3200
2561 2560
1796 1795
2892 2891
2220 2219
550 551
1389 1390
2877 2878
202 201
2463 2462
520 521
308 309
1437 1438
2512 2511
2819 2820
2546 2547
3086 3087
1073 1072
1565 1564
347 346
1592 1591
2247 2246
1093 1094
698 699
1083 1084
1386 1385
1811 1812
1986 1985
2451 2452
849 850
2542 2543
974 975
2590 2591
2924 2925
1225 1226
969 970
3033 3034
2622 2623
1696 1695
235 236
1808 1809
2067 2068
2121 2120
3325 3324
1163 1162
795 796
2868 2867
2608 2609
3413 3414
2156 2155
2372 2371
3033 3032
2091 2092
594 595
6 7
1638 1637
1512 1511
834 833
2236 2237
3242 3243
328 329
504 503
621 620
2988 2987
1685 1686
3095 3094
1620 1621
1135 1134
3096 3097
847 848
1712 1713
1369 1368
2603 2602
1463 1464
2276 2277
686 685
3342 3341
209 210
780 779
491 490
1086 1087
723 722
2026 2025
880 879
2499 2500
3081 3082
1538 1539
3092 3093
541 542
2916 2915
3468 3469
2727 2726
1352 1351
851 852
1727 1726
1940 1941
2424 2425
1303 1304
1178 1177
609 608
1590 1589
1519 1520
1987 1988
568 567
1818 1819
3466 3465
1758 1759
855 856
268 269
72 73
3159 3160
3281 3280
1614 1615
539 540
1451 1452
2433 2432
507 506
240 239
942 941
2605 2606
3297 3296
907 908
2545 2546
672 671
3122 3121
2187 2188
2128 2129
31 30
1862 1861
2516 2517
1631 1630
2139 2138
823 824
475 476
3261 3262
518 517
2816 2817
2553 2552
3382 3383
2067 2066
634 635
265 266
2839 2840
1518 1517
249 248
2646 2645
3394 3393
1717 1718
2656 2655
1026 1025
226 225
3132 3131
104 105
969 968
2518 2517
345 344
1062 1063
1933 1934
1373 1372
541 540
1875 1876
1771 1770
2379 2378
1561 1560
3438 3437
848 849
2791 2790
3449 3450
2231 2232
970 971
2498 2497
1055 1054
48 47
1689 1690
2101 2100
1035 1036
1973 1974
2381 2382
82 81
3245 3246
2170 2171
2053 2052
91 92
2725 2726
1222 1221
3031 3032
1094 1095
1142 1141
169 168
2961 2962
596 595
2145 2146
2483 2484
577 576
10 11
1841 1842
1877 1876
1465 1466
1659 1660
904 905
1894 1895
691 692
1486 1485
2176 2177
539 538
2346 2345
1012 1011
2107 2108
726 727
445 444
1154 1153
1852 1853
1826 1827
2510 2511
2180 2179
285 286
2932 2931
151 152
3419 3420
1744 1743
14 13
342 343
584 583
604 605
921 920
2103 2104
3107 3108
1268 1267
1427 1428
1246 1245
3241 3242
2620 2619
441 442
1279 1280
366 367
463 464
1334 1333
631 630
1477 1476
2793 2794
3345 3344
2130 2129
2269 2268
483 484
2204 2205
2720 2719
1355 1356
66 67
528 529
253 252
2423 2424
1734 1735
2856 2855
2892 2893
2389 2390
459 458
3285 3286
1643 1642
2091 2090
1757 1756
2460 2459
250 251
3066 3065
376 377
1183 1184
1036 1037
2683 2682
2893 2894
184 185
2666 2665
3374 3373
2784 2783
70 69
2747 2748
953 954
335 336
2900 2901
1205 1204
161 160
951 952
824 825
2065 2066
94 93
1007 1008
2024 2025
129 130
1210 1211
162 161
154 155
1523 1524
229 228
3288 3289
875 874
2061 2060
1754 1753
3482 351
2352 2353
2492 2491
3303 3302
3365 3366
607 606
2737 2738
610 611
2093 2092
523 522
793 792
2154 2155
744 745
3391 3392
1331 1332
735 734
2227 2226
1060 1061
3327 3328
2672 2673
2218 2217
1756 1755
765 764
2352 2351
3172 3171
1704 1705
2691 2690
2550 2551
2374 2375
409 408
2927 2926
2840 2841
2010 2011
2995 2994
852 853
2848 2847
1530 1531
3417 3416
1791 1792
680 681
658 657
2504 2503
1388 1389
2803 2802
1793 1794
693 692
1801 1800
3111 3112
984 985
1383 1384
461 460
274 275
1413 1412
999 998
1541 1542
1753 1752
3109 3110
1785 1786
1550 1551
751 750
3406 3407
1479 1480
1232 1233
2375 2376
394 393
3301 3302
2172 2173
3197 3198
1816 1817
2244 2245
1345 1344
1685 1684
2679 2680
1327 1328
1297 1296
1230 1229
862 861
991 990
18 19
182 183
643 642
3466 3467
1180 1181
1251 1250
394 395
2152 2151
2100 2099
2413 2412
1506 1505
313 314
647 646
1528 1529
1600 1601
1462 1461
227 226
59 60
1854 1855
1926 1925
1632 1631
1816 3480
2706 2707
2133 2132
1143 1142
3149 3148
159 158
750 749
2453 2452
1212 1211
1240 1241
2629 2630
3346 3347
251 252
1732 1731
879 878
1924 1925
477 478
1722 1723
457 458
1682 1683
2444 2445
2584 2583
2253 2254
3271 3270
1490 1491
3073 3074
1615 1616
2654 2653
2716 2715
999 1000
956 955
2311 2312
1306 1305
146 147
1105 1106
2527 2526
684 685
1695 1694
2829 2828
455 456
1464 1465
1106 1107
651 650
1041 1040
1026 1027
3174 3175
1643 1644
1412 1411
1209 1208
2676 2675
2667 2668
676 677
1971 1970
2877 2876
3166 3167
1479 1478
642 641
1315 1314
2645 2644
2867 2866
1018 1019
1126 1127
350 351
7 8
2336 2335
2685 2686
1264 1265
3055 3056
1343 1344
2952 2953
2712 2711
1065 1064
2876 2875
3162 3161
102 101
2186 2187
2691 2692
1477 1478
242 243
2612 2613
2814 2815
769 768
1613 1612
1930 1931
3461 3462
2501 2500
2247 2248
3304 3305
136 135
3194 3193
379 380
757 756
103 104
1100 1101
1268 1269
12 13
190 189
3173 3174
1365 1364
1050 1051
325 324
1502 1501
1230 1231
1321 1322
1409 1408
2105 2106
2149 2148
3190 3189
222 221
2419 2418
2270 2271
2657 2658
2798 2797
2846 2845
417 416
2034 2035
2301 2300
566 565
2693 2692
1279 1278
498 497
2005 2004
2688 2687
2119 2120
2369 2370
687 686
2747 2746
2780 2781
653 654
2077 2076
2779 2778
267 268
2249 2248
5 6
3283 3282
2280 2279
524 523
643 644
803 802
1645 1644
2995 2996
1245 1244
3355 3356
568 569
3067 3066
1345 1346
2042 2043
1671 1670
1216 1217
1929 1930
1157 1156
1521 1522
2458 2459
3104 3105
563 562
2780 2779
2379 2380
2033 2032
2325 2326
3276 3275
3125 3124
1687 1688
1393 1394
1416 1415
807 806
1708 1707
257 258
788 787
2232 2233
2174 2175
1459 1458
9 8
1246 1247
3446 3447
3204 3205
3140 3141
1409 1410
2576 2575
2008 2009
2679 2678
662 661
1841 1840
55 54
345 346
1472 1473
2859 2858
3223 3222
3318 3317
1450 1451
1583 1584
3025 3024
2955 2956
2363 2364
3315 3316
86 85
1951 1952
1120 1121
2897 2898
358 357
585 584
836 835
3359 3358
432 431
2407 2406
170 169
2088 2087
3379 3380
677 678
1349 1348
192 193
838 839
354 353
21 22
2735 2736
936 935
2954 2953
2872 2871
1798 1797
3204 3203
3196 3197
1300 1301
239 238
2431 2430
2063 2062
731 732
720 719
84 83
2743 2744
1830 1831
2650 2649
419 420
3313 3312
1581 1580
1064 1063
1081 1080
535 534
1474 1473
733 734
1609 1610
198 197
2918 2917
1495 1496
2474 2475
1677 1678
2608 2607
2133 2134
981 982
1896 1895
2670 2671
2883 2884
1730 1731
2772 2771
286 287
2882 2881
2397 2398
1170 1171
1458 1457
1213 1214
1093 1092
2578 2577
1749 1750
117 118
1633 1632
2082 2083
2808 2809
2998 2997
965 964
631 632
2003 2004
723 724
1447 1446
2922 2921
1183 1182
1557 1558
527 528
2348 2349
1134 3492
1453 1454
1254 1255
2654 2655
1091 1090
1814 1815
2225 2226
2210 2209
1574 1575
923 922
450 451
3257 3258
961 962
923 924
2353 2354
697 696
1240 1239
2985 2986
2565 2564
1545 1544
2373 2374
1335 1334
3076 3077
2251 2252
2817 2818
1188 1189
1088 1089
832 831
1804 1803
3408 3407
2093 2094
2642 2641
2137 2138
2118 2117
24 25
992 991
1953 1954
2947 2948
2827 2826
886 885
1825 1826
647 648
1748 1747
1922 1923
1253 1252
2968 2969
1435 1436
306 305
967 968
1152 1153
1199 1198
948 947
3479 2365
2941 2940
11 12
2628 2629
1679 1680
2930 2929
1636 1637
1133 1132
1082 1083
1937 1936
172 171
2968 2967
3461 3460
669 668
614 3495
1517 1516
36 37
101 100
1845 1844
997 996
3294 3295
1793 1792
2177 2178
1330 1331
516 515
241 242
1210 1209
3370 3371
1668 1667
2701 2700
908 909
340 339
1562 1561
472 473
965 966
2239 2238
3083 3084
3161 3160
2699 2698
212 211
2321 2320
2714 2713
28 29
1498 1497
1742 1741
2140 2141
2474 2473
2466 2467
1777 1776
2447 2448
729 728
3420 3421
266 267
3415 3416
2208 2209
509 510
633 632
2114 2115
3382 3381
3471 2180
3018 3019
2079 2078
3432 3433
2594 2593
875 876
953 952
2444 2443
1871 1870
661 660
3126 3125
3409 3410
1040 3474
791 790
964 963
1403 1402
2923 2924
1362 1363
701 702
2836 2835
1917 1918
3378 3377
1533 1532
2193 2194
116 117
400 399
1670 1669
837 838
2776 2775
762 763
1948 1949
687 688
2481 2480
1986 1987
3047 3046
1455 1454
3115 3114
58 57
2907 2906
3145 3146
3083 3082
2291 2290
2309 2308
1146 1145
1903 1904
995 994
1975 1976
789 788
2158 2159
871 870
201 200
3321 3322
2040 2039
1598 1599
91 90
2142 2143
2292 2293
1666 1665
1883 1882
3412 3413
1697 1698
3436 3435
648 649
406 407
1515 1516
2199 2200
2761 2760
3307 3306
597 596
1017 1016
1280 1281
2614 2613
3221 3222
2135 2136
1911 1912
3398 3397
1676 1677
3177 3176
3425 3424
1546 1545
671 670
2306 2305
3448 3449
2442 2441
60 61
2646 2647
375 376
1108 1107
798 799
837 836
3156 3155
3096 3095
2158 2157
2861 2862
2282 2281
3234 3235
81 80
2643 2642
70 71
668 667
2392 2391
2801 2800
2288 2289
1298 1299
3146 3147
548 547
413 414
2028 2027
1395 1394
132 133
2169 2170
427 426
828 827
189 188
2639 2638
1243 1244
2174 2173
2469 2470
3232 3231
2970 2971
625 626
2086 2085
1368 1367
1716 1717
2784 2785
1425 1424
1475 1476
1885 1886
2422 2421
493 492
917 916
594 593
92 93
3403 3404
2687 2686
3310 3309
145 146
2574 2575
3164 3165
2957 2958
2196 2197
1310 1309
2815 2816
448 449
2822 2821
1784 1785
2409 2408
195 194
604 603
1398 1397
131 130
2109 2108
3215 3214
2570 2569
2055 2056
1165 1166
140 139
2599 2598
283 284
412 411
2303 2304
3291 3292
972 971
1488 1487
2887 2886
1647 1646
320 319
1512 1513
3230 3229
962 963
2734 2733
3340 3341
3318 3319
675 676
1411 1410
3346 3345
2631 2630
2034 2033
1457 1456
878 877
1193 1194
3010 3009
1997 1996
761 762
203 202
328 327
3120 3121
2531 2530
3129 3128
700 699
2667 2666
1444 1445
832 833
3178 3179
1534 1535
819 820
2495 2496
1560 1559
723 3483
3130 3131
3202 3203
1673 1672
441 440
2215 2216
2922 2923
818 817
899 900
1448 1449
2934 2935
1085 1086
2344 2345
3075 3074
2713 2712
1470 1469
1798 1799
1144 1143
1165 1164
53 52
740 741
2590 2589
1375 1374
1848 1849
360 359
65 66
3227 3226
3303 3304
1228 1227
915 914
2416 2417
2396 2395
1236 1237
1822 1823
120 119
310 309
989 988
2000 2001
779 778
525 526
1434 1433
451 452
3210 3209
126 125
871 872
2323 2322
2369 2368
3175 3176
2541 2542
3128 3127
587 588
2706 2705
2915 2914
1805 1804
2659 2660
1385 1384
198 199
1586 1585
1372 1371
977 976
2845 2844
1498 1499
3030 3029
418 419
1323 1322
3223 3224
1571 1572
2792 2791
2401 2400
1734 1733
493 494
1892 1893
1376 1377
2529 2528
1012 1013
3426 3427
2215 2214
2803 2804
1014 3496
2164 2165
1104 1105
3053 3054
1543 1544
1306 1307
467 468
3454 3455
1260 1259
1484 1485
423 424
895 894
291 292
1744 1745
2074 2075
982 983
1290 1289
3465 3464
944 943
2926 2925
1015 1014
1301 1302
1648 1647
2695 2694
3183 3182
1398 1399
2665 2664
2448 2449
553 552
1674 1673
3422 3421
1448 1447
3181 3180
651 652
5 4
312 313
2592 2591
1328 1329
912 911
379 378
3040 3039
1205 1206
271 270
2272 2273
2628 2627
2161 2160
1224 1225
3493 2711
2047 2046
555 556
3314 3315
1591 1590
925 924
1680 1681
1692 1691
2506 2505
716 715
3431 3430
1610 1611
439 440
1166 1167
1218 1219
1013 1014
1401 1402
1191 1190
2005 2006
246 245
3220 3221
3410 3411
1375 1376
2804 2805
1414 1415
2635 2634
1779 1778
1420 1421
2810 2811
1057 1056
1408 1407
3375 3374
790 789
1769 1770
950 951
1461 1460
1116 1115
2819 2818
343 344
2012 2011
2554 2553
2440 2441
2966 2965
2453 2454
1836 1835
3060 3061
1650 1651
1601 1602
1703 1702
2032 2031
1126 1125
2896 2897
1705 1706
3260 3261
3002 3001
1540 1541
1762 1763
1042 1041
2020 2019
1596 1595
2185 2184
634 633
1570 1569
2538 2537
3262 3263
1379 1380
1881 1882
464 465
1527 1528
1259 1258
3104 3103
2981 2980
303 304
216 215
1021 1022
1962 1961
3142 3143
2487 2486
2054 2055
323 324
1256 1257
3179 3180
619 618
2488 2487
225 224
3165 3166
1884 1885
2263 2262
2916 2917
627 628
2796 2795
1190 1189
1972 1973
1365 1366
2368 2367
1247 1248
2891 2890
1878 1879
1250 1249
955 954
3015 3016
1319 1318
1118 1117
1681 1682
211 210
2767 2768
269 270
2973 2972
2823 2822
770 769
3006 3007
3212 3213
206 205
1636 1635
3156 3157
1034 1033
14 15
1823 1824
2880 2879
301 300
3186 3185
2139 2140
664 663
884 883
3094 3093
1144 1145
3091 3092
2721 2720
1481 1480
1853 1854
546 545
1740 1739
2886 2885
1891 1890
3390 3391
406 405
2741 2740
2023 2022
565 564
2272 2271
2329 2328
1816 1815
1860 1861
3116 3115
1789 1788
1981 1980
3040 3041
886 887
2306 2307
1124 1125
2849 2850
826 825
2439 2438
2127 2126
184 183
1336 1335
1467 1468
2385 2386
2716 2717
2710 2711
2265 2264
2643 2644
2764 2765
1430 1429
429 428
3388 3387
2275 2276
1764 1763
3362 3361
2544 2545
2399 2398
237 238
3052 3053
1683 1684
2681 2682
3084 3085
2200 2201
3332 3331
80 79
1441 1442
2421 2420
2471 2470
725 726
2539 2538
483 482
1658 1659
3450 3451
2794 2795
2243 2242
855 854
2909 2908
1202 1201
3078 3079
2436 2435
208 209
3116 3117
2556 2555
2612 2611
1196 1197
1748 1749
3058 3059
727 728
1844 1843
742 743
1235 1234
3068 3069
2058 2057
3324 3323
614 613
2201 2202
3394 3395
311 310
3047 3048
2224 2223
1935 1934
2603 2604
2131 2132
2191 2192
2157 2156
389 390
2230 2231
2985 2984
2285 2286
1502 1503
3321 3320
2993 2992
2544 2543
839 840
2408 2407
2464 2463
2552 2551
2964 2963
942 943
3299 3298
2009 2010
2563 2562
3395 3396
3481 1275
2718 2717
124 125
1159 1158
3227 3228
3442 3443
3439 3440
1119 1120
1287 1286
2397 2396
666 665
2464 2465
2019 2018
370 371
1038 1039
3027 3028
2416 2415
282 281
816 817
1919 1920
574 573
722 721
903 904
3390 3389
1564 1563
2338 2339
3312 3311
1024 1023
547 546
24 23
1808 1807
615 614
684 683
2596 2597
182 181
3079 3080
2112 2113
2168 2167
1074 1073
1782 1783
2228 2227
361 360
3386 3385
3232 3233
1781 1782
1159 1160
2566 2565
1471 1472
2053 2054
1868 1869
3278 3277
233 232
1652 1651
132 131
2128 2127
1995 1994
391 392
2018 2017
1915 1916
1132 1131
1814 1813
1474 1475
1374 1373
438 437
2311 2310
3452 3451
2235 2236
876 877
2657 2656
1237 1238
294
115 117
240 239
278 277
147 149
145 147
273 271
151 152
275 276
155 153
171 172
173 175
207 209
8 7
67 69
59 61
254 253
169 167
269 270
163 165
85 87
9 11
155 156
235 237
146 145
151 153
239 241
1 2
139 137
272 271
249 250
213 215
158 157
5 3
101 99
9 7
84 83
187 188
107 108
211 209
111 112
229 231
247 245
121 122
253 251
261 259
33 31
111 113
113 114
26 25
289 290
91 89
184 183
165 166
180 179
155 157
196 195
23 25
127 128
231 232
282 281
179 181
217 218
131 133
34 33
106 105
75 73
257 259
80 79
93 91
123 121
138 137
121 119
292 291
255 256
33 35
165 167
145 143
99 97
260 259
215 216
287 285
31 32
192 191
73 74
79 77
117 119
262 261
275 273
85 86
191 189
241 243
265 263
17 15
199 201
39 41
135 136
185 187
55 53
19 17
160 159
203 205
116 115
185 183
18 17
21 19
229 227
37 39
197 199
251 252
148 147
265 266
27 29
222 221
43 41
113 115
201 203
219 217
214 213
283 284
97 98
247 248
197 198
100 99
277 275
53 51
7 5
81 79
27 25
277 279
55 56
13 14
88 87
224 223
22 21
171 173
221 223
220 219
177 178
5 6
206 205
280 279
57 58
159 157
61 63
289 291
38 37
258 257
168 167
43 44
129 127
92 91
233 235
264 263
181 182
242 241
81 83
23 24
29 30
72 71
125 126
246 245
45 46
286 285
103 105
202 201
67 68
230 229
267 268
225 226
28 27
101 102
129 130
11 12
162 161
287 289
193 194
164 163
210 209
42 41
67 65
249 251
127 125
1 3
233 234
263 261
151 149
101 103
70 69
169 171
123 124
161 163
225 223
211 212
236 235
48 47
176 175
257 255
35 36
75 76
193 195
187 189
93 95
117 118
231 233
193 191
61 62
119 120
43 45
283 285
288 287
207 208
83 85
65 66
141 143
39 40
175 177
135 133
109 107
60 59
197 195
267 265
245 243
237 238
140 139
104 103
49 50
169 170
77 78
215 217
11 13
173 174
243 244
9 10
29 31
199 200
19 20
228 227
95 97
53 54
213 211
143 144
49 51
183 181
35 37
291 293
63 64
55 57
225 227
142 141
13 15
77 75
89 90
132 131
3 4
221 219
189 190
93 94
179 177
65 63
123 125
109 111
283 281
59 57
237 239
105 107
294 293
269 271
281 279
135 137
131 129
95 96
273 274
141 139
23 21
81 82
205 207
49 47
110 109
45 47
133 134
249 247
154 153
15 16
69 71
204 203
255 253
161 159
186 185
150 149
267 269
87 89
73 71
52 51
308
30 60
63 127
216 108
31 15
114 228
46 93
75 150
233 116
60 121
112 225
247 123
204 102
1 3
248 124
129 259
58 29
263 131
58 116
291 145
34 17
3 7
7 15
59 29
282 141
285 142
300 150
307 153
66 133
230 115
217 108
40 80
88 44
100 200
118 236
12 25
94 189
143 286
97 48
238 119
4 9
205 102
86 173
235 117
76 152
57 28
23 11
4 2
63 126
19 9
97 194
3 6
131 65
54 109
128 64
188 94
18 9
54 108
103 206
71 142
120 60
62 125
4 8
258 129
113 226
52 105
257 128
93 186
23 46
114 229
41 82
139 278
83 167
24 48
294 147
49 98
53 107
68 136
275 137
91 183
159 79
242 121
68 137
187 93
17 8
214 107
126 253
67 135
58 117
115 231
27 55
161 80
111 223
270 135
101 202
78 156
96 48
149 298
243 121
55 110
142 284
290 145
112 224
56 112
265 132
103 207
132 264
272 136
113 227
13 6
57 114
140 280
149 299
69 138
234 117
279 139
28 56
26 13
73 147
140 281
296 148
152 304
158 79
57 115
90 45
61 122
73 146
295 147
109 218
195 97
208 104
22 44
18 36
168 84
292 146
146 293
129 64
99 49
157 78
51 102
51 25
104 52
74 148
72 36
2 5
84 42
164 82
96 193
138 277
40 20
19 39
190 95
92 46
288 144
65 32
163 81
113 56
133 266
37 74
283 141
179 89
244 122
77 154
151 303
106 212
37 18
89 178
90 180
130 260
29 14
35 71
144 72
276 138
59 119
43 21
132 66
222 111
42 85
38 19
254 127
289 144
130 65
150 301
55 111
83 166
81 162
210 105
13 27
11 22
297 148
182 91
151 75
123 246
267 133
83 41
145 72
98 196
287 143
118 59
203 101
86 43
274 137
50 101
5 10
149 74
45 22
106 53
38 77
47 23
119 239
176 88
45 91
268 134
50 25
171 85
241 120
20 10
110 220
153 76
95 47
71 143
42 21
198 99
40 81
70 140
82 165
308 154
211 105
106 213
36 73
34 69
174 87
170 85
16 32
269 134
34 68
127 255
50 100
86 172
123 61
5 11
175 87
62 124
12 6
66 33
28 14
39 79
10 21
240 120
37 75
153 306
160 80
16 8
141 70
51 103
78 39
245 122
2 1
92 185
49 24
136 273
151 302
26 53
251 125
52 26
54 27
20 41
271 135
256 128
131 262
7 14
30 15
98 197
96 192
90 181
199 99
61 30
250 125
215 107
134 67
191 95
219 109
104 209
84 169
69 139
17 35
67 33
35 70
47 94
43 87
184 92
38 76
152 305
77 155
63 31
232 116
33 16
249 124
31 62
201 100
12 24
89 44
88 177
130 261
221 110
237 118
64 32
252 126
299
47 46
228 227
213 214
206 207
192 193
282 14
78 79
26 25
198 197
143 144
162 163
54 55
268 269
173 174
233 234
194 288
83 82
164 163
29 28
275 135
24 25
151 150
5 6
73 74
245 244
15 14
169 170
47 48
237 236
116 115
43 42
265 264
84 83
93 94
217 218
154 155
146 145
14 13
297 269
106 105
150 149
116 117
125 124
35 36
172 276
37 38
160 161
4 3
13 12
130 129
298 115
58 59
209 208
183 184
50 49
260 259
33 34
26 27
80 81
104 105
34 35
104 279
172 173
254 255
71 72
33 270
91 90
174 281
113 114
223 222
44 43
17 18
134 135
11 10
51 50
51 52
189 188
1 2
185 186
78 77
189 190
20 21
70 71
128 129
110 109
164 165
112 113
84 85
154 153
157 158
15 271
92 91
159 160
61 62
66 67
10 9
226 227
119 118
53 52
195 299
32 31
59 60
283 219
251 252
289 93
107 108
180 179
255 256
152 153
29 30
242 243
118 117
167 166
82 81
111 110
169 168
171 172
225 226
132 133
107 106
87 86
180 181
66 65
181 182
113 293
207 208
3 2
238 237
211 212
237 292
200 199
56 57
67 68
95 94
185 184
165 166
120 121
244 243
221 220
73 72
249 248
217 216
85 86
127 126
225 224
223 224
287 261
231 230
49 48
142 141
28 27
101 102
147 146
8 7
240 239
217 290
76 77
69 68
156 155
246 247
266 267
205 206
232 231
101 100
108 109
240 241
195 196
5 4
263 264
124 123
247 248
193 194
61 60
259 258
258 291
191 190
98 99
187 188
202 201
261 262
174 175
268 267
177 176
178 179
213 212
175 176
251 250
201 200
62 63
88 87
11 12
134 133
44 45
285 45
103 104
80 79
220 219
23 22
294 290
122 121
64 63
229 228
280 149
115 114
112 111
15 16
30 31
135 136
40 39
296 258
192 191
233 232
253 252
161 162
16 17
93 92
197 196
19 20
9 8
229 230
123 122
74 75
210 209
238 239
57 58
204 205
42 41
272 193
142 143
18 19
139 140
139 138
32 33
221 222
252 274
125 126
145 144
284 54
242 241
277 48
140 141
203 202
130 131
96 97
64 65
128 127
89 90
21 22
266 265
56 55
38 39
149 148
253 254
182 183
131 132
178 177
46 45
257 258
103 102
260 261
250 249
147 148
210 211
88 89
138 286
187 186
168 167
119 120
235 236
54 53
215 214
37 36
278 252
203 204
69 70
199 198
262 263
97 98
152 151
234 235
256 257
245 246
156 157
195 194
24 23
99 100
273 169
138 137
171 170
218 219
40 41
158 159
216 215
136 137
7 6
295 201
75 76
95 96
311
67 68
273 274
103 102
23 24
211 212
154 153
116 115
273 272
174 175
36 35
45 46
191 190
143 142
217 216
120 121
304 52
217 218
268 267
186 187
140 141
257 256
78 79
229 230
50 51
190 189
186 185
245 246
187 188
8 7
236 237
231 232
75 76
122 121
42 41
64 63
296 295
26 25
151 150
198 197
74 73
108 109
4 3
214 213
125 126
78 77
110 111
106 105
223 224
205 204
253 254
48 47
88 87
189 188
173 174
220 219
124 123
5 4
201 202
72 73
247 246
173 172
11 12
11 10
16 17
155 156
270 269
270 271
310 298
89 90
122 123
143 144
96 95
85 86
199 198
1 2
266 267
99 100
169 170
80 81
92 93
157 156
136 137
215 214
104 103
8 9
134 133
285 284
215 216
32 33
199 200
79 80
158 159
10 9
106 107
197 196
232 233
196 195
166 167
194 195
118 119
243 244
240 239
282 283
231 230
290 303
91 90
108 107
243 242
171 172
306 22
178 179
285 286
249 248
296 297
302 208
291 292
260 261
258 259
277 276
21 20
264 263
18 17
181 180
104 105
21 22
291 290
75 74
18 19
177 176
288 289
34 33
275 276
241 240
227 228
134 135
184 183
111 112
55 56
3 2
83 82
41 40
180 179
61 62
209 210
177 178
13 12
223 222
274 275
224 225
98 99
300 301
219 218
167 168
43 44
200 201
49 48
258 257
30 31
7 6
148 147
237 238
146 145
294 295
130 131
67 66
149 148
97 98
164 165
101 100
65 64
288 287
139 138
142 141
42 43
233 234
305 302
63 62
252 251
97 96
27 28
28 29
92 91
160 161
203 202
56 57
95 94
82 81
168 169
6 5
260 259
225 226
192 193
29 30
282 281
172 311
247 248
152 153
49 50
27 26
46 47
58 59
118 117
129 130
114 115
35 34
76 77
265 266
253 252
299 300
244 245
36 37
72 71
68 69
280 281
152 151
208 209
309 89
84 83
299 298
154 155
175 176
164 163
236 235
255 254
242 241
250 249
52 53
44 45
40 39
289 290
294 293
22 23
221 220
120 119
139 140
284 283
65 66
150 149
15 14
159 307
88 89
170 171
147 146
86 87
38 37
58 57
227 226
110 109
20 19
287 286
135 136
228 229
54 53
158 157
31 32
292 293
256 255
263 262
269 268
208 207
222 221
24 25
60 59
52 51
93 94
279 280
204 203
61 60
271 272
127 126
194 193
129 128
132 133
235 234
38 39
163 162
185 184
101 102
160 159
85 84
207 206
212 213
125 124
183 182
165 166
250 251
131 132
211 210
60 308
128 127
239 238
14 13
15 16
145 144
265 264
278 277
181 182
262 261
162 161
192 191
113 112
298 297
113 114
69 70
279 278
71 70
116 117
206 205
138 137
54 55
288
21 1
93 48
162 38
207 241
12 43
114 80
145 39
154 171
21 74
177 282
228 276
27 146
238 182
81 57
139 264
16 7
7 11
52 4
73 76
5 6
128 106
103 258
47 196
15 22
1 10
266 12
251 109
11 31
144 128
79 117
182 223
95 228
47 43
147 116
152 66
33 83
134 148
92 111
13 44
3 2
32 27
100 6
178 159
36 275
211 239
94 23
139 102
189 125
2 1
109 214
277 186
64 87
122 243
78 42
60 181
272 255
29 56
81 267
39 13
218 126
42 135
1 5
16 279
31 54
242 223
77 30
15 136
119 176
48 46
112 157
15 12
12 75
281 272
28 80
59 20
71 130
93 252
56 62
89 80
138 121
109 170
36 141
248 90
222 176
67 168
132 262
165 226
51 132
22 82
90 57
138 216
201 215
201 14
225 271
31 247
14 12
263 203
37 73
220 125
60 66
115 9
49 63
175 147
140 270
91 186
91 92
13 23
6 9
129 191
72 32
237 227
84 60
6 30
45 14
6 36
86 274
246 72
10 12
15 17
231 43
236 83
141 198
105 6
151 91
32 64
86 167
86 285
125 29
21 195
53 21
7 41
288 39
173 62
50 12
2 107
260 49
164 104
24 33
44 244
229 216
86 126
131 3
77 179
152 174
11 46
11 166
72 278
101 71
121 158
41 104
45 143
188 190
91 57
88 153
97 60
163 135
28 35
161 155
257 134
118 208
10 211
28 23
21 184
26 2
117 240
11 19
49 245
113 21
25 127
91 150
219 250
8 96
62 224
203 76
91 205
115 255
57 54
2 4
45 265
27 200
188 152
107 119
43 110
56 133
231 286
20 8
217 69
6 24
4 7
17 249
227 100
17 129
95 12
34 31
112 51
55 31
124 8
209 52
19 37
254 116
160 194
149 5
47 202
203 253
37 40
107 140
100 199
261 160
13 8
100 155
212 176
141 283
210 149
207 113
13 280
51 40
118 123
108 97
48 98
51 61
66 284
197 85
182 192
18 9
33 185
58 55
259 131
187 147
42 24
102 9
45 269
79 33
1 193
9 109
68 39
131 180
70 68
86 35
215 233
102 169
12 121
154 13
20 106
88 13
219 189
60 85
39 116
134 29
103 27
77 122
16 29
172 33
71 23
13 60
234 162
213 79
184 206
198 287
53 67
137 33
165 163
273 181
56 159
70 182
65 20
49 2
53 235
14 120
128 183
15 69
202 230
80 225
76 268
18 25
177 111
118 21
5 8
20 160
15 221
68 204
59 99
56 232
256 71
13 38
142 100
117 156
27 14
