50
50
6 2
19 30
13 4
16 17
26 10
11 37
2 19
38 1
22 28
8 50
16 35
41 10
21 17
4 2
5 49
43 17
1 27
20 8
23 34
42 34
7 6
23 8
2 9
14 5
14 16
44 28
11 29
8 1
19 47
6 46
32 2
11 40
15 3
14 39
2 5
8 18
17 31
20 45
11 4
24 3
1 10
25 21
18 22
33 36
2 3
2 12
33 10
1 2
30 48
50
1 28
21 1
19 1
8 1
1 17
41 1
1 5
38 1
1 18
40 1
1 30
31 1
1 10
1 39
1 3
1 26
37 1
13 1
11 1
1 47
44 1
1 34
16 1
9 1
12 1
29 1
42 1
1 23
46 1
1 49
1 14
1 20
1 36
1 33
27 1
32 1
1 24
1 6
2 1
1 4
1 45
25 1
1 15
22 1
1 7
1 50
1 35
1 43
1 48
50
15 13
10 9
49 50
9 11
45 46
29 30
34 33
19 20
17 15
36 35
16 15
37 39
31 33
24 23
27 29
21 23
7 9
3 4
25 26
43 41
23 25
33 35
39 41
39 40
5 7
6 5
41 42
13 14
11 13
17 18
1 2
22 21
27 25
7 8
19 21
28 27
3 1
38 37
49 47
43 45
12 11
3 5
17 19
31 29
32 31
48 47
44 43
45 47
37 35
50
5 11
24 48
14 29
8 17
50 25
16 33
19 9
18 37
21 42
22 44
15 30
18 36
11 23
34 17
49 24
1 2
7 3
15 31
19 38
6 12
46 23
9 18
23 47
22 45
20 41
3 1
24 12
39 19
3 6
8 16
40 20
21 43
5 10
5 2
9 4
27 13
10 21
7 15
26 13
10 20
6 13
28 14
16 32
8 4
35 17
4 2
14 7
11 22
25 12
50
1 33
3 1
1 35
1 12
16 1
45 1
19 1
1 31
28 1
38 1
29 1
1 30
37 1
20 1
11 1
25 1
32 1
1 27
1 9
1 24
1 2
23 1
46 1
1 41
34 1
1 13
1 36
48 1
1 14
1 5
1 21
22 1
1 49
42 1
1 40
1 39
47 1
1 8
1 26
18 1
1 10
1 4
1 6
1 44
1 15
50 1
43 1
1 17
1 7
50
43 1
1 12
47 1
1 32
36 1
1 7
1 18
1 24
1 44
48 1
45 1
16 1
1 22
14 1
5 1
26 1
1 34
21 1
1 9
1 11
38 1
1 27
1 8
20 1
1 31
1 49
41 1
15 1
25 1
13 1
42 1
46 1
1 10
30 1
4 1
1 50
1 37
1 17
1 2
1 39
29 1
1 19
1 28
1 33
3 1
1 6
1 23
1 35
1 40
50
4 1
1 46
1 2
7 1
24 1
48 1
1 6
1 43
16 1
38 1
33 1
3 1
13 1
1 44
41 1
45 1
14 1
1 42
1 30
1 22
34 1
31 1
9 1
1 5
1 17
1 15
1 23
32 1
1 10
1 37
1 49
21 1
35 1
27 1
28 1
1 47
1 29
1 39
20 1
1 12
1 25
8 1
1 26
1 11
1 36
40 1
1 18
19 1
1 50
50
42 27
12 13
50 41
38 39
17 18
31 30
31 32
45 10
36 35
28 27
25 26
13 14
30 43
28 29
8 9
24 25
11 10
39 40
2 41
44 42
36 37
30 29
48 39
18 19
45 49
10 9
22 23
38 37
7 6
19 20
27 26
34 33
2 1
14 15
47 23
24 23
33 32
22 21
20 21
12 11
26 46
7 8
6 5
35 34
4 3
15 16
2 3
5 4
17 16
50
42 1
20 1
1 24
7 1
4 1
1 47
16 1
1 35
1 17
1 44
29 1
50 1
49 1
41 1
1 10
1 8
40 1
3 1
1 19
1 25
1 32
33 1
21 1
1 18
34 1
1 26
1 46
1 13
1 9
1 28
30 1
36 1
1 45
1 39
31 1
1 43
23 1
38 1
11 1
1 2
1 15
1 22
37 1
1 27
1 14
1 5
6 1
1 48
12 1
50
35 33
30 29
39 40
23 24
33 34
25 27
38 37
18 17
17 19
9 10
41 39
13 14
50 49
9 11
48 47
17 15
23 25
6 5
20 19
19 21
37 39
49 47
41 42
29 27
13 11
5 3
45 47
37 35
45 43
9 7
23 21
45 46
35 36
4 3
27 28
1 2
11 12
7 5
31 29
31 33
21 22
44 43
31 32
16 15
3 1
26 25
15 13
43 41
7 8
50
26 6
34 14
1 2
8 7
32 11
5 33
15 3
2 7
46 47
4 2
24 5
11 12
31 9
27 13
49 17
11 21
38 29
15 45
20 19
12 36
22 29
39 31
3 13
7 35
10 3
22 4
50 5
44 31
11 8
6 2
17 11
34 46
1 5
30 37
6 41
9 5
6 28
16 13
6 23
1 3
29 48
19 6
42 12
30 23
7 14
16 25
40 5
13 18
19 43
50
3 5
3 4
7 9
44 43
23 24
21 23
47 48
2 1
37 35
38 37
41 42
30 29
15 16
22 21
19 20
25 23
15 13
34 33
36 35
7 8
31 32
39 37
7 5
33 35
18 17
29 27
9 11
49 50
43 41
13 14
45 46
27 25
43 45
25 26
3 1
29 31
19 21
40 39
49 47
19 17
5 6
10 9
13 11
27 28
17 15
33 31
41 39
11 12
45 47
50
10 1
21 1
35 1
14 1
1 44
45 1
1 34
19 1
1 50
13 1
1 38
1 20
1 47
1 33
25 1
1 22
1 5
1 37
1 9
28 1
24 1
27 1
40 1
1 39
1 8
1 16
12 1
1 6
1 2
32 1
1 36
1 3
7 1
1 17
1 42
1 48
1 23
15 1
41 1
49 1
26 1
1 46
1 29
1 11
18 1
1 4
30 1
1 43
1 31
50
23 47
6 7
22 21
38 39
6 5
28 29
3 2
24 23
12 11
9 8
18 17
31 32
26 27
46 15
10 9
43 5
17 16
4 5
45 9
32 33
12 13
45 50
16 15
48 30
33 34
37 38
35 34
41 38
29 30
19 20
7 8
14 15
11 10
19 18
42 23
40 39
30 31
35 36
14 13
24 25
44 28
36 37
48 49
28 27
4 3
21 20
23 22
26 25
1 2
50
11 12
45 46
23 25
15 17
14 13
37 39
41 39
20 19
48 47
27 28
5 6
43 45
25 27
9 10
13 11
39 40
5 3
8 7
23 21
13 15
11 9
18 17
9 7
41 43
37 38
43 44
31 33
22 21
37 35
45 47
33 35
50 49
33 34
23 24
4 3
30 29
21 19
15 16
32 31
1 2
47 49
29 27
36 35
19 17
31 29
41 42
26 25
1 3
7 5
50
8 50
21 20
21 39
2 15
10 12
1 2
49 22
20 4
5 16
8 4
40 27
27 28
3 1
45 20
44 32
25 5
6 10
17 8
4 26
41 35
3 35
23 24
6 3
7 4
12 43
37 42
34 16
48 38
36 19
38 2
7 13
5 2
16 19
31 3
14 12
2 33
32 10
1 4
27 14
11 5
23 3
9 6
46 47
6 22
12 18
29 26
46 32
37 10
12 30
50
15 14
6 7
37 36
12 13
31 30
27 26
16 15
17 16
48 27
5 6
22 21
2 3
31 32
33 34
10 11
28 29
4 3
9 10
24 23
20 19
37 38
23 22
47 9
27 28
33 32
25 42
17 18
44 46
30 41
25 24
36 35
11 49
39 40
29 50
43 4
21 20
11 12
34 35
9 8
7 44
8 7
39 38
45 16
4 5
29 30
2 1
26 25
18 19
13 14
50
1 22
1 2
34 1
1 47
5 1
1 7
1 20
1 46
16 1
42 1
1 11
1 14
1 48
1 23
21 1
12 1
32 1
1 40
1 41
1 49
37 1
1 9
26 1
1 17
45 1
35 1
36 1
1 29
24 1
1 19
1 44
39 1
1 43
4 1
1 27
1 6
1 15
50 1
18 1
1 8
13 1
1 10
38 1
3 1
1 31
1 25
33 1
1 28
30 1
50
29 28
41 35
9 10
21 20
13 12
2 3
25 26
35 36
24 23
39 47
22 21
40 39
33 32
24 44
14 13
14 15
1 2
9 8
22 23
16 50
15 16
11 46
37 36
6 5
31 48
27 26
39 38
42 39
29 30
27 28
12 11
30 31
7 6
31 32
33 34
15 43
20 19
8 7
38 37
18 19
35 34
17 16
45 11
34 49
5 4
24 25
17 18
11 10
3 4
50
1 6
1 28
1 7
1 42
43 1
45 1
50 1
1 25
1 18
17 1
19 1
48 1
47 1
14 1
16 1
12 1
3 1
13 1
1 11
31 1
49 1
27 1
4 1
41 1
8 1
1 36
35 1
39 1
1 46
1 26
1 33
1 30
44 1
29 1
20 1
32 1
10 1
34 1
2 1
1 23
1 40
15 1
24 1
1 22
38 1
21 1
5 1
9 1
37 1
50
1 39
1 7
42 1
32 1
1 31
1 15
13 1
4 1
1 2
1 3
37 1
1 26
14 1
1 24
16 1
1 19
1 22
33 1
47 1
1 36
8 1
1 40
30 1
21 1
43 1
1 23
1 5
6 1
25 1
1 46
1 50
1 20
38 1
1 28
1 34
41 1
11 1
48 1
35 1
1 18
1 29
44 1
12 1
1 27
17 1
10 1
45 1
1 9
1 49
50
30 12
5 39
31 14
3 26
12 36
5 25
27 33
40 29
3 4
3 28
5 7
18 16
14 11
2 10
2 8
21 24
21 18
5 6
15 8
42 34
16 20
5 4
18 37
17 35
7 11
18 23
13 44
14 17
16 7
1 2
3 1
7 12
3 49
46 28
45 6
27 16
13 12
9 7
9 38
20 47
46 50
18 48
41 30
22 1
17 32
29 14
33 43
34 6
19 5
50
1 2
6 5
30 31
9 8
10 9
23 22
19 46
7 45
15 16
36 37
32 31
49 13
27 26
34 35
17 18
40 39
29 41
39 38
22 21
32 33
43 17
3 2
14 13
35 36
50 42
29 30
5 4
4 3
19 48
47 39
8 7
20 21
18 19
9 44
34 33
42 9
28 27
26 25
20 19
16 17
11 12
11 10
14 15
24 23
6 7
13 12
29 28
37 38
24 25
50
1 31
34 1
36 1
27 1
26 1
1 11
1 49
1 39
1 21
1 50
1 3
30 1
44 1
1 35
9 1
1 42
41 1
1 19
29 1
1 6
12 1
38 1
23 1
40 1
1 45
17 1
22 1
5 1
46 1
25 1
1 14
1 37
8 1
10 1
1 7
1 32
1 13
4 1
15 1
16 1
1 24
1 2
47 1
1 20
1 18
1 48
33 1
1 43
28 1
50
2 6
34 18
6 32
2 4
1 18
39 43
14 28
42 19
30 40
12 10
11 39
15 7
21 14
24 2
3 35
1 7
9 22
30 4
31 7
3 37
23 6
19 4
47 11
8 38
1 36
7 44
25 15
27 5
1 5
8 10
1 8
6 46
49 11
5 45
1 50
16 14
7 11
9 5
6 26
17 6
13 33
1 3
16 48
18 20
29 8
13 41
12 13
5 14
2 1
50
43 21
7 3
14 28
15 31
13 26
14 29
41 20
18 9
34 17
13 27
2 5
35 17
2 1
13 6
36 18
17 8
19 38
24 49
19 39
12 25
20 10
2 4
4 9
48 24
16 32
15 7
24 12
1 3
15 30
50 25
22 11
10 5
5 11
3 6
44 22
47 23
23 46
9 19
4 8
45 22
16 8
33 16
6 12
10 21
18 37
21 42
23 11
7 14
20 40
50
26 33
12 22
5 40
10 4
26 1
47 17
19 4
37 28
8 4
7 1
18 3
39 12
46 37
28 26
15 34
17 1
5 9
48 16
7 21
11 15
3 16
1 5
12 1
2 6
50 2
33 38
44 45
17 42
1 35
11 44
22 29
12 20
14 32
5 11
18 23
21 25
4 1
36 23
3 2
30 11
27 10
13 12
22 24
24 41
34 49
7 14
11 31
2 1
43 15
50
3 1
9 4
9 18
16 33
25 50
1 2
24 49
24 48
22 45
22 11
29 14
23 47
5 11
8 16
13 27
39 19
38 19
2 4
3 6
18 36
21 43
24 12
18 37
20 41
34 17
14 28
13 26
3 7
8 17
5 10
7 15
4 8
6 12
5 2
11 23
10 20
32 16
25 12
6 13
14 7
15 31
21 10
44 22
23 46
20 40
30 15
19 9
42 21
35 17
50
30 49
6 37
24 1
16 19
8 38
10 32
43 21
5 7
18 15
28 16
2 20
11 2
8 16
8 15
25 9
5 1
7 8
1 41
31 40
6 1
12 13
44 1
29 46
42 47
17 50
4 2
29 48
45 15
20 22
3 1
31 39
5 36
42 13
3 17
29 35
14 11
1 2
33 32
23 13
21 19
19 26
5 12
12 29
4 10
32 34
11 27
30 10
9 5
23 31
50
19 17
21 19
7 8
32 31
35 33
21 22
41 43
29 27
7 9
10 9
25 27
1 2
36 35
46 45
29 31
34 33
47 49
31 33
16 15
17 15
45 47
5 7
28 27
3 4
21 23
6 5
50 49
18 17
30 29
3 1
38 37
13 14
47 48
40 39
43 44
11 9
20 19
35 37
25 26
23 25
24 23
11 12
11 13
41 42
15 13
3 5
45 43
37 39
41 39
50
12 25
5 10
16 33
34 17
50 25
17 8
24 48
20 40
11 5
1 2
21 10
36 18
42 21
9 19
12 6
14 28
32 16
27 13
19 38
22 45
37 18
35 17
13 26
11 23
30 15
3 6
22 11
8 16
4 8
14 7
9 4
29 14
9 18
23 47
19 39
44 22
49 24
21 43
13 6
20 41
12 24
2 5
15 7
7 3
15 31
23 46
2 4
10 20
1 3
50
17 15
25 27
50 49
7 8
7 9
19 21
34 33
36 35
23 25
41 42
15 16
41 43
39 41
3 4
37 38
30 29
37 39
15 13
3 1
43 44
31 32
45 46
12 11
2 1
13 11
48 47
5 3
45 43
20 19
17 18
21 23
35 37
6 5
25 26
33 35
14 13
27 28
31 29
21 22
45 47
31 33
5 7
27 29
9 11
9 10
17 19
24 23
49 47
40 39
50
14 1
49 31
25 41
42 17
6 4
21 35
44 13
31 24
8 7
15 25
15 1
7 10
12 19
39 43
6 20
7 46
6 13
37 15
2 36
4 5
3 1
26 4
15 28
3 4
13 27
22 29
39 31
16 12
48 30
5 47
9 30
16 18
50 29
24 3
38 36
1 2
32 27
22 13
34 32
3 40
33 11
2 12
45 26
12 21
1 17
11 10
3 9
1 7
23 19
50
3 6
5 16
33 15
25 19
13 47
14 1
32 39
2 3
28 41
27 2
32 24
10 11
6 8
38 6
25 36
40 17
22 5
19 13
1 5
23 1
26 13
12 44
2 7
10 31
18 5
9 10
2 1
43 42
2 9
28 18
17 14
6 20
46 11
12 34
45 32
35 14
12 8
48 34
24 3
3 4
10 15
8 37
2 49
8 13
29 11
25 30
21 6
18 42
50 11
50
16 15
15 14
14 13
17 16
23 24
31 48
25 26
31 44
36 37
22 45
22 23
7 6
43 12
37 38
11 12
33 34
35 34
31 32
17 18
10 9
21 22
1 2
47 28
21 20
20 19
40 39
4 5
31 30
50 4
19 18
2 3
29 30
11 10
33 32
8 7
38 39
4 3
49 25
35 36
24 25
8 9
8 42
27 26
5 41
6 5
27 28
13 12
29 28
40 46
50
14 1
1 11
9 1
1 16
1 31
29 1
38 1
1 23
25 1
24 1
48 1
1 26
47 1
1 12
1 39
49 1
3 1
1 36
28 1
22 1
41 1
13 1
1 5
21 1
37 1
1 44
1 43
19 1
34 1
42 1
30 1
8 1
1 45
10 1
1 33
1 35
7 1
1 17
46 1
4 1
1 32
1 50
1 20
1 18
15 1
27 1
40 1
6 1
2 1
50
48 39
31 32
33 34
41 45
3 4
28 27
38 37
17 16
32 33
38 39
12 41
6 7
6 5
10 9
15 14
21 22
17 18
26 25
29 28
9 8
20 21
25 24
14 13
16 15
2 3
34 35
13 12
49 24
22 44
11 12
47 15
19 18
30 29
42 2
5 4
7 8
30 31
35 36
24 23
40 39
23 22
37 36
20 19
27 26
1 2
38 43
10 11
2 50
46 40
50
32 16
6 12
25 50
29 14
6 13
21 43
12 25
21 42
8 17
15 7
17 35
13 26
18 9
10 21
39 19
47 23
24 49
31 15
28 14
1 2
23 11
4 9
8 4
45 22
41 20
24 48
19 9
1 3
3 6
16 33
22 11
24 12
8 16
40 20
20 10
2 5
7 14
27 13
15 30
3 7
23 46
22 44
18 36
11 5
5 10
2 4
17 34
18 37
38 19
50
3 1
18 37
44 22
11 5
7 15
12 24
29 14
23 11
11 22
31 15
3 7
30 15
10 21
27 13
1 2
8 17
4 9
32 16
42 21
4 8
6 3
13 26
45 22
5 2
10 5
16 8
46 23
6 12
13 6
34 17
16 33
50 25
25 12
20 10
14 28
4 2
36 18
41 20
49 24
9 18
17 35
40 20
14 7
19 9
19 38
23 47
43 21
39 19
48 24
50
26 25
24 25
37 38
15 16
49 25
39 38
21 42
8 7
13 14
35 43
11 12
16 17
4 3
17 18
45 37
30 29
44 14
1 2
8 9
32 31
13 12
37 36
2 3
22 21
40 39
4 5
40 46
36 35
20 21
20 19
23 22
34 35
28 29
27 28
27 26
34 33
24 23
41 7
22 47
10 11
48 33
5 6
7 6
18 19
30 31
50 21
32 33
15 14
10 9
50
9 10
32 33
29 28
10 45
11 12
14 15
34 35
16 42
17 16
49 32
1 2
38 39
2 3
17 18
5 4
27 26
33 34
46 23
28 27
12 13
24 23
5 6
31 32
5 41
1 50
3 4
21 20
3 48
35 36
15 16
8 9
27 43
44 20
21 22
31 30
40 39
47 26
8 7
37 36
13 14
37 38
19 18
11 10
6 7
24 25
25 26
19 20
30 29
23 22
50
16 44
24 33
18 7
18 19
9 20
3 15
12 1
13 35
1 8
7 29
34 4
42 39
21 48
22 40
23 10
21 31
2 1
22 20
25 43
6 17
47 2
16 1
50 22
6 5
18 41
39 28
27 4
3 2
7 6
11 7
5 1
32 31
17 24
4 13
22 37
1 14
36 17
9 8
15 30
28 11
25 23
10 5
46 32
16 38
4 2
37 45
5 49
20 21
10 26
50
10 11
40 39
26 27
30 31
3 4
50 28
13 14
6 7
28 27
16 17
15 14
23 22
8 7
12 11
20 19
37 38
22 21
38 39
31 32
17 18
47 31
36 37
34 33
42 18
48 26
15 16
5 4
29 30
23 24
25 26
28 29
35 34
1 2
21 20
45 29
9 10
8 9
18 19
8 43
7 44
6 5
14 49
13 12
3 46
24 25
7 41
33 32
35 36
2 3
50
20 21
7 8
34 35
49 28
10 9
36 35
3 2
13 12
3 48
11 12
44 26
1 2
33 32
31 32
5 4
26 25
17 18
7 6
39 38
16 15
6 5
9 8
22 21
20 43
29 30
23 22
38 37
45 43
24 23
24 25
14 13
27 28
35 42
47 42
41 28
15 14
20 19
39 40
26 27
4 3
34 33
19 18
36 37
28 29
16 17
11 10
46 26
31 30
30 50
50
1 2
10 20
41 20
14 29
2 5
4 9
11 23
21 10
21 42
36 18
3 6
23 47
3 7
48 24
30 15
11 22
9 18
3 1
38 19
44 22
24 12
16 8
18 37
23 46
9 19
6 12
12 25
13 27
15 7
33 16
8 4
40 20
35 17
8 17
11 5
10 5
32 16
43 21
14 28
34 17
2 4
24 49
45 22
14 7
13 26
6 13
39 19
25 50
15 31
50
47 19
9 8
24 23
45 39
18 19
42 39
43 33
16 15
22 48
38 37
24 25
2 3
34 33
4 3
17 18
11 49
36 35
21 20
30 29
46 44
28 29
14 15
40 39
16 44
8 7
17 16
28 27
10 9
11 12
50 42
22 23
31 30
27 26
38 39
36 37
34 35
13 12
25 26
21 22
41 11
10 11
7 6
33 32
4 5
14 13
32 31
20 19
2 1
6 5
50
35 34
15 16
19 18
20 19
34 33
5 41
4 5
45 21
1 42
48 42
4 3
47 5
22 23
20 21
5 6
29 30
16 17
9 8
9 10
37 38
39 40
14 13
21 22
13 12
46 13
35 36
2 3
25 26
28 27
1 2
24 23
18 17
31 32
44 17
33 32
43 40
28 29
8 7
8 49
30 31
11 12
11 10
36 37
7 6
38 39
15 14
26 27
20 50
25 24
50
15 13
3 4
21 19
38 37
7 8
40 39
35 37
26 25
48 47
50 49
15 16
37 39
28 27
3 1
23 21
19 17
46 45
1 2
42 41
7 9
41 39
36 35
43 41
7 5
17 15
3 5
11 13
25 27
33 34
49 47
21 22
11 9
24 23
18 17
31 29
14 13
29 30
45 43
31 33
35 33
5 6
45 47
12 11
27 29
20 19
44 43
25 23
31 32
10 9
50
31 29
9 10
42 41
43 45
37 35
19 20
39 37
21 22
27 29
18 17
33 35
43 44
23 25
33 31
26 25
1 2
9 11
16 15
7 9
48 47
5 6
45 46
36 35
3 4
40 39
17 19
43 41
50 49
49 47
32 31
38 37
27 25
34 33
7 8
41 39
11 12
11 13
21 23
7 5
17 15
47 45
15 13
5 3
29 30
21 19
27 28
1 3
14 13
24 23
50
24 23
3 5
4 3
27 28
8 7
18 17
39 41
9 10
19 21
34 33
7 5
48 47
11 9
46 45
50 49
15 16
13 11
37 38
25 23
2 1
13 14
45 43
47 49
45 47
7 9
23 21
40 39
19 17
20 19
27 29
36 35
27 25
29 31
13 15
39 37
21 22
12 11
44 43
15 17
32 31
5 6
30 29
31 33
3 1
35 37
35 33
41 42
25 26
41 43
