50
50
5 6
30 29
12 13
17 16
25 26
37 36
19 18
37 38
28 27
29 50
35 34
41 28
20 21
3 4
36 49
43 12
27 26
19 20
34 33
42 10
6 7
22 23
9 8
13 14
16 15
44 42
29 28
7 8
2 47
38 46
31 32
40 39
14 15
39 38
5 4
18 17
31 30
32 45
10 11
23 24
10 9
24 25
22 21
36 35
3 2
12 11
32 33
2 1
42 48
50
28 1
8 21
3 19
1 8
17 16
5 41
5 2
24 38
18 4
6 40
30 4
26 31
10 2
39 5
3 1
26 12
11 37
8 13
8 11
47 26
12 44
34 22
8 16
5 9
3 12
1 29
2 42
23 20
28 46
49 22
14 2
20 17
36 12
33 12
14 27
24 32
24 16
6 5
1 2
4 1
45 44
2 25
15 11
18 22
7 5
50 6
35 18
43 41
48 35
50
15 7
10 5
25 50
5 11
23 46
15 30
34 17
10 20
17 8
36 18
16 8
19 39
16 33
24 12
14 29
11 23
4 9
2 4
13 26
43 21
12 25
17 35
20 41
20 40
3 7
6 3
21 42
7 14
6 13
9 18
1 2
22 11
27 13
4 8
10 21
28 14
3 1
38 19
49 24
22 45
12 6
2 5
9 19
31 15
32 16
48 24
44 22
23 47
37 18
50
8 11
16 48
6 29
9 17
50 11
14 33
19 14
5 37
15 42
19 44
3 30
5 36
3 23
34 3
49 15
1 2
7 3
27 31
29 38
2 12
46 9
6 18
9 47
26 45
1 41
3 1
24 11
39 22
3 6
4 16
40 22
39 43
2 10
5 3
9 2
27 26
12 21
2 15
26 2
12 20
7 13
28 19
15 32
8 4
35 18
4 1
14 7
14 22
25 15
50
33 31
1 3
35 33
12 11
15 16
43 45
17 19
31 29
27 28
37 38
27 29
30 29
35 37
19 20
9 11
23 25
31 32
27 25
9 7
24 23
2 1
21 23
45 46
41 39
33 34
13 11
36 35
47 48
14 13
5 3
21 19
21 22
49 47
41 42
40 39
39 37
45 47
8 7
26 25
17 18
10 9
4 3
6 5
44 43
15 13
49 50
41 43
17 15
7 5
50
39 43
12 1
14 47
32 27
35 36
7 5
18 6
24 16
44 15
4 48
6 45
15 16
22 17
3 14
2 5
2 26
34 17
10 21
9 8
11 10
20 38
27 12
8 6
10 20
31 24
49 40
25 41
11 15
9 25
8 13
33 42
8 46
10 8
27 30
1 4
50 12
37 35
17 12
2 1
39 12
6 29
19 5
28 25
33 31
1 3
6 2
23 2
35 5
40 19
50
2 4
46 23
2 1
3 7
12 24
24 48
6 3
43 21
8 16
19 38
16 33
1 3
6 13
44 22
20 41
22 45
7 14
42 21
30 15
22 11
17 34
15 31
4 9
5 2
17 8
15 7
23 11
16 32
10 5
37 18
49 24
10 21
17 35
13 27
14 28
47 23
29 14
39 19
10 20
12 6
25 12
4 8
26 13
11 5
36 18
20 40
18 9
9 19
50 25
50
42 21
13 6
50 25
39 19
18 9
15 31
32 16
45 22
18 36
14 28
26 13
14 7
21 43
29 14
9 4
25 12
5 11
40 20
20 41
44 22
37 18
15 30
48 24
19 9
24 49
5 10
23 11
19 38
3 7
20 10
13 27
17 34
1 2
15 7
47 23
12 24
16 33
11 22
21 10
6 12
23 46
8 4
3 6
17 35
2 4
16 8
3 1
2 5
8 17
50
42 1
20 1
1 24
7 1
4 1
1 47
16 1
1 35
1 17
1 44
29 1
50 1
49 1
41 1
1 10
1 8
40 1
3 1
1 19
1 25
1 32
33 1
21 1
1 18
34 1
1 26
1 46
1 13
1 9
1 28
30 1
36 1
1 45
1 39
31 1
1 43
23 1
38 1
11 1
1 2
1 15
1 22
37 1
1 27
1 14
1 5
6 1
1 48
12 1
50
34 35
29 30
40 39
24 23
34 33
27 26
37 38
17 18
19 18
10 9
41 38
14 13
50 27
11 10
48 42
16 17
25 24
5 6
19 20
21 20
39 38
49 26
7 42
28 29
12 13
4 5
19 47
36 37
45 13
8 9
22 23
41 46
36 35
3 4
28 27
2 1
12 11
6 7
30 31
33 32
22 21
44 16
32 31
15 16
2 3
25 26
14 15
43 12
8 7
50
26 18
34 4
1 2
8 6
32 11
4 33
15 11
2 7
4 47
4 2
24 23
10 12
31 9
27 14
49 24
1 21
38 9
8 45
20 10
3 36
15 29
39 2
1 13
30 35
10 3
22 12
50 12
44 2
11 6
6 3
17 8
14 46
3 5
1 37
24 41
9 7
22 28
16 12
9 23
2 3
45 48
19 4
42 23
30 6
12 14
18 25
40 24
8 18
4 43
50
5 4
4 3
9 8
44 29
24 23
23 22
16 48
1 2
36 37
37 38
19 42
29 30
16 15
21 22
20 19
24 25
14 15
33 34
35 36
8 7
32 31
38 39
6 7
35 34
17 18
28 29
11 10
13 50
43 19
14 13
12 46
26 27
8 45
26 25
2 3
31 30
21 20
39 40
49 4
18 19
6 5
9 10
12 13
28 27
16 17
32 33
41 30
12 11
30 47
50
10 1
21 1
35 1
14 1
1 44
45 1
1 34
19 1
1 50
13 1
1 38
1 20
1 47
1 33
25 1
1 22
1 5
1 37
1 9
28 1
24 1
27 1
40 1
1 39
1 8
1 16
12 1
1 6
1 2
32 1
1 36
1 3
7 1
1 17
1 42
1 48
1 23
15 1
41 1
49 1
26 1
1 46
1 29
1 11
18 1
1 4
30 1
1 43
1 31
50
23 47
7 3
11 22
39 19
3 6
29 14
1 3
12 24
6 12
4 9
9 18
32 16
27 13
46 23
5 10
43 21
8 17
5 2
45 22
33 16
13 6
25 50
8 16
48 24
34 17
38 19
17 35
41 20
30 15
20 10
8 4
15 7
5 11
9 19
42 21
20 40
31 15
36 18
7 14
25 12
44 22
37 18
24 49
14 28
2 4
10 21
11 23
13 26
2 1
50
12 1
46 1
25 1
17 1
1 14
39 1
1 41
1 20
1 48
28 1
6 1
45 1
27 1
10 1
1 13
40 1
1 5
1 8
1 23
15 1
1 11
1 18
1 9
43 1
38 1
44 1
33 1
1 22
1 37
47 1
35 1
1 50
34 1
24 1
1 4
1 30
1 21
16 1
1 32
2 1
49 1
1 29
1 36
1 19
1 31
42 1
1 26
3 1
1 7
50
50 1
1 21
39 1
15 1
12 1
2 1
1 49
1 20
16 1
1 8
1 40
28 1
1 3
1 45
1 44
1 25
10 1
1 17
26 1
1 41
35 1
24 1
1 6
1 7
43 1
42 1
1 34
1 48
1 36
1 38
13 1
1 5
19 1
1 31
1 14
33 1
1 32
4 1
1 27
1 11
1 23
1 9
47 1
22 1
18 1
1 29
1 46
1 37
30 1
50
5 15
7 5
36 37
13 9
11 31
11 27
8 16
2 17
48 5
6 2
3 22
3 1
32 25
34 15
11 4
29 21
3 4
10 8
21 24
13 20
38 17
1 23
47 16
28 27
27 33
15 42
18 7
42 46
21 41
4 25
27 36
10 49
40 39
22 50
43 29
3 21
12 7
35 26
6 9
43 44
4 8
19 39
45 4
5 3
30 16
1 2
12 26
19 12
14 12
50
22 21
2 1
33 34
47 45
3 5
7 5
20 19
46 45
15 16
41 42
11 9
14 13
48 47
23 21
19 21
11 12
31 32
40 39
41 39
49 47
35 37
9 7
25 26
17 15
43 45
33 35
35 36
29 27
23 24
19 17
44 43
37 39
43 41
3 4
27 25
6 5
15 13
49 50
17 18
8 7
11 13
10 9
37 38
1 3
31 29
25 23
31 33
28 27
29 30
50
14 29
41 20
10 5
10 21
6 13
3 1
26 13
36 18
12 24
23 47
11 22
20 40
16 33
22 44
7 14
15 7
2 1
4 9
23 11
25 50
16 8
23 46
18 37
3 6
24 48
13 27
19 39
42 21
30 15
28 14
6 12
31 15
3 7
32 16
34 17
21 43
10 20
4 8
19 38
19 9
17 35
8 17
45 22
24 49
2 5
25 12
18 9
5 11
4 2
50
1 6
1 28
1 7
1 42
43 1
45 1
50 1
1 25
1 18
17 1
19 1
48 1
47 1
14 1
16 1
12 1
3 1
13 1
1 11
31 1
49 1
27 1
4 1
41 1
8 1
1 36
35 1
39 1
1 46
1 26
1 33
1 30
44 1
29 1
20 1
32 1
10 1
34 1
2 1
1 23
1 40
15 1
24 1
1 22
38 1
21 1
5 1
9 1
37 1
50
1 39
1 7
42 1
32 1
1 31
1 15
13 1
4 1
1 2
1 3
37 1
1 26
14 1
1 24
16 1
1 19
1 22
33 1
47 1
1 36
8 1
1 40
30 1
21 1
43 1
1 23
1 5
6 1
25 1
1 46
1 50
1 20
38 1
1 28
1 34
41 1
11 1
48 1
35 1
1 18
1 29
44 1
12 1
1 27
17 1
10 1
45 1
1 9
1 49
50
30 29
12 39
31 10
9 26
35 36
19 25
19 33
40 29
3 4
10 28
3 7
18 5
14 11
8 10
7 8
13 24
21 8
4 6
15 9
42 1
11 20
5 3
26 37
8 35
9 11
15 23
39 44
13 17
16 6
1 2
3 1
11 12
5 49
46 18
45 1
27 10
13 12
9 3
19 38
12 47
35 50
20 48
41 35
22 19
4 32
29 26
1 43
34 30
19 17
50
1 2
6 1
1 31
9 1
10 1
23 1
46 1
45 1
1 16
1 37
32 1
1 49
27 1
1 35
1 18
40 1
41 1
39 1
22 1
1 33
1 43
3 1
14 1
1 36
1 50
1 30
5 1
4 1
48 1
1 47
8 1
1 21
1 19
44 1
34 1
1 42
28 1
26 1
20 1
1 17
1 12
11 1
1 15
24 1
1 7
13 1
29 1
1 38
1 25
50
31 15
17 34
18 36
13 27
13 26
11 5
49 24
39 19
21 10
50 25
3 1
15 30
22 44
35 17
4 9
42 21
20 41
19 9
14 29
6 3
6 12
19 38
11 23
20 40
45 22
8 17
11 22
2 5
23 46
12 25
14 7
37 18
4 8
5 10
7 3
32 16
13 6
2 4
7 15
8 16
24 12
2 1
23 47
20 10
18 9
48 24
16 33
43 21
14 28
50
5 6
34 33
31 32
3 4
17 18
41 43
27 28
42 41
39 40
12 11
37 39
15 13
21 19
24 23
33 35
5 7
21 22
30 29
31 29
35 37
23 21
19 17
47 45
37 38
35 36
43 44
25 23
27 25
3 5
9 10
7 8
45 46
49 47
43 45
49 50
16 15
9 11
9 7
25 26
17 15
31 33
1 3
47 48
19 20
29 27
39 41
11 13
13 14
2 1
50
43 21
7 3
14 28
15 31
13 26
14 29
41 20
18 9
34 17
13 27
2 5
35 17
2 1
13 6
36 18
17 8
19 38
24 49
19 39
12 25
20 10
2 4
4 9
48 24
16 32
15 7
24 12
1 3
15 30
50 25
22 11
10 5
5 11
3 6
44 22
47 23
23 46
9 19
4 8
45 22
16 8
33 16
6 12
10 21
18 37
21 42
23 11
7 14
20 40
50
33 1
22 1
40 1
1 10
1 26
1 47
1 19
1 37
1 8
1 7
1 18
1 39
1 46
1 28
34 1
1 17
9 1
1 48
21 1
15 1
16 1
5 1
1 12
6 1
1 50
38 1
45 1
42 1
35 1
44 1
29 1
20 1
32 1
11 1
23 1
25 1
1 4
1 36
1 3
1 30
1 27
1 13
24 1
41 1
49 1
14 1
31 1
1 2
1 43
50
1 3
1 9
18 1
33 1
50 1
2 1
49 1
48 1
45 1
1 22
1 29
47 1
11 1
16 1
27 1
1 39
1 38
4 1
6 1
36 1
43 1
1 24
37 1
41 1
1 34
28 1
26 1
7 1
17 1
10 1
15 1
8 1
12 1
1 5
23 1
20 1
1 32
1 25
13 1
1 14
31 1
1 21
1 44
46 1
40 1
1 30
1 19
1 42
1 35
50
27 49
37 36
23 24
19 18
38 37
32 31
43 21
7 6
17 18
27 28
20 19
10 11
16 15
15 14
24 25
4 5
8 7
26 41
40 39
5 6
13 12
44 9
15 46
2 47
15 50
3 4
45 48
45 14
22 21
2 3
39 38
36 35
42 37
17 16
35 34
13 14
2 1
32 33
22 23
20 21
26 25
12 11
29 28
10 9
34 33
27 26
29 30
8 9
31 30
50
19 9
21 10
4 8
32 16
35 17
11 22
21 43
29 14
4 9
10 5
13 27
1 2
36 18
46 23
15 31
34 17
24 49
16 33
16 8
17 8
23 47
3 7
28 14
2 4
11 23
6 3
50 25
18 9
30 15
3 1
38 19
7 14
24 48
40 20
22 44
11 5
20 10
18 37
13 26
12 25
24 12
6 12
6 13
21 42
15 7
2 5
45 22
19 39
41 20
50
25 1
10 1
33 1
1 34
1 50
1 17
48 1
40 1
1 11
2 1
1 21
1 36
1 42
19 1
1 12
28 1
1 32
1 27
38 1
45 1
1 37
1 35
26 1
23 1
1 30
6 1
1 22
16 1
8 1
1 14
1 9
1 29
18 1
47 1
39 1
1 44
1 49
43 1
1 13
41 1
24 1
5 1
1 15
1 7
31 1
46 1
4 1
20 1
3 1
50
1 17
27 1
1 50
8 1
9 1
21 1
1 34
1 36
25 1
42 1
16 1
43 1
41 1
4 1
38 1
1 30
39 1
1 15
1 3
44 1
32 1
46 1
1 12
1 2
1 13
1 48
1 5
1 45
1 20
18 1
23 1
37 1
1 6
26 1
35 1
1 14
28 1
1 31
22 1
47 1
33 1
7 1
29 1
11 1
10 1
19 1
1 24
1 49
1 40
50
14 13
49 47
39 41
42 41
6 5
33 35
44 43
31 29
8 7
23 25
15 13
9 10
17 19
41 43
19 20
45 46
11 13
37 35
35 36
3 5
3 1
26 25
27 28
3 4
25 27
27 29
39 37
16 15
48 47
45 47
29 30
17 18
50 49
24 23
38 37
1 2
32 31
22 21
34 33
39 40
33 31
11 12
45 43
19 21
15 17
11 9
7 9
5 7
23 21
50
6 5
16 15
32 33
24 25
13 47
13 14
39 38
3 2
17 41
26 27
31 32
11 10
8 7
37 38
36 35
39 40
21 22
18 19
5 4
22 23
25 26
12 44
7 6
31 30
17 18
10 9
1 2
43 21
9 8
27 28
16 17
20 19
46 9
34 33
45 44
34 35
11 12
48 34
23 24
4 3
15 14
37 36
23 49
13 12
28 29
30 29
20 21
35 42
50 38
50
15 16
13 15
13 14
15 17
24 23
47 48
26 25
43 44
37 35
43 45
23 21
5 7
43 41
38 37
12 11
34 33
33 35
32 31
18 17
9 10
22 21
2 1
47 45
19 21
19 20
39 40
5 3
29 31
50 49
17 19
3 1
30 29
9 11
31 33
7 8
39 37
3 4
49 47
36 35
25 23
9 7
41 42
25 27
39 41
5 6
28 27
11 13
27 29
45 46
50
7 14
11 5
4 9
16 8
31 15
14 29
19 38
23 11
12 25
12 24
24 48
26 13
23 47
12 6
39 19
24 49
1 3
36 18
14 28
11 22
20 41
6 13
5 2
10 21
18 37
44 22
43 21
9 19
17 34
21 42
15 30
4 8
45 22
5 10
33 16
35 17
3 7
17 8
23 46
2 4
32 16
50 25
20 10
18 9
7 15
13 27
20 40
3 6
1 2
50
48 40
31 32
33 34
3 45
3 4
28 27
38 37
17 16
32 33
38 39
2 41
6 7
6 5
10 9
15 14
21 22
17 18
26 25
29 28
9 8
20 21
25 24
14 13
16 15
2 3
34 35
13 12
49 17
42 44
11 12
47 18
19 18
30 29
42 38
5 4
7 8
30 31
35 36
24 23
40 39
23 22
37 36
20 19
27 26
1 2
37 43
10 11
21 50
46 13
50
32 16
6 12
25 50
29 14
6 13
21 43
12 25
21 42
8 17
15 7
17 35
13 26
18 9
10 21
39 19
47 23
24 49
31 15
28 14
1 2
23 11
4 9
8 4
45 22
41 20
24 48
19 9
1 3
3 6
16 33
22 11
24 12
8 16
40 20
20 10
2 5
7 14
27 13
15 30
3 7
23 46
22 44
18 36
11 5
5 10
2 4
17 34
18 37
38 19
50
3 2
16 37
44 37
11 6
2 15
6 24
29 9
23 17
21 22
31 18
6 7
30 2
17 21
27 13
1 2
6 17
2 9
32 14
42 1
3 8
6 5
4 26
45 24
5 4
10 5
16 14
46 22
3 12
13 4
34 25
28 33
50 7
25 16
20 10
24 28
4 2
36 12
41 4
49 19
12 18
33 35
40 29
14 13
19 3
31 38
33 47
43 8
39 27
48 26
50
26 25
24 25
37 38
15 16
49 19
39 38
27 42
8 7
13 14
13 43
11 12
16 17
4 3
17 18
45 18
30 29
44 42
1 2
8 9
32 31
13 12
37 36
2 3
22 21
40 39
4 5
42 46
36 35
20 21
20 19
23 22
34 35
28 29
27 28
27 26
34 33
24 23
41 12
5 47
10 11
48 11
5 6
7 6
18 19
30 31
50 35
32 33
15 14
10 9
50
10 9
33 31
27 29
43 45
12 11
15 13
35 33
41 42
15 17
49 47
2 1
39 37
3 1
18 17
3 5
25 27
34 33
46 45
27 28
13 11
23 24
6 5
32 31
39 41
49 50
4 3
19 21
47 48
36 35
16 15
9 7
41 43
44 43
22 21
29 31
39 40
47 45
7 8
35 37
14 13
38 37
17 19
9 11
7 5
25 23
26 25
20 19
29 30
21 23
50
22 44
16 33
18 9
9 19
10 20
7 15
12 6
17 35
4 8
14 29
34 17
42 21
24 48
20 40
23 11
15 31
2 1
22 11
21 43
8 17
47 23
16 8
50 25
6 3
20 41
39 19
27 13
3 1
7 3
11 5
5 2
32 16
12 24
6 13
18 37
7 14
36 18
9 4
15 30
28 14
25 12
10 5
46 23
19 38
4 2
22 45
24 49
10 21
13 26
50
11 5
20 40
27 13
31 15
4 2
50 25
14 7
7 3
14 28
17 8
7 15
11 23
4 8
6 12
10 20
38 19
11 22
39 19
32 16
18 9
47 23
37 18
17 34
42 21
48 24
16 8
2 5
30 15
24 12
26 13
29 14
17 35
2 1
10 21
45 22
10 5
9 4
19 9
21 43
22 44
3 6
24 49
6 13
23 46
25 12
20 41
16 33
36 18
3 1
50
21 18
8 2
35 30
49 7
1 10
10 36
1 3
3 13
1 48
12 3
44 13
2 1
22 33
32 13
1 5
4 26
18 12
5 7
1 39
8 16
3 6
4 9
10 22
28 43
30 5
8 23
20 38
45 32
2 24
25 5
13 14
28 20
18 42
47 4
41 37
1 15
17 20
40 11
27 1
3 4
3 34
18 19
37 13
29 7
17 15
7 11
46 26
2 31
44 50
50
2 1
20 1
1 41
29 1
5 1
9 1
23 1
1 21
42 1
1 36
6 1
47 1
7 1
1 48
1 30
22 1
18 1
1 3
1 38
1 44
1 24
1 16
37 1
46 1
19 1
12 1
25 1
27 1
1 15
1 33
1 8
1 40
1 35
17 1
1 11
1 10
1 32
1 43
28 1
1 34
4 1
49 1
1 45
1 14
26 1
13 1
1 39
50 1
31 1
50
47 9
4 9
6 24
45 20
19 4
42 35
43 36
12 16
1 48
14 38
25 19
3 2
10 34
3 4
18 6
7 49
2 36
4 21
6 30
46 21
29 17
15 4
9 40
40 44
6 8
10 17
3 28
7 10
12 1
50 34
23 12
21 31
7 27
39 20
37 17
35 4
10 13
26 5
22 18
41 17
11 9
3 7
2 33
5 3
11 14
20 32
5 20
1 2
1 6
50
25 35
16 10
8 19
9 20
15 34
6 41
5 1
45 26
32 42
48 21
1 4
47 1
23 4
21 11
6 1
30 24
17 15
3 9
10 8
38 16
40 28
6 14
22 19
4 13
46 37
36 10
3 2
26 6
14 28
2 1
15 24
13 18
32 26
44 37
28 33
43 1
29 26
6 8
12 49
31 18
12 1
4 11
37 27
2 7
39 29
8 15
27 4
6 50
14 25
50
15 7
2 4
21 10
38 19
4 8
40 20
18 37
26 13
48 24
50 25
8 16
19 39
28 14
3 1
23 11
19 9
46 23
1 2
42 21
4 9
41 20
36 18
43 21
7 3
17 8
2 5
6 13
13 27
17 34
49 24
11 22
11 5
24 12
18 9
31 15
14 7
15 30
45 22
16 33
35 17
3 6
23 47
12 6
14 29
20 10
44 22
25 12
16 32
10 5
50
31 15
5 10
42 21
22 45
37 18
10 20
39 19
11 22
14 29
18 9
17 35
22 44
12 25
33 16
26 13
1 2
5 11
16 8
4 9
48 24
3 6
23 46
36 18
2 4
40 20
9 19
43 21
50 25
49 24
32 16
38 19
27 13
34 17
4 8
41 20
6 12
6 13
11 23
7 3
17 8
47 23
15 7
5 2
15 30
21 10
14 28
1 3
14 7
24 12
50
24 12
2 5
4 2
14 28
8 4
18 9
20 41
5 10
10 21
34 17
7 3
48 24
11 5
46 23
50 25
8 16
13 6
19 38
25 12
2 1
7 14
45 22
24 49
23 47
4 9
23 11
40 20
19 9
20 10
14 29
36 18
27 13
15 31
7 15
39 19
11 22
12 6
44 22
8 17
32 16
3 6
30 15
16 33
3 1
18 37
35 17
21 42
13 26
21 43
