1000000 2631 2631
1 597146 1357 1551
1 662126 2207 1667
0 472913 1118 2070
0 388919 1213 2489
1 890940 1245 1481
1 422103 379 555
1 886517 525 1792
0 320960 1443 2514
1 673434 401 1028
1 930207 2309 516
1 833839 1128 1103
1 505976 602 862
1 333937 1550 1366
1 358966 1767 105
0 721897 2319 1275
0 249918 1856 1309
1 196589 386 2210
1 87988 323 907
1 795727 427 2241
1 647938 2189 851
0 885797 2548 2285
1 847641 2474 1969
0 216969 2615 1774
1 465033 930 1416
0 769742 668 2043
1 719518 2211 1589
1 401395 769 316
1 965395 674 260
1 937007 1980 1302
0 559210 663 2402
0 615758 133 1330
1 915565 1299 765
1 775349 2467 79
0 83356 918 2430
1 272713 35 1847
0 658317 926 1286
0 398056 1761 1459
1 973907 1452 1471
0 345271 1813 1736
0 586882 1042 1999
0 393887 1327 2068
0 294638 682 2591
0 489505 735 2104
0 865255 631 1280
1 523333 890 1098
1 858187 489 697
0 442564 2085 756
0 965506 913 2165
1 459428 1879 2417
1 116695 331 580
1 103752 327 525
0 979125 1472 492
0 19000 1699 195
0 917360 1053 2366
1 726774 2564 1421
1 725532 2505 1250
0 276829 2103 2068
0 349047 996 1051
0 225518 256 928
0 231455 10 1408
0 17023 480 520
1 519708 537 2350
0 409615 1468 1549
1 836067 1208 216
0 638952 636 1747
0 944256 1688 1658
0 969980 109 1901
1 900804 1908 1784
0 13928 2107 726
0 96059 701 1673
1 260142 682 1662
1 514060 1265 1747
1 228846 660 1823
0 790789 83 623
1 449148 1053 1966
0 223496 2434 1923
0 266698 2446 1098
1 636231 1285 2238
1 33959 494 1128
1 278847 1982 2303
0 40026 1423 902
0 557163 359 1245
1 852872 1162 648
1 961579 983 1018
1 132319 2148 1304
1 652853 1837 1019
0 181605 1232 1510
0 648495 2418 1302
0 897062 2041 908
0 669031 2467 1970
0 216584 59 1391
0 233446 1120 1272
0 676443 1293 2622
0 870043 977 1008
1 280090 32 1375
0 288679 940 1502
0 257239 1466 1013
0 525163 859 1796
0 882001 2067 807
1 973874 1258 1679
0 179264 1953 224
0 704332 1273 2031
0 389626 1773 125
1 273496 1967 2170
0 344129 2536 1352
1 798829 119 1652
1 250322 473 599
0 282154 19 1785
1 135167 89 2040
0 713221 2531 1666
0 610482 1200 2541
1 894939 1461 1693
1 548774 698 1410
1 176470 840 2464
0 757560 1900 71
1 238105 208 1499
0 313964 1232 335
0 924642 2571 1744
1 883127 31 2468
1 711530 449 2082
1 95325 2598 2606
0 34732 1715 2626
0 77117 1026 1627
0 661250 1405 2465
1 190621 2479 205
0 56642 879 719
1 791863 1324 1851
0 600486 885 2230
1 693542 948 1808
1 326704 1365 343
1 864657 1289 1786
1 849463 2400 575
0 955808 1289 2090
1 883185 436 1055
1 584645 8 815
1 908077 1059 942
1 16856 2515 1199
1 205880 803 917
1 795516 1381 1215
0 31835 1446 478
0 934970 1255 995
0 430752 1901 1013
1 195117 1311 197
0 887321 1742 1505
1 905874 1800 2527
0 905482 1098 1423
0 896356 1830 1001
0 280529 2042 1475
0 193335 761 1433
1 784730 2174 1446
1 956209 1864 1641
0 563025 1514 2346
0 528053 1095 1623
1 145530 1954 2072
0 736773 2181 2389
0 697525 1012 1208
0 365354 1042 550
0 891706 1708 525
0 388852 1162 670
1 143666 981 6
1 965406 1133 288
0 574666 1116 2134
0 562394 1912 1135
0 501604 1392 2254
0 507196 109 1100
0 854574 2352 2169
1 679288 441 1834
0 195451 1149 643
1 489960 1391 496
1 253950 2388 1826
0 417716 190 1148
0 830100 822 892
0 544821 93 756
0 19659 1017 1180
0 158158 2361 1340
1 674356 572 1921
1 591093 747 453
1 901853 611 84
1 999586 1968 1857
1 59024 2228 1526
0 447450 2377 2454
0 760752 2576 2123
1 49518 2122 2234
0 814561 2347 1367
0 212759 1287 1628
1 30178 638 2536
0 292739 1594 1002
1 191813 874 243
1 556996 669 2094
1 585836 1294 265
0 479026 441 1554
1 596139 992 1370
1 668141 838 175
0 757338 2144 2210
0 408880 2564 443
0 180871 2395 1328
0 145165 2572 210
1 432425 384 2448
1 104145 2257 2331
1 8926 120 478
1 213908 1730 580
0 922258 2170 930
0 238852 2479 244
0 975060 2223 528
0 736234 423 195
1 222088 1234 1706
1 42841 2125 1359
1 904327 1230 212
0 128673 946 1944
1 955754 944 1429
1 175005 2573 1934
0 777088 2422 2360
0 487548 1320 1199
0 775856 763 561
0 176298 1333 534
1 703125 2231 1297
1 23123 2113 127
1 415449 1 972
0 841100 2563 412
0 931815 1267 1323
1 521861 2337 2202
0 335542 588 2249
1 472050 2269 581
0 710453 1571 1304
1 671075 842 1072
1 972517 1135 1027
1 803267 1884 245
1 903876 2153 207
1 768707 978 175
0 318385 1570 844
0 53553 2286 2087
0 684643 1426 1934
1 871481 2338 1884
0 125495 2346 2004
1 247208 89 726
1 74902 541 55
0 482960 966 2284
0 191733 1116 1460
1 34336 2599 1552
0 62071 1149 1576
0 814317 255 1726
0 2305 1099 225
1 50960 2352 683
0 300716 2531 97
0 527433 2172 562
1 964613 616 150
1 620852 1586 438
1 946088 2592 1638
1 467759 1726 567
1 711783 2269 1324
1 251838 2355 338
0 6405 2357 735
1 668392 2266 264
0 500175 2372 1612
0 733034 400 364
1 345716 1533 2026
0 804246 920 811
1 150881 2516 1007
1 869934 982 2583
1 220659 1249 2280
1 635368 1827 2398
0 26014 960 198
0 699981 1010 270
1 337341 681 560
1 356284 1247 1925
1 931564 2503 2055
0 823296 137 364
1 995783 413 559
1 420258 449 468
0 181574 362 2257
1 681482 1117 193
1 246257 1357 194
0 763795 181 1328
0 553994 404 1781
1 314325 1278 481
0 994799 1785 620
1 179641 102 2270
0 574118 1542 1412
1 475497 2391 86
0 102944 2281 2176
0 735148 2078 672
1 541725 507 204
1 510555 1664 37
1 791824 582 1439
0 674846 1216 1150
0 160474 87 1230
0 24284 1107 1231
0 298462 2478 1786
0 783264 2554 270
0 532201 2370 328
1 283901 2521 1999
1 564638 2034 2364
1 158013 559 382
1 351900 1121 230
0 247255 458 81
0 488875 2564 2318
1 393394 913 1490
0 228233 87 517
0 235177 2540 2331
0 3867 1570 1262
1 478051 528 874
0 588984 819 2413
1 481833 1216 1577
1 908923 1804 76
1 993390 1050 180
1 520993 242 1711
1 611510 1772 1185
0 421570 1453 1277
0 199492 2112 2178
1 429147 2314 2570
0 309135 1340 71
0 241352 2473 341
0 292198 556 1977
1 62933 1017 807
1 846584 1128 1896
0 346368 2368 1214
1 995686 1969 2610
1 946883 2534 455
1 631159 287 698
1 592124 1383 317
0 128734 2012 1292
1 489691 319 2012
1 691479 1832 2297
0 500173 372 1488
0 130926 2353 1281
0 678563 37 2248
0 73404 136 334
0 860039 877 2561
0 239187 1960 2246
1 691817 1222 1859
0 775393 2439 2115
0 54009 716 2515
1 100295 1196 647
1 488296 2171 1999
0 217134 2098 759
0 24027 1217 159
0 407521 487 79
0 179641 848 222
1 483390 2303 375
1 247370 1490 2426
0 426315 2017 368
1 118658 937 1060
1 401378 7 2272
0 967548 541 736
0 737907 1461 2631
0 107026 1474 488
1 444402 632 174
0 791799 1926 292
0 741384 1088 1024
1 744169 118 1613
1 998020 257 121
1 784916 2595 408
1 677552 862 1471
1 156677 1707 1587
0 427906 154 499
0 646401 1436 2471
0 570199 997 646
0 673209 514 1713
0 551784 2041 2577
0 796300 112 1250
1 498314 894 951
1 403383 587 921
0 897725 809 1478
1 190281 2293 2129
0 620837 702 179
0 111561 1405 93
1 649481 1765 1091
0 467895 627 1857
1 404525 2488 2485
1 872546 1600 1973
0 184659 2203 1494
0 738885 382 805
1 214309 568 1643
0 824600 2235 518
0 22536 789 844
0 100394 2606 2270
1 898789 647 2008
0 291000 1374 958
0 527919 1876 777
1 587094 856 525
0 314057 2601 198
1 305560 1451 1296
0 139383 1463 2593
0 124779 2033 744
0 423921 563 1763
0 888001 725 922
0 129555 2290 1084
1 787799 2381 1499
1 908132 231 2223
1 549916 1639 384
1 963036 1258 1602
0 209173 1166 1992
0 231407 1705 835
1 810897 2330 1140
1 607071 900 1383
1 496767 907 467
1 34607 183 43
1 938777 463 336
1 251163 1647 113
0 966234 1164 1502
1 539095 440 1574
0 950406 1713 332
1 632019 826 805
1 511562 1966 257
1 304459 325 146
0 358153 1059 2621
0 54505 1982 1061
1 451332 362 1712
0 845585 1045 998
0 758328 678 99
0 472026 1214 2583
1 458262 1743 2138
0 652201 1856 1771
0 948316 2174 2230
0 68706 1274 740
1 55711 1945 1949
1 724265 1614 1017
1 6838 1453 725
0 706936 616 308
1 646154 77 229
1 276304 234 2275
1 475974 1078 2313
1 752291 161 2370
1 663060 1777 1276
0 741513 2492 746
1 422966 2592 304
1 533720 1958 541
0 241619 2362 1700
0 943943 1700 1749
1 411541 37 1915
1 346112 611 2361
0 90447 2224 201
1 568164 774 1870
1 642046 741 1759
1 935613 2516 426
1 85554 2279 2060
1 575937 2452 2021
0 189441 533 504
1 226424 2126 1828
0 179570 57 1959
0 788718 1055 614
1 608536 759 94
1 858125 695 1545
0 768432 995 1395
1 735017 1115 1927
1 837009 1613 510
0 939649 965 254
0 669350 18 338
1 350231 858 99
0 208566 1440 1379
1 873467 884 2380
1 178356 2608 560
0 60519 194 1909
0 18184 1166 308
1 876371 1262 2250
0 589670 1249 2463
0 586747 425 1166
0 705515 1292 2292
0 693274 939 2173
1 854787 1442 2509
1 630554 1829 244
0 444030 483 741
0 657027 2101 1828
1 494968 1099 50
1 980826 1432 272
1 721305 2622 2260
0 519345 70 2141
1 521687 668 69
0 212038 708 115
1 150267 1215 1312
1 804357 2104 291
0 490537 1803 2300
0 700388 204 815
1 833265 2236 229
0 242253 1857 1519
1 161162 1525 1484
0 60985 1672 1516
0 843549 2237 1023
1 92096 65 166
0 368226 2413 2003
0 55154 410 1845
1 514521 136 1608
0 149737 1011 1916
0 794510 1971 1281
1 250850 1413 2618
1 805432 330 665
0 960251 266 2157
1 662822 141 2380
0 63702 1679 1841
0 22371 1610 46
0 958097 1710 723
0 389529 1901 633
1 128762 2157 1472
0 681741 358 1159
0 175755 1049 163
1 598070 1417 2330
1 596167 1211 2565
0 118846 2051 55
1 272748 763 2409
1 411984 959 2169
1 636334 1126 1672
1 615985 508 1548
1 896706 1397 2585
0 577948 1527 890
0 242140 2224 118
0 897414 1189 1002
0 615878 955 2511
1 88007 685 2372
1 554088 105 1689
1 479977 834 1544
0 258010 1280 1499
0 262571 2294 2593
0 602727 1364 437
0 627006 132 212
1 614958 162 547
1 119092 363 2431
0 263121 1726 1683
0 350240 510 2462
0 372512 1060 1445
1 619369 1339 365
0 862645 19 932
0 44274 1722 1791
0 807866 1255 1840
1 214682 345 1475
1 159730 756 967
0 101862 1656 1732
0 481580 688 2482
0 911803 2185 563
1 43512 2231 7
1 66282 606 1807
0 250497 1287 1943
1 332547 1659 567
1 546234 22 339
1 3608 70 1986
0 556899 2231 2392
0 950855 18 2277
0 287620 1664 883
1 784099 1254 1403
1 584528 1864 2426
1 357493 1813 1572
0 930356 395 2173
0 606628 1783 703
0 1186 2529 1460
1 843896 440 1920
1 336763 1040 617
0 752127 2172 847
0 812832 1336 2487
1 112963 200 588
1 905299 480 554
0 800752 800 569
1 175925 607 2419
1 976032 2253 799
0 336370 2478 2398
0 706112 1999 994
0 564470 1714 408
1 495794 291 301
1 692684 2467 113
0 587948 2310 584
1 269883 2603 2491
1 316671 2350 481
0 932104 832 538
1 836710 1657 388
0 221440 1236 2186
1 85789 562 389
1 608904 1199 2250
1 957666 2583 1940
1 997196 2467 908
1 788305 1285 2529
1 581286 928 2431
0 497559 2007 1796
1 568024 2250 2123
0 766455 1949 2073
1 523019 1826 1353
0 746424 2298 416
0 67565 1849 651
0 283084 812 399
1 339129 461 508
0 146288 2070 1946
0 785451 296 1953
0 677675 1305 143
0 939045 2538 1859
1 136880 1627 2582
1 151597 1513 2107
1 978581 2002 259
0 768101 1689 1698
1 192227 304 2359
0 680861 857 2301
1 939908 2298 1156
1 211214 1091 401
1 102088 1025 1288
1 931456 2503 1115
0 275360 1838 1785
0 338896 1551 1318
0 152247 517 1217
0 218352 2309 1496
0 968848 1488 637
1 601837 2604 1619
1 350351 309 438
0 408431 830 1917
1 507503 2253 2484
0 576889 1631 54
0 292540 347 775
1 980161 1052 587
1 961977 1410 2325
0 772041 1533 1375
0 757250 1910 335
0 811408 2140 2599
1 216111 621 1735
0 636704 735 2502
0 519878 1475 2609
1 315604 359 967
0 6697 287 1496
1 370563 1218 2363
0 710238 2567 2276
0 759311 734 358
0 173378 2056 1538
1 713490 831 977
1 790752 1428 1004
0 672696 2135 2596
1 246803 2164 2061
0 208879 1063 1857
1 779387 124 1410
1 837003 2496 2126
1 579683 297 1503
1 22463 2321 829
1 98332 2126 840
1 843389 1451 976
1 525331 2298 1136
0 583206 1841 36
1 665722 15 1862
0 483825 700 191
0 368225 1334 1028
1 951863 1677 2310
1 57500 592 50
0 806469 1642 437
0 280924 2121 713
0 212755 30 2400
1 278264 871 833
1 464426 1350 500
0 949665 150 784
1 887350 1158 985
0 88783 79 2456
0 390151 1901 2286
0 977811 358 1824
0 788407 1026 2219
1 8338 460 1625
1 450227 1046 1843
1 606285 305 4
1 232003 2427 1028
0 510363 573 711
1 357786 890 2249
1 248743 1922 268
0 175919 206 580
0 564666 2298 362
1 867567 2410 107
0 837324 1647 590
1 380894 337 519
1 641987 748 722
0 517426 1952 2323
1 96465 1595 351
1 167106 124 309
1 728378 99 1537
1 5231 2202 1001
1 415863 1581 90
1 158181 738 1080
1 834176 2011 255
0 633431 1801 1075
1 721985 161 1655
0 271068 1279 771
1 692961 362 1950
0 877641 1847 2428
0 314989 1067 1009
0 114722 2045 2128
1 279231 1015 149
0 364466 1434 1635
0 579301 1430 438
0 490990 2524 726
1 101651 1194 516
0 895593 1162 1476
1 436182 1768 1648
0 760941 2525 1390
1 934714 1130 746
1 669079 842 807
0 39260 2098 1108
1 870302 930 1067
0 365820 2330 1111
0 248261 660 447
0 415721 1352 941
0 522041 2284 1894
1 724415 1398 1486
1 575562 1107 1753
1 461899 1330 1579
0 19440 2210 1857
0 891317 1966 135
1 351527 160 213
1 212396 1192 1694
1 467104 2568 2434
1 532395 1124 566
0 276845 613 2243
1 475011 1488 1709
0 882059 1131 1359
1 854934 143 174
0 175983 836 220
0 843698 715 1289
1 528379 2546 2511
1 728777 1967 295
0 12227 2025 2297
1 671533 1172 1174
1 943566 443 43
0 952883 1541 2531
1 441185 2541 1560
0 304578 1102 282
1 918794 2475 1741
1 644703 2322 1597
1 922053 2498 1958
1 531583 2529 348
1 610654 1726 1115
0 885672 667 1849
1 386516 334 531
0 138426 199 969
0 608428 2385 38
1 498533 513 1586
1 16259 1386 1303
0 29077 633 701
1 680568 1259 2554
1 827521 381 551
0 541489 2004 843
1 231592 1829 2117
0 281593 1507 2067
0 291893 1898 2228
1 466152 1042 1484
0 103162 1354 1499
1 975734 422 2447
1 293365 2050 1465
0 321027 1652 449
0 910886 2395 55
0 450316 2163 2208
0 170350 1837 1293
0 585 1291 525
0 942208 1719 1338
0 454986 1142 2064
1 511852 2036 465
0 683393 2159 2352
0 155912 177 2393
1 4301 1975 1448
1 738325 2331 1606
0 683066 1928 308
1 553987 970 561
0 301637 1816 750
1 712091 1317 1933
1 105545 2320 2622
0 765459 572 2311
1 197179 83 1643
0 176220 987 2499
1 277394 2466 2404
0 523516 1126 726
0 780577 1503 1391
0 52768 2091 2370
1 113704 31 1104
0 855315 1 1134
1 903407 8 1030
0 117560 1065 1814
1 156634 1627 5
0 775199 138 901
1 3807 895 2003
1 87288 274 711
1 33826 1520 2456
1 332976 432 1673
1 385906 1314 515
1 344935 1404 2453
1 384963 2041 863
0 25411 1388 415
0 774747 2054 1214
0 664049 790 1372
0 193405 220 1543
0 83163 2085 1166
0 740586 636 2558
0 42046 790 498
1 537409 939 1387
0 108949 1233 1850
0 918713 1151 1604
0 77193 367 648
1 237088 944 1658
0 437182 517 11
0 739746 1343 1993
0 193472 2146 1113
0 901370 98 1236
1 883812 1856 2244
1 370891 1329 2294
0 510666 1819 46
1 164187 10 1520
1 262457 1070 22
0 521576 148 509
1 333654 937 1334
0 447942 247 1991
1 733955 1197 1999
1 49517 1484 609
0 251191 1319 742
0 547273 1983 2586
1 635756 981 508
1 898140 2139 2296
0 815245 204 2058
0 544044 1540 1201
1 891455 140 2381
0 382807 34 1362
1 148700 1171 1110
1 756951 192 1884
1 145572 1399 1479
1 975259 387 2169
0 236337 1752 2387
1 263175 1496 160
0 652455 995 2520
1 95482 774 2243
0 884550 538 2430
1 802611 1780 1433
1 810562 268 1329
1 951537 235 1872
0 630345 2628 2236
1 669126 1764 2171
1 595480 564 120
1 723687 648 287
1 325909 1605 215
1 621800 692 348
0 276082 276 1247
1 965267 2366 1457
1 149838 2446 1282
1 188640 1311 513
1 162493 1519 1924
0 323385 2040 720
0 147438 413 1424
1 167738 2165 2021
1 561031 1682 1654
0 872668 2013 2580
0 669667 813 1785
0 140023 419 794
0 900534 1310 1654
1 820703 1205 2047
1 948065 2254 1766
1 159018 1248 1541
1 776730 2481 207
1 75758 1732 381
1 156641 106 2527
0 899903 190 2466
1 52123 1931 897
0 937066 1406 2077
1 472002 139 1208
0 864191 107 185
1 898812 2605 1139
0 6288 1503 989
1 32652 1185 1506
0 19875 498 1949
1 371982 1027 2584
1 835682 738 1298
0 611253 1159 1452
0 773769 1696 926
1 90491 1646 421
1 194455 473 344
0 771944 2139 393
1 987357 1962 1333
0 580760 473 842
1 934964 15 1776
0 667131 2522 2428
0 376306 1421 258
0 250574 1609 610
1 772243 1517 2513
1 671693 1835 828
1 857188 2307 1859
1 399980 2373 854
1 118091 1436 1390
1 253328 82 1587
0 193640 2146 2107
0 685047 962 830
0 588324 1279 971
1 618204 976 1205
1 871818 1710 2052
0 299572 2084 542
1 912512 2439 1952
0 717701 2133 802
0 583170 1259 1121
1 993090 2327 1427
0 84497 1889 1059
0 689203 694 278
0 291314 1260 987
1 936327 2566 1509
1 608636 1313 1712
0 219950 2359 363
1 620088 2156 1191
1 286941 1355 1875
1 240612 1400 1108
1 878662 2250 2264
1 636680 2262 1588
0 188416 2208 2408
1 629338 115 2472
0 631962 1715 653
1 893071 2526 2509
0 606849 2347 2256
0 207397 103 1768
1 740898 754 221
0 514909 270 134
1 579883 2594 645
1 392670 1714 776
1 392895 107 455
0 185402 786 1443
0 521756 369 232
0 661467 1009 1481
1 82197 1003 815
1 157082 1590 770
1 178422 237 662
1 681501 1738 1803
1 339235 362 47
1 641196 2353 1884
0 508333 917 1199
0 818151 2272 101
0 37939 1271 2472
0 645990 1949 52
0 691484 1427 1925
0 618761 823 428
0 314436 1321 1648
1 727379 952 243
1 157763 1105 1934
1 43146 1422 992
1 762903 1591 188
1 137531 85 1861
0 188761 490 2608
0 969641 1283 2060
0 635199 245 2213
0 88026 2198 297
0 394156 1671 2326
1 962431 2112 290
1 307286 1749 573
1 392991 2369 1767
0 180245 1791 119
1 468240 1946 586
1 518079 1259 48
0 662648 2262 2625
0 59250 1440 787
0 634951 483 581
1 148809 1148 172
0 144028 927 1419
1 29761 882 1033
0 378131 533 1998
0 835607 2578 2358
1 396514 1154 2341
0 284162 1540 983
1 391415 1225 2613
1 815449 1448 1053
1 99393 2470 142
1 587261 1064 507
0 374276 1932 2387
0 169007 65 2425
0 867259 2457 871
0 246727 663 1005
1 561543 1703 1873
1 355841 1804 816
1 39261 215 2409
0 84115 1838 1019
1 14798 216 1971
0 530138 484 1467
1 650026 2169 287
1 463754 359 2402
0 451326 1839 532
1 977356 1274 2157
0 733739 2174 680
0 746330 506 1658
1 563205 210 1760
1 968721 2139 1297
0 166990 1378 2006
0 74797 1520 149
1 868405 2602 913
0 311821 1763 1281
1 982156 1579 1329
1 664486 930 1344
0 344934 210 1621
1 640803 2255 629
0 157827 527 410
1 904591 2083 692
0 325805 309 2427
1 848116 173 386
0 359476 1520 89
0 709253 1226 1469
0 53808 289 2423
1 666279 1693 945
0 871295 1008 250
0 953957 2253 1169
1 897100 1013 1692
0 67244 1996 738
1 379680 506 2169
1 474406 388 944
0 25896 1707 1189
1 693840 218 451
0 269921 2458 2244
1 356029 1211 1223
0 619186 2177 24
0 173924 2578 1151
0 617009 687 2168
1 577784 1975 574
1 777167 2175 2277
1 798553 1686 389
0 855635 462 1937
1 212501 340 98
1 260765 247 619
1 75524 936 1880
0 848074 397 296
1 159876 314 1810
1 965022 2557 1358
1 728833 1945 1397
0 668724 1993 429
1 967310 784 2242
0 806317 1996 1619
1 603284 1082 1040
0 736934 2147 477
1 614063 140 488
0 371373 1392 819
1 32883 925 2199
1 96721 669 1714
1 570432 2225 2253
1 10989 18 1852
0 55793 1972 2490
1 244091 917 2396
0 410172 440 193
1 313951 2237 758
1 855033 113 354
0 327395 793 1913
1 211307 2177 649
1 641410 1119 314
1 930338 398 1711
0 733559 920 520
0 441898 905 628
1 800417 792 2478
1 115543 125 1618
1 828931 743 2010
1 219234 1140 304
0 426186 870 2628
1 925975 1975 540
0 721532 1621 527
1 870396 240 2523
1 778387 488 2366
1 362114 2236 1883
0 388075 2487 1377
0 175443 1204 1255
1 356504 1870 1052
1 853567 2033 2491
0 203229 1266 1389
1 572064 2386 848
0 499221 2101 2312
1 683775 2326 1671
0 394401 1866 746
0 543214 1980 98
1 450316 420 1538
0 893034 624 1126
0 644695 346 772
0 624229 2543 925
0 176919 1952 512
1 2727 2511 1258
0 831597 1228 517
0 118328 646 1352
0 33309 1844 2247
0 465660 488 1449
0 467071 30 1740
1 30801 1458 2155
1 880938 317 738
0 904446 2214 1400
1 938662 2163 2436
1 155891 1995 1061
1 793462 200 488
0 655071 1380 1075
0 15063 719 385
0 904504 462 492
0 722695 1480 1341
1 507074 1840 568
0 819152 1952 2340
0 290989 322 1191
1 477627 1565 1647
0 474015 805 307
1 768223 2344 2552
0 757367 196 496
1 855639 2022 2389
0 255371 1705 1758
0 224575 2213 2245
1 285750 1228 2217
0 650015 205 1126
0 299624 88 1689
1 18871 563 1769
0 804400 2419 881
0 514010 2601 58
1 808913 1336 2061
1 848750 2268 2370
0 887563 2419 2007
0 802031 1498 1631
1 933553 1391 722
1 672421 2332 1885
1 27744 2013 2369
0 874854 1337 1845
1 726771 1740 1717
1 678202 79 1543
1 309389 2456 2211
1 546785 2618 2339
0 361456 810 1077
0 587735 1445 2168
1 140498 1062 124
0 818996 1400 1695
0 618198 668 1925
0 951042 713 2416
1 23379 1250 1799
0 899919 2386 269
1 414635 1953 1782
0 914128 167 2511
1 864952 276 91
1 585956 1454 1753
1 814972 439 1077
1 355591 68 2127
0 839392 488 868
0 619559 1766 1323
0 247985 2614 1184
1 267938 668 1351
0 750513 1315 375
1 622879 154 1315
1 599484 1582 54
1 318311 1495 1201
1 710710 2402 2523
0 431942 1192 818
0 845899 2188 1248
0 998891 382 1624
1 415505 1336 1602
0 977875 1716 2345
1 15412 1187 1173
0 81189 2484 739
1 903222 212 1632
1 751104 952 2021
1 152826 2071 1934
0 202806 1615 1589
1 412392 2330 625
0 506499 652 1615
0 454584 1797 1261
0 375123 1738 387
1 176854 2481 681
0 347837 1020 987
1 81950 505 966
1 79311 2100 504
0 673950 1863 1756
0 1314 1249 1809
0 586619 1199 2572
0 372824 2565 1872
0 7835 1962 2153
0 847376 2552 894
1 151455 1796 1119
1 226838 126 2050
0 780119 674 491
1 480110 1711 672
0 774241 303 2541
1 432088 2297 2411
1 602955 2421 1288
0 609465 1279 1341
0 843255 1024 1052
0 441621 1798 823
1 99101 2532 425
0 3439 2502 684
0 882399 1458 1757
0 255603 2504 2358
0 731997 464 2422
0 369228 975 1930
0 18203 1813 1758
0 923767 2007 2572
0 125585 998 115
0 963668 2619 1941
0 777444 218 958
1 288221 63 1302
1 335848 2508 356
1 345502 2249 1206
0 965217 661 1525
0 128960 2115 1939
0 314427 2427 1641
1 243721 2028 1392
1 807425 439 591
0 108342 801 389
0 928400 1427 2116
1 619249 2254 32
1 56785 849 963
1 531969 1321 59
1 566768 387 1076
0 463595 1787 86
1 464478 38 210
1 920624 1587 1495
1 680064 2439 1865
0 618334 2599 1710
1 271892 2348 1240
0 294428 560 2412
0 563783 1021 472
0 160833 1768 423
1 11258 1463 1056
0 888602 2534 2174
1 637241 461 2493
0 408655 2462 1116
1 526278 2250 2301
1 227340 1487 352
0 443523 1173 866
0 21714 1814 737
0 457414 254 1266
0 914316 938 2453
0 747415 2377 1536
0 995087 846 2321
1 256978 2506 497
0 246728 1114 1465
1 876313 1670 1719
0 8849 1024 1506
1 373519 456 1864
1 155996 896 2482
0 497692 1409 2383
1 892897 1632 237
1 266367 680 463
0 213140 1202 1461
0 889176 1122 1894
1 324525 1578 847
0 478578 626 1388
1 881573 1157 1225
1 617819 2400 1266
0 377527 1844 918
1 6647 1798 2611
0 987917 2584 2489
1 556300 2346 480
1 102409 2317 1425
1 159806 1307 587
1 225211 904 1282
1 756307 500 1555
0 912157 84 918
0 221813 1588 1434
0 387189 1060 1922
0 820072 1118 1755
1 806586 1055 1585
1 761252 2252 973
1 161063 1268 273
0 472806 991 2054
0 182801 2275 2152
0 631570 547 2035
1 802526 1498 560
1 749234 633 1020
1 269054 812 129
0 597260 1104 870
1 672452 1731 620
1 798674 894 1786
0 642095 1332 1720
0 430501 180 175
1 351900 1244 672
1 873160 2249 2551
0 851483 1106 1096
1 772422 991 622
0 681283 1975 1995
0 317525 2235 2209
0 24678 2103 1596
1 623276 2376 2591
0 570690 1114 1913
1 253409 892 895
0 560648 1814 2048
0 40098 473 715
1 732022 97 253
0 635071 684 2321
1 633689 1464 2420
0 325735 1593 2293
1 667974 1613 210
1 433639 2382 1642
1 340764 2183 844
1 537855 581 846
1 883518 2465 1169
1 548183 1018 69
1 295895 433 1204
1 551918 2252 754
1 830965 805 2165
1 917985 696 1236
0 616841 2391 1899
1 79315 2265 1805
0 598481 2038 1118
0 197405 219 2492
1 668073 2532 237
0 479038 394 235
0 813850 878 2625
1 392237 49 1199
0 443025 2110 971
0 349390 371 2326
1 195760 2075 2252
0 458741 1239 1791
1 511535 874 1176
0 631193 2571 147
1 572620 2627 1769
0 720425 339 247
0 234703 341 1092
0 416114 2411 1211
0 155466 1769 1451
1 574946 1482 1894
0 392130 1939 557
1 14372 1116 856
1 783793 2546 1489
1 704368 1014 824
0 505561 326 2229
0 555191 695 1966
0 565618 1003 1237
1 145455 7 469
0 243870 786 1374
0 611388 1763 202
0 564129 1585 806
0 814795 1756 1790
1 344650 1841 552
0 403458 1626 802
0 219016 1348 13
1 121823 457 137
0 79804 2490 784
1 104034 954 1238
0 833310 170 2259
1 840412 2244 972
1 206830 1343 589
1 69339 1975 424
1 980282 205 858
1 818014 2272 1994
0 948406 426 1385
0 250783 360 1989
0 163079 1492 2438
1 808544 1585 2237
1 841723 918 1545
1 335509 326 272
1 744440 2066 2579
0 849112 1542 1728
1 207971 827 475
1 803906 896 1165
0 343428 1214 1430
1 134048 464 2327
1 914948 155 296
0 24940 1879 2598
0 728450 1278 125
0 605171 1744 1650
0 562084 2567 458
0 544967 780 2343
1 423022 2624 379
1 6383 285 813
0 141378 1142 2294
1 401523 257 498
0 941615 1870 269
1 948935 902 2542
0 583802 1638 794
1 34283 2160 1148
1 190146 228 713
1 73995 84 861
1 542532 14 1283
1 862328 501 1212
0 79790 1404 53
1 323118 22 2021
0 50319 1441 1437
0 883476 425 1116
1 930474 1893 1501
0 358552 2595 1426
0 981015 683 2215
1 260575 1552 2380
0 863899 1484 877
1 40741 640 607
0 291464 316 1941
1 210964 120 1354
0 39398 1733 1261
1 19793 1716 1328
1 542132 2628 1076
1 121133 848 2271
0 784144 286 1048
1 446791 2291 1864
1 643069 498 2041
0 673442 1612 2024
0 451171 152 2436
1 837602 1695 967
0 838695 850 601
1 536919 119 740
0 161800 722 248
0 75518 40 677
1 771497 2604 1104
0 625069 1575 1338
0 512465 496 2471
1 264905 823 71
0 352963 2598 1394
1 544036 1562 1428
0 587671 636 2328
1 566532 1734 2422
0 30023 2183 1402
0 991790 1375 1321
0 292094 625 2467
1 855123 1219 2137
1 564472 526 2551
0 95367 1877 1494
1 873068 1157 2001
1 354168 2467 507
1 82105 780 767
0 940098 1965 2354
1 136204 1041 134
0 65084 970 1299
1 212116 727 2355
1 546820 515 176
1 79971 149 358
1 898282 51 2109
0 11007 2505 228
0 537889 929 2621
0 563232 1316 256
0 321432 1064 1434
0 509045 2059 711
1 343421 1382 354
1 851929 800 1401
0 559663 109 1468
1 336771 810 1740
1 641181 1891 2264
0 684213 627 256
1 945075 1824 2247
0 394222 1372 412
1 544001 2456 2114
0 559027 794 1118
1 124290 831 1896
1 985547 1366 106
1 919821 226 2084
1 802476 1545 999
0 552928 1483 666
0 552759 1707 832
0 966753 337 220
0 495245 1352 2602
1 486070 404 1385
0 452115 77 1319
0 355818 1874 568
0 526761 607 903
0 467456 2603 1667
1 820220 1211 1049
1 561277 1771 1577
0 871105 2488 918
0 250535 818 61
1 671359 1841 2508
1 678704 1836 2440
0 759941 2461 979
0 32064 310 524
0 414130 1027 1731
0 999367 10 530
0 547804 576 1930
1 146127 1583 1308
0 682608 1574 1437
1 541846 1256 1794
1 315156 1990 11
1 776964 1099 870
1 415531 2607 348
0 177306 2454 229
1 456231 1453 1887
0 18930 1826 143
1 630203 2201 1993
1 166612 486 927
1 294871 217 2476
0 17452 2329 1156
0 485073 1174 2577
1 994351 2390 1760
0 954828 2500 1520
0 434377 942 1967
1 90429 347 2462
0 900935 863 2153
0 360887 858 2454
0 572005 1961 460
1 825531 2218 1918
0 813378 355 781
0 270291 2006 1096
0 470501 563 469
0 494182 1110 929
1 719250 1207 703
1 59212 143 2078
1 155801 2126 1161
0 794193 212 434
0 357043 707 344
1 640375 1769 2159
0 493079 7 915
1 790981 2425 2371
0 149783 2374 802
0 538659 1914 1459
1 864911 236 2196
1 197507 1389 887
0 322186 78 578
1 162561 1253 2134
1 515857 2323 1297
1 36764 1883 2310
1 920450 1363 420
0 194815 1279 1481
0 907799 1501 1556
1 834803 2153 1377
1 425412 173 1365
0 210172 1067 2621
0 94930 217 1940
0 547917 2519 2408
1 842381 2538 1459
1 676542 657 406
1 406682 2511 572
0 820531 368 245
0 780526 604 792
0 408935 2473 393
0 362388 1651 956
1 203017 232 789
1 563589 2012 394
0 507168 2536 316
0 350330 344 245
0 242796 2344 951
0 588434 1445 43
1 561624 66 2310
0 219054 1127 1450
1 605418 1034 2451
0 270148 1759 700
1 943663 2498 1014
1 400218 151 2075
0 289033 2222 327
1 632243 2324 1041
1 162104 1797 1089
1 594224 1402 531
1 533953 1625 271
0 874222 2581 2095
0 350789 793 118
0 801187 2554 2338
1 243373 454 1907
1 241134 579 943
0 340098 617 1221
0 796593 1805 2301
0 523775 2262 2483
0 206122 2391 735
0 330048 1165 1188
1 250702 374 1738
0 830556 373 813
0 977237 94 1149
1 526073 2595 1985
1 39455 1652 2229
1 932025 897 1621
1 944820 2200 1598
1 800022 1363 719
1 835822 458 981
0 586318 784 1177
0 594145 2268 1094
0 388622 1477 2206
1 244409 901 2216
0 318060 1735 2506
0 26232 2065 774
0 431612 1428 2009
0 414070 642 1498
1 612359 721 1588
1 287138 635 2516
0 262178 672 1374
0 538799 2507 2308
0 892841 2481 2160
1 709354 500 176
0 355560 780 312
1 373229 2183 374
0 900887 1082 1861
1 111695 1197 2211
0 177860 1827 1079
1 389581 84 1515
0 776855 693 10
0 627811 193 1270
0 580559 2315 774
1 304504 1898 672
1 969878 84 165
1 934051 896 486
0 491245 1498 2306
1 205757 855 2288
0 541772 710 783
1 437086 633 596
1 376193 2067 2258
0 810602 538 2302
1 660600 1904 460
1 431758 2327 489
1 363605 673 974
0 367429 2579 2121
0 600194 1903 1960
1 281997 1255 1463
1 756089 1712 783
0 87340 465 1750
1 620034 1834 1768
0 219810 1588 1335
1 617736 349 2370
1 137406 2134 142
0 42060 928 2605
0 71723 2123 1016
0 479790 699 1800
0 187041 2141 1221
0 614514 2110 1353
0 579864 1135 2518
1 865021 36 2553
0 742576 190 354
0 822143 618 817
1 108745 1143 937
0 211889 2487 650
0 404627 431 926
0 221501 1151 1654
1 579137 468 2114
1 346512 1686 2611
0 890400 2245 912
1 596581 2404 1914
0 671049 1816 2542
1 914886 1754 198
1 147803 1204 365
1 63803 543 1750
1 918280 254 2116
1 777133 94 2523
0 116128 1670 2590
1 672984 1998 731
1 162917 1498 2622
1 804758 369 2303
0 473109 2418 1242
1 403329 592 2200
1 59110 2178 642
1 754041 2235 2176
0 650657 28 1487
1 642719 2439 2350
0 956316 525 1191
0 208255 520 1882
1 985949 2137 1986
1 572293 470 590
0 734714 13 1227
0 111769 1330 427
1 466303 2584 123
1 561899 671 1931
1 111058 1825 1057
1 281627 2403 2068
0 168043 2031 1118
1 107376 1592 450
1 241172 83 1726
0 584799 1313 114
1 915437 1525 423
1 379879 214 208
1 497062 2400 985
1 43560 1958 2236
0 423703 680 352
1 44134 843 1498
1 9561 2549 1268
1 609342 1055 1457
0 622685 2163 1587
0 420735 1888 649
0 712970 79 2117
0 858922 1634 77
1 999979 2092 1535
0 407392 571 729
1 923359 120 169
1 395792 2253 2140
1 571699 316 1414
0 302991 2432 2180
1 724237 1827 2165
0 774994 1876 1937
1 178285 2362 2430
0 500664 1116 1928
1 951904 306 784
1 485058 2296 1797
1 680040 2135 576
0 36725 2120 553
1 490489 112 747
1 83523 66 2569
0 332720 1383 2631
0 916641 1187 1841
1 893257 721 943
0 118576 2066 2160
0 215624 702 1707
0 757897 602 946
0 420630 1956 1731
1 389954 142 2151
1 562679 224 1833
1 678759 2276 46
0 950446 586 1017
1 527467 1154 782
0 462111 1807 1858
0 614138 901 489
0 120459 617 2300
1 781282 342 495
1 945838 1018 1080
0 508741 311 371
1 475161 1316 1555
0 541388 578 2289
0 777668 739 2057
1 547542 2099 1001
0 832324 472 579
1 900991 2405 2062
1 869852 1206 1246
1 634736 1298 375
0 19023 760 1000
0 226849 364 1563
1 226883 916 2460
0 737984 902 579
1 283353 2391 973
1 978955 595 1725
0 466873 473 1994
1 474808 1072 671
1 955959 977 764
1 486525 1749 512
1 365591 1180 766
0 542082 205 275
1 38826 595 1195
1 64966 33 1136
1 290476 719 1681
0 880116 26 2580
1 7005 1148 2421
1 764666 2338 779
0 128487 999 2014
1 225073 1606 387
1 859738 1982 1450
0 870261 2547 966
0 722862 1984 1001
1 401825 2166 680
1 278808 1921 1450
1 900774 1055 1196
0 517088 225 1833
1 787841 386 1467
1 984343 1852 8
1 567288 1080 239
0 717230 2271 399
0 933517 2126 2608
1 578370 506 1349
0 124279 366 1125
0 619909 2049 91
1 169273 1667 161
0 93658 840 715
0 816932 1175 1657
0 461750 1599 705
1 720504 1501 853
1 90233 397 1030
1 742663 2615 1574
1 359376 761 825
0 460462 1490 2033
1 704036 1887 1622
0 270166 614 470
0 968363 123 2586
0 419475 2569 1034
0 391894 370 2583
0 536234 2375 2602
1 185907 1341 356
0 80428 810 1221
0 650306 2257 368
1 960253 993 2337
1 479634 2590 2589
1 239545 1535 447
0 466219 992 158
1 318814 1430 2251
0 744537 2212 775
1 905292 1735 242
1 928660 2174 581
1 483651 407 1309
0 648660 2039 2280
1 501454 2555 2399
1 246863 2362 1156
0 988345 2328 1772
0 339059 1598 977
1 426870 301 178
0 418342 276 1108
1 820912 1593 2625
1 832424 854 1822
1 562439 795 2438
1 349587 2616 1982
1 961576 2621 2517
1 990433 632 1342
0 652057 2136 1172
0 775160 662 2485
0 672741 1276 1997
0 256411 579 60
1 947581 981 1489
1 363893 2362 1600
0 712767 946 1350
1 759580 2169 621
0 498397 8 322
1 212507 2199 454
1 990978 583 1072
1 101021 1977 682
1 659456 1143 87
1 350802 1512 2520
0 273852 2605 322
0 321317 1514 1465
1 319583 518 814
0 878056 752 241
1 950154 76 2323
0 726188 1930 633
1 922735 1029 1793
0 380155 204 796
0 72368 1039 1011
0 940231 1725 1305
0 745616 2144 1700
1 441492 470 1121
1 454190 587 860
0 436093 1691 426
0 649807 1907 544
0 684440 2291 2528
1 139600 2049 2583
1 871429 1341 2463
1 308052 1239 1008
0 131159 69 789
0 75696 1695 582
0 412494 196 109
1 606174 1300 509
0 893564 2088 2577
0 202180 240 1893
1 359349 418 1309
1 976173 1878 1854
0 860979 1373 2624
1 50824 2022 1268
0 272235 1721 2297
0 904819 206 786
0 728725 2172 2440
0 653041 202 1700
0 78839 847 90
0 761993 2132 1430
1 89042 1889 1528
0 873446 333 97
1 953433 1797 1976
0 295983 2212 560
1 509121 1625 690
0 244589 1166 20
1 349196 1943 754
0 668559 863 139
1 732472 128 1520
1 40327 1036 2391
0 722494 541 1873
1 19762 2169 1557
0 227022 1507 363
1 127660 351 1520
1 350532 2182 600
0 904688 166 194
0 681633 1253 1265
0 734237 1655 152
0 888932 2298 816
0 815252 1190 1555
1 200918 831 1744
0 284032 2100 1925
1 157157 246 480
1 186723 1820 1393
0 180571 529 365
0 93329 2031 1963
0 31119 2275 1990
1 76643 2061 521
0 191153 2284 386
0 233577 479 2566
1 827011 2520 661
1 965569 903 1753
0 730324 1593 1516
1 564169 666 1016
0 800113 2594 1865
0 273194 1393 1648
1 175427 2143 1959
0 568294 1008 289
0 878645 2443 484
1 655977 2392 1699
1 710783 876 1588
1 120777 1826 1456
1 194590 1539 802
0 79176 1971 79
1 557162 2261 750
0 594690 1475 996
1 532250 1855 2556
1 98523 2078 2309
1 929681 753 2522
1 397347 1512 1679
1 986885 979 1957
0 591345 1456 1883
1 598004 1021 81
1 151108 2417 335
0 527266 2430 1937
0 418657 472 819
0 689764 466 1581
1 886631 1794 1762
1 819183 97 470
0 80209 164 2209
1 679857 1610 1018
0 742089 1901 1305
1 253114 1859 1954
1 323079 525 649
1 790871 1791 2195
1 772308 2183 1170
0 557144 77 847
0 277009 1058 2616
1 376641 2030 2458
1 123984 1842 2615
1 760018 2085 2427
1 407026 1132 1718
0 749303 738 2001
1 581809 2051 188
0 655067 2520 2378
1 704669 678 1716
0 36417 387 103
1 223774 1386 2
0 325223 2107 1712
1 367870 1214 1102
0 48413 1025 1221
1 861851 560 1735
0 49033 2112 138
0 692762 1575 678
0 154021 1898 611
1 163791 1274 2241
0 91453 2375 2401
0 466921 422 1907
0 597825 353 1564
0 268541 1590 821
0 784067 582 1988
1 426459 75 331
1 511574 2352 1706
1 617185 1925 616
0 869119 583 1018
0 724447 1888 717
0 54254 2547 166
0 947881 413 2388
1 358905 1041 265
1 487079 315 2458
1 211932 1586 1604
1 524750 427 637
0 361349 1993 2464
1 916828 1312 467
0 888617 1398 127
1 404101 1167 571
0 656636 922 2501
0 257064 1918 2006
1 370059 2349 2227
0 816485 2482 1679
1 908936 2552 1944
0 524515 1071 45
0 4299 1246 1544
1 286007 1116 1314
0 54404 44 1693
1 544087 2514 249
0 647249 14 1344
0 312931 1958 1649
0 194772 1616 1499
1 20108 2349 71
0 328735 2061 408
0 131856 1816 592
0 986324 1712 1645
1 778478 1419 2127
1 9941 1997 229
0 31299 581 1905
1 454342 1788 181
0 107265 1751 621
0 896338 1481 1763
0 109549 2083 492
1 481354 223 1197
0 642353 1083 124
1 539659 2067 2203
0 19994 568 1135
1 896729 1862 1197
1 255194 1456 476
0 8678 674 228
1 499380 248 1395
1 700985 1674 967
1 527594 2020 1120
1 802196 2257 2280
1 818403 1839 2365
1 484318 1583 2483
1 104663 2472 2122
0 322662 2009 1532
1 325308 2253 1104
0 721263 2155 749
0 896773 1159 367
0 845411 553 624
0 346100 1702 635
0 697378 1000 60
0 267632 570 1552
1 43439 2387 1027
1 258768 2624 936
0 892838 2228 1612
0 870478 2349 424
0 440483 215 42
1 730352 1496 1854
0 701519 283 932
1 37053 1445 410
0 621898 1380 944
0 444537 2334 437
1 866904 921 1459
0 201981 451 2379
0 807337 244 64
0 670546 1585 572
0 43445 2 1529
1 549785 2437 2049
1 886091 310 2266
1 377609 1433 2624
0 941263 2085 2459
0 272906 345 2163
1 513799 2143 2382
1 642806 919 2547
0 380664 177 364
0 162768 1548 1747
0 291873 1522 894
0 385562 2327 1828
1 104976 1884 1144
1 168012 953 246
1 516455 1779 1142
0 951783 1019 2487
1 52837 1105 1330
0 382452 1886 637
1 896858 1949 534
1 258679 1430 740
1 221454 1721 2170
0 488537 392 89
1 764890 37 1573
1 51882 777 338
0 826804 1725 885
1 811969 1997 503
1 459907 2081 220
1 757207 2030 540
1 643845 2509 211
0 328519 2380 1282
0 521783 450 490
0 849008 2367 1784
0 67014 1302 142
0 569689 2461 1538
0 976336 2291 760
0 215879 1075 774
1 653727 1433 1004
1 923534 295 1957
1 213947 1193 699
0 756972 239 1566
1 367296 971 1170
0 37607 477 2482
1 664728 780 1546
1 188406 1699 1642
0 91708 31 321
1 4976 1304 1972
1 507588 1189 1822
1 265816 1840 705
0 22797 1027 301
0 312875 604 1752
0 594522 617 959
0 704268 1111 1896
0 816053 2598 2266
1 903726 450 1368
0 544414 1250 2264
1 385790 2360 1703
1 839072 700 1017
0 587603 779 585
1 78751 2332 358
0 126720 2182 2151
1 124066 1285 2541
1 181688 2364 2011
1 268795 2421 1833
0 171806 565 1213
1 992137 2300 564
0 598475 724 720
0 595754 1519 747
0 428487 2306 2105
0 254855 1 1519
1 630286 631 1289
1 61554 1693 1239
1 479477 123 1795
1 969233 2582 1160
0 545113 588 407
1 696905 1927 11
1 640326 2378 2294
1 723744 910 2373
1 37775 1600 1280
1 42328 402 2390
0 451559 557 965
0 947796 1936 2423
0 710676 2111 1404
1 310368 949 968
0 365021 1228 1925
0 268463 167 1302
1 131708 2581 2166
0 151034 240 983
0 404812 1931 2522
1 130455 1578 393
1 994788 677 2232
0 1408 638 643
0 376967 1651 739
1 537747 2401 870
0 903502 279 493
0 786601 1594 580
1 23884 375 2343
0 556337 612 2155
0 503040 2245 1672
1 90054 1620 314
1 121265 2630 935
0 621537 2520 1631
0 937769 1145 469
1 751099 1027 486
1 731547 1534 879
0 608022 1730 2501
0 767507 1252 2233
1 869687 1210 2349
1 507090 640 1792
0 784246 551 75
1 388322 2274 888
1 175073 915 1743
1 492071 963 1462
1 779183 1373 1715
0 355052 569 1329
0 476664 1664 2577
1 690559 42 953
0 261397 1719 2128
0 603967 1021 2287
0 526697 604 1701
1 814257 1701 1854
1 645978 119 1844
0 381726 647 21
0 5537 815 1980
1 460735 707 1153
0 479598 1539 2399
0 993467 1870 2217
0 927618 2107 853
0 25857 207 697
0 418089 2318 70
0 597955 897 1437
0 863442 629 2160
1 252783 1295 404
0 577038 1675 2071
1 343087 579 2417
1 589630 2522 151
0 590467 2531 2578
1 54514 793 453
1 718712 342 40
1 472911 1250 278
0 984570 1581 2479
0 48960 311 1634
1 969012 1741 1209
0 103648 717 902
0 680343 426 783
0 814919 488 2203
0 33995 2619 237
0 745891 296 1749
0 511187 527 130
1 122340 1802 1093
1 424063 2061 2184
0 863404 2262 1780
0 471122 2372 2584
1 877096 1005 1029
0 853183 2361 2016
0 846092 228 802
1 686171 489 1949
0 164972 909 1626
0 810329 753 713
0 386362 356 2058
0 779469 683 603
1 290636 1506 575
0 43861 576 753
1 124841 80 1676
1 86592 1841 1678
0 762281 275 2268
0 994781 1369 723
1 867561 574 1560
1 734654 501 95
0 216804 2362 1873
0 712007 2550 712
0 231053 1423 1795
1 434557 2604 785
0 436613 24 1457
0 480663 1482 959
0 214066 1049 2182
1 560961 1112 831
0 721537 1563 796
1 265133 256 2580
0 453028 576 2486
1 500688 32 949
0 540688 1292 1982
1 683934 396 1947
0 888293 2159 1005
0 82864 2117 2334
1 374699 2417 310
0 920530 1400 1847
1 675655 1637 1078
1 626856 162 1231
0 916435 731 1923
1 384267 2015 715
0 295586 1565 2369
0 78723 1576 1398
1 825127 846 576
1 394060 1099 1679
1 533045 2552 2474
1 271532 1305 394
0 384964 775 777
1 312957 775 2138
0 666277 2154 436
0 863665 1282 50
0 201828 1461 2029
0 769553 1189 2550
1 526002 737 2072
1 549356 27 534
0 141450 730 2434
0 382413 311 49
0 770640 1519 1992
1 984368 2457 589
1 631364 1086 915
1 434108 319 1698
0 743558 1755 1389
0 422712 1801 1005
1 422534 993 206
0 806223 1144 1405
1 395358 330 1848
0 660660 833 733
0 993295 2249 1680
1 25024 2526 1057
1 159968 2180 1725
1 584552 2059 921
0 258614 158 1374
0 730442 1591 1541
0 559940 1672 65
1 577185 1671 1059
1 102926 666 897
0 278247 463 413
0 309648 2043 215
1 220947 341 2378
0 806840 690 2397
1 87096 1763 253
1 622138 815 372
1 256162 2429 1829
1 85315 1520 313
0 203605 409 1487
0 172852 2513 1921
0 353846 2038 1805
1 995773 784 2157
1 569701 265 1914
0 529093 964 1883
0 461247 190 1008
0 245967 1870 1568
1 819330 671 1421
1 408705 1113 1988
0 515457 2610 1976
1 872532 1667 2434
1 817088 1689 1508
1 584273 410 2303
1 331919 1050 1008
1 764311 808 2237
0 272987 1063 919
1 263993 90 804
0 732415 555 2130
0 893320 496 1745
1 895549 2444 1125
0 219921 445 620
0 958581 1599 2404
1 458551 441 115
0 313221 2572 2597
1 98762 521 2430
1 994772 1163 1846
0 105826 1957 46
1 255914 1025 703
0 133072 568 57
1 334644 737 585
1 349868 2590 1285
1 84809 2559 173
1 942823 2533 1087
1 401370 206 365
1 88719 2460 1392
0 477243 2247 682
0 644750 2258 2248
0 135902 61 540
0 841398 2152 259
1 490008 1756 1844
0 584024 2235 1674
1 888451 2212 2506
1 238449 391 969
1 60298 2222 2452
1 935014 1662 79
0 705652 1608 2385
0 712119 1926 2479
1 662442 2286 2274
1 693388 773 76
0 633880 2556 807
1 674168 699 17
0 706353 2126 2203
0 426064 808 2291
1 705893 2200 2179
1 709087 988 338
1 819409 1629 1160
1 292984 673 2135
0 325808 2071 1941
0 962308 1312 1506
0 444818 18 1638
0 85129 322 1302
1 665916 155 714
0 75782 1690 581
1 269843 86 404
0 8394 100 2044
1 870631 1688 2055
1 985797 2337 1137
0 51464 606 513
0 670759 2596 803
0 387907 1642 2003
0 696208 1970 2059
1 174336 1412 753
0 889850 1343 1073
1 206597 1212 790
0 815537 1110 836
0 580366 1383 379
0 451064 1250 2399
1 535723 219 795
1 252755 1428 2269
0 5316 2436 1429
1 898860 1319 1034
1 526582 2135 407
0 602980 2208 27
1 795333 1425 1948
0 960379 2508 759
1 301611 2474 2503
1 723426 806 2523
0 403695 2125 1868
1 880181 2433 1552
0 352340 1806 1978
0 4642 770 383
0 926668 2393 2160
0 170233 820 53
1 877710 1571 2053
1 46914 1486 2067
1 899795 1279 2300
0 37578 1339 1060
1 720566 610 430
0 760303 450 1255
0 97998 328 634
1 77527 92 2363
1 115074 936 2613
1 816218 1226 10
1 408370 1112 1702
0 652588 2436 67
0 478241 1947 1171
1 305117 1111 525
0 82078 303 2143
1 239313 1063 2297
0 733246 2501 1232
1 121062 1076 1283
1 63757 508 1837
0 753111 2237 1137
0 90584 271 2483
0 164377 2578 1900
0 704248 1314 128
0 554137 2067 576
0 40179 367 2510
0 186540 1454 2068
1 133972 1141 350
1 532944 808 2
0 205349 2019 1936
0 183713 239 480
1 98491 1294 621
1 477077 174 1259
1 30708 1196 749
1 811967 453 2254
1 248678 217 1339
1 518673 1602 1853
0 207505 1478 719
1 77025 1396 1521
0 834226 833 139
1 175511 263 285
0 558086 1058 95
0 62380 1845 1106
1 198011 2617 776
1 269647 1822 2578
0 769133 2588 1606
0 395855 2393 146
1 341749 2528 37
0 90399 2221 1553
1 577710 1836 38
0 83219 1143 1605
0 878668 1997 583
1 231699 1743 116
1 741281 2411 232
0 629044 2631 1810
1 640876 396 1017
1 514380 1129 941
1 443672 2398 2601
0 664752 316 1984
1 919873 557 2022
1 675349 771 479
0 688750 590 1154
0 784687 674 2053
0 605548 72 1471
0 344599 1685 1357
0 972960 366 2540
1 314498 542 697
0 582436 127 119
1 646184 974 416
1 305002 232 949
0 268476 1923 1263
1 436903 590 2170
0 98521 879 155
1 434166 637 2590
1 444099 1950 117
0 183093 2200 1012
0 160436 2278 701
0 765014 1851 1724
0 886584 130 2405
1 327397 756 1053
1 571755 1795 2406
0 771743 237 787
0 919395 2038 1963
1 216813 563 2080
1 554285 1847 963
1 930010 150 2418
0 574778 365 2564
0 913757 1837 308
0 514016 446 664
0 440922 1728 2603
1 531050 2182 1826
1 382389 1261 1404
1 113611 772 1561
0 161379 1803 2509
1 630504 756 1882
0 939497 1472 1503
1 457623 1722 1135
1 178585 579 611
0 744029 363 1292
1 819576 445 2223
0 909994 1417 733
1 42706 198 1451
0 823034 402 2157
0 375587 211 1715
0 226889 506 1719
1 517289 2488 928
1 508417 1325 2517
1 357927 1104 1265
0 416992 2015 1814
0 961388 1787 952
0 174477 831 1882
0 107855 2527 91
1 187616 1866 200
0 740692 703 807
1 242797 1221 2496
0 257796 2272 918
1 159406 1074 2498
0 179640 451 767
1 236571 1163 2117
1 902931 997 1281
1 611502 1438 989
1 112128 1741 2201
1 165402 537 1411
0 978461 1628 2321
0 858312 57 264
0 611630 2528 422
0 867729 1975 2421
0 517980 1334 1893
1 393749 12 1771
0 374781 702 418
1 377091 2462 446
1 456768 2104 1185
0 419804 799 839
1 326861 2197 1150
1 485596 1534 2079
1 142952 2055 656
1 416191 1925 2245
1 797161 700 1687
1 997908 2230 2092
0 412884 2139 257
0 966861 1483 1285
1 254122 2412 856
1 47515 2007 1005
1 453713 1497 885
0 401655 1535 1700
0 799654 493 1223
1 340445 851 2609
0 324269 241 734
0 681594 979 866
0 799796 1644 2449
0 996745 2061 673
1 447530 2499 808
1 434045 2470 363
1 21073 2327 1330
0 487397 1055 36
0 446658 2040 124
0 101799 2466 675
0 611700 1086 793
0 200490 1961 2452
0 270859 1138 1475
0 940686 1862 2604
0 499814 2581 979
1 924036 2308 2293
1 176776 178 1530
0 974812 1839 2045
0 468559 601 1569
0 315374 260 1695
1 388327 2435 569
1 752399 329 537
1 52857 933 1361
0 729936 358 1444
0 186047 453 262
0 835897 19 1457
1 439397 1028 1577
0 40236 2607 567
1 312603 1928 903
1 835539 1033 2566
0 214578 2010 2173
0 483596 640 88
0 763490 1065 162
1 485320 645 2108
1 147891 525 2265
1 964059 2629 1405
1 617575 2284 2011
0 625275 1564 1586
0 907358 918 2465
1 383450 2469 2370
1 526475 1029 907
0 458306 1529 1986
0 691382 1408 2164
0 648510 267 2523
0 761156 2580 1836
1 461457 214 1229
1 273054 1929 442
0 961921 1611 2136
0 57063 2341 58
1 44589 1050 2065
0 690130 2427 1031
0 439328 2437 40
1 732300 1128 1971
0 683032 2074 1875
1 107550 1173 2078
1 959165 213 1231
1 961590 2541 390
0 788694 1761 1458
1 511700 1675 1343
0 994104 1493 1728
0 693780 174 1239
1 220821 2499 788
1 415704 58 2124
1 548443 878 1937
0 207849 109 2508
0 320003 1046 2498
1 666652 1170 224
1 136790 1375 1462
1 718297 1537 2242
1 358011 1845 1351
0 924739 327 1783
1 267822 2078 590
1 29251 401 1037
0 621847 2174 2564
0 904127 1710 805
1 933487 2414 440
1 908940 308 1286
0 649257 477 1119
0 658629 2423 103
0 4065 2403 30
0 805627 1855 1642
1 156432 602 32
0 759909 468 2604
0 381471 1369 419
0 771296 540 128
0 459714 1646 2629
1 33983 1007 2351
1 622625 787 1144
1 548138 5 2370
1 561200 594 1212
1 639238 1632 922
1 147638 1058 2191
0 602190 1439 923
1 535275 1989 961
0 78570 726 401
1 30679 1008 1488
1 774803 2366 102
0 709056 1381 153
0 171784 2625 2336
1 160716 2360 2014
1 580030 521 718
1 872139 543 952
0 600142 1850 1699
0 18517 2550 14
0 54363 318 1719
0 550225 104 2158
0 470740 2013 312
0 683241 1976 1357
0 458319 240 798
1 423007 1471 776
1 455184 580 579
1 448784 2480 1236
1 727222 2559 1813
0 875437 1889 761
1 114565 2080 1590
0 133078 1633 2592
0 314865 877 1033
1 30018 1954 673
1 307351 270 1202
1 145462 2337 2393
1 625109 1124 2420
0 606952 1933 555
0 807844 920 1501
0 104092 1892 521
0 835503 2403 1596
1 834059 2409 2240
0 223114 1025 1970
1 632876 1749 68
0 674249 402 1925
1 155722 860 114
1 868492 1710 2318
1 821251 437 334
1 167884 1749 1171
0 221516 970 1871
1 287823 1564 610
0 229282 275 705
0 157997 1230 718
1 517605 98 238
0 813465 2590 2144
1 528175 2082 2533
1 876772 1106 1925
0 259687 1042 74
1 345881 2176 905
0 656267 2255 880
1 93202 679 1921
1 709323 1635 247
0 493191 1119 63
1 663594 2303 2283
0 644118 405 670
1 607904 946 2101
0 936195 2036 2033
1 747332 1486 1372
1 60028 1754 2469
1 215402 232 824
0 431859 443 1814
0 407541 2417 872
0 703773 2274 744
1 838518 2046 2532
0 759378 1961 330
0 325940 325 2014
1 928656 394 2511
0 589109 1339 1626
1 175511 1003 2221
1 131575 80 1818
1 224215 2504 2221
1 684184 1342 1161
0 883704 2225 1248
0 724733 743 411
1 208256 1878 663
0 564408 50 395
0 488464 1972 2616
0 533004 1652 1949
0 589953 2024 1689
1 257670 1609 2058
0 675304 647 770
0 262842 2231 617
0 647978 44 1209
1 662253 1667 516
1 898398 2007 2023
0 119326 2403 2471
1 91330 2308 1807
0 949751 2422 53
0 402430 1150 451
0 274462 2261 2066
1 992316 1837 1157
1 225499 1339 298
1 292414 2540 2204
1 537941 1544 1376
1 234858 2002 2171
0 579132 500 154
1 226639 160 343
1 444595 244 2189
0 713553 526 1666
0 268736 342 1502
0 941292 1925 2279
0 653134 1263 1307
0 678622 763 1399
0 340965 2252 2040
0 259384 554 890
