100 100 200
1 76 79 97
0 74 98 95
0 75 22 46
0 43 80 56
1 53 85 1
1 51 48 15
0 91 7 7
1 93 70 100
0 15 15 30
1 75 62 14
1 51 77 5
0 28 71 61
1 38 61 50
0 82 45 50
0 18 80 50
1 28 43 49
0 99 52 94
0 42 70 9
0 35 71 55
1 37 4 5
0 52 43 45
1 93 88 24
1 79 70 91
0 82 51 68
1 53 4 47
0 11 23 32
0 62 21 58
0 83 60 91
0 83 41 53
0 12 61 36
0 15 60 3
1 52 63 5
1 29 70 20
1 65 41 85
0 75 3 38
1 70 75 22
1 39 11 57
1 37 78 86
1 17 10 19
0 81 22 17
0 36 35 85
0 25 80 98
1 54 100 88
1 78 19 79
1 6 70 87
1 94 26 98
0 4 2 43
0 10 3 89
0 27 32 12
1 60 27 10
0 54 34 64
1 90 95 59
0 14 57 93
1 55 95 62
1 48 9 45
0 43 8 27
0 44 11 56
0 42 5 96
0 11 71 6
1 22 35 12
1 93 74 74
0 66 67 35
0 3 88 53
0 21 30 25
1 65 62 96
0 50 39 4
1 15 87 98
1 35 27 77
0 58 80 12
1 98 87 85
0 5 89 56
1 63 77 50
0 88 15 77
1 43 21 98
0 11 75 75
0 24 56 18
1 9 75 29
0 95 20 58
0 65 61 24
1 63 42 10
0 44 80 14
1 40 49 88
0 71 44 3
1 54 37 64
0 6 93 23
0 74 67 99
1 20 71 67
1 47 82 27
1 32 85 44
1 40 68 87
1 18 11 67
0 25 19 87
1 73 77 21
1 89 76 71
1 22 28 42
1 83 75 39
1 1 71 54
1 65 19 98
1 80 14 11
0 91 63 77
0 91 3 63
1 54 69 34
1 48 12 100
1 79 17 47
1 62 52 7
1 77 1 65
0 82 62 89
1 72 91 48
1 20 6 68
1 79 19 30
0 86 64 45
1 13 85 6
0 65 68 93
1 84 32 53
0 68 96 23
0 52 63 73
1 98 29 18
1 3 54 20
0 60 36 67
0 11 39 2
1 23 2 18
1 85 15 49
0 49 79 55
1 10 67 12
1 94 73 48
0 90 27 22
0 90 92 31
1 9 45 22
0 41 77 44
1 73 81 98
0 86 42 90
1 76 46 59
1 27 17 93
1 15 59 96
1 58 11 94
1 15 40 87
1 51 16 85
1 6 29 22
1 8 64 53
1 76 65 26
1 86 29 38
1 11 51 86
0 54 62 37
0 56 57 82
1 83 54 48
1 69 27 27
1 61 18 83
1 9 5 89
0 24 40 42
1 72 54 90
1 60 22 88
1 66 72 67
1 80 80 53
1 56 24 81
1 13 19 82
1 40 24 83
1 33 87 33
1 31 78 72
1 37 73 78
1 11 61 97
1 12 42 20
0 87 84 26
1 76 65 89
1 83 76 90
0 28 87 57
1 58 58 91
0 47 78 70
0 46 41 11
0 11 31 85
0 40 22 53
1 11 97 98
0 26 65 55
0 96 27 34
1 42 80 64
1 61 75 33
0 35 3 23
0 2 55 64
0 65 92 62
0 95 52 88
0 23 15 26
1 35 30 89
1 95 30 93
1 39 100 84
1 62 93 67
1 1 36 30
0 24 46 8
0 44 41 6
1 82 21 68
1 93 42 93
1 81 73 53
1 21 2 12
0 40 55 28
0 84 8 44
0 1 52 14
0 9 51 9
0 21 93 69
0 8 94 30
1 75 41 34
1 66 31 61
1 49 33 59
